2 2 2 2

2 2 2 2

3 3 3 3

3 3 3 3

3 3 3 3

3 3 3 3

2 2 3 3

3 3 3 3

3 3 3 3

3 3 3 3

3 3 2 2

3 3 2 2

1 1 1 1

1 1 1 1

2 2 2 2

2 2 2 2

2 2 2 2

2 2 2 2

2 2 2 2

2 2 2 2

2 2 2 2

2 2 2 2

2 2 2 2

2 2 2 2

2 2 2 2

3 3 2 2

3 3 2 2

3 3 2 2

3 3 2 2

1 1 1 1

1 1 1 1

1 1 1 1

1 1 1 1

3 3 3 3

3 3 3 3

3 3 3 3

3 3 3 3

3 3 3 3

3 3 3 3

3 3 3 3

3 3 3 3

2 2 2 2

2 2 3 3

2 2 3 3

2 2 3 3

2 2 3 3

2 2 3 3

2 2 3 3

2 2 2 2

2 2 2 2

2 2 2 2

2 2 2 2

2 2 2 2

2 2 2 2

2 2 2 2

3 3 3 3

3 3 3 3

3 3 3 3

3 3 3 3

2 2 2 2

2 2 2 2

2 2 2 2

2 2 2 2

2 2 2 2

2 2 2 2

2 2 3 3

3 3 3 3

3 3 3 3

3 3 3 3

3 3 3 3

3 3 3 3

3 3 3 3

3 3 3 3

3 3 3 3

3 3 3 3

3 3 3 3

2 2 2 2

2 2 2 2

2 2 2 2

2 2 2 2

2 2 2 2

2 2 2 2

2 2 2 2

2 2 2 2

1 1 2 2

1 1 1 1

2 2 2 2

2 2 2 2

2 2 3 3

2 2 3 3

2 2 3 3

2 2 3 3

2 2 3 3

2 2 3 3

2 2 3 3

2 2 3 3

2 2 2 2

2 2 2 2

2 2 2 2

2 2 2 2

2 2 2 2

1 1 1 1

1 1 1 1

1 1 1 1

1 1 1 1

2 2 2 2

2 2 2 2

2 2 2 2

2 2 2 2

2 2 2 2

2 2 2 2

2 2 2 2

3 3 3 3

3 3 3 3

3 3 3 3

4 4 4 4

4 4 4 4

4 4 4 4

4 4 8 8

4 4 8 8

5 5 8 8

5 5 10 10

5 5 10 10

5 5 10 10

3 3 7 7

3 3 3 3

3 3 3 3

2 2 2 2

2 2 2 2

2 2 2 2

2 2 2 2

2 2 2 2

2 2 2 2

2 2 2 2

2 2 2 2

2 2 2 2

2 2 2 2

2 2 2 2

2 2 2 2

2 2 2 2

2 2 2 2

2 2 2 2

2 2 2 2

2 2 2 2

2 2 2 2

2 2 2 2

2 2 2 2

2 2 3 3

2 2 3 3

2 2 3 3

2 2 3 3

2 2 3 3

2 2 3 3

2 2 3 3

2 2 3 3

2 2 3 3

2 2 3 3

2 2 2 2

2 2 2 2

3 3 3 3

3 3 3 3

3 3 3 3

3 3 3 3

3 3 3 3

3 3 3 3

3 3 3 3

3 3 3 3

3 3 3 3

3 3 3 3

3 3 3 3

3 3 3 3

2 2 3 3

2 2 2 2

2 2 2 2

2 2 2 2

3 3 3 3

3 3 3 3

3 3 3 3

3 3 3 3

3 3 3 3

3 3 3 3

3 3 3 3

3 3 3 3

2 2 3 3

2 2 3 3

3 3 3 3

3 3 3 3

3 3 3 3

3 3 3 3

3 3 3 3

2 2 2 2

2 2 2 2

2 2 2 2

1 1 2 2

1 1 2 2

2 2 2 2

2 2 2 2

2 2 2 2

2 2 3 3

2 2 3 3

2 2 3 3

2 2 3 3

2 2 3 3

2 2 2 2

2 2 2 2

2 2 2 2

2 2 2 2

3 3 3 3

3 3 3 3

3 3 3 3

3 3 3 3

3 3 3 3

3 3 3 3

3 3 3 3

3 3 2 2

2 2 2 2

1 1 2 2

1 1 2 2

2 2 2 2

2 2 2 2

2 2 2 2

3 3 3 3

3 3 3 3

3 3 3 3

3 3 3 3

3 3 3 3

1 1 2 2

1 1 2 2

1 1 2 2

1 1 2 2

1 1 3 3

2 2 3 3

2 2 3 3

2 2 3 3

2 2 3 3

2 2 3 3

1 1 2 2

1 1 2 2

2 2 2 2

2 2 2 2

2 2 3 3

2 2 3 3

2 2 3 3

2 2 3 3

2 2 2 2

3 3 3 3

3 3 3 3

3 3 3 3

3 3 3 3

3 3 3 3

2 2 3 3

2 2 2 2

2 2 2 2

2 2 2 2

2 2 2 2

2 2 2 2

2 2 2 2

2 2 1 1

2 2 2 2

3 3 3 3

3 3 3 3

3 3 3 3

3 3 3 3

2 2 2 2

3 3 3 3

3 3 3 3

3 3 3 3

3 3 3 3

3 3 3 3

2 2 2 2

2 2 2 2

3 3 3 3

3 3 3 3

3 3 3 3

3 3 3 3

3 3 3 3

2 2 3 3

2 2 2 2

3 3 3 3

