2.0 2.0 1.0 1.0

2.0 2.0 2.0 2.0

2.0 2.0 2.0 2.0

2.5 2.5 2.0 2.0

2.0 2.0 1.0 1.0

2.5 2.5 3.0 3.0

1.5 1.5 1.0 1.0

2.5 2.5 2.0 2.0

2.5 2.5 2.5 2.5

2.5 2.5 2.5 2.5

3.0 3.0 1.5 1.5

3.0 3.0 1.5 1.5

1.0 1.0 1.0 1.0

1.0 1.0 1.0 1.0

1.5 1.5 1.5 1.5

1.5 1.5 2.0 2.0

2.0 2.0 2.0 2.0

2.0 2.0 2.0 2.0

2.0 2.0 2.0 2.0

2.0 2.0 2.0 2.0

2.0 2.0 2.0 2.0

2.0 2.0 2.0 2.0

1.5 1.5 1.5 1.5

2.0 2.0 2.0 2.0

2.0 2.0 1.0 1.0

2.0 2.0 2.0 2.0

2.5 2.5 2.0 2.0

2.0 2.0 2.0 2.0

2.0 2.0 1.0 1.0

1.0 1.0 1.0 1.0

1.0 1.0 1.0 1.0

1.0 1.0 1.0 1.0

1.0 1.0 1.0 1.0

1.0 1.0 1.0 1.0

1.0 1.0 1.0 1.0

3.0 3.0 2.0 2.0

3.0 3.0 2.0 2.0

3.0 3.0 3.0 3.0

3.0 3.0 3.0 3.0

3.0 3.0 3.0 3.0

2.0 2.0 2.0 2.0

2.0 2.0 2.0 2.0

2.0 2.0 2.0 2.0

2.0 2.0 3.0 3.0

2.0 2.0 3.0 3.0

2.0 2.0 3.0 3.0

2.0 2.0 2.0 2.0

2.0 2.0 2.5 2.5

2.0 2.0 2.0 2.0

2.0 2.0 2.0 2.0

1.5 1.5 1.5 1.5

2.0 2.0 2.0 2.0

2.0 2.0 2.0 2.0

2.0 2.0 1.0 1.0

2.0 2.0 2.0 2.0

2.0 2.0 2.0 2.0

2.0 2.0 2.0 2.0

2.0 2.0 2.0 2.0

2.0 2.0 2.0 2.0

1.5 1.5 2.0 2.0

2.0 2.0 2.0 2.0

2.0 2.0 2.0 2.0

2.0 2.0 2.0 2.0

2.0 2.0 2.0 2.0

2.0 2.0 1.5 1.5

2.0 2.0 2.0 2.0

2.0 2.0 2.5 2.5

2.0 2.0 2.5 2.5

2.0 2.0 3.0 3.0

1.5 1.5 2.0 2.0

3.0 3.0 3.0 3.0

3.0 3.0 3.0 3.0

3.0 3.0 3.0 3.0

3.0 3.0 3.0 3.0

2.0 2.0 2.0 2.0

2.0 2.0 2.0 2.0

1.5 1.5 1.5 1.5

2.0 2.0 2.0 2.0

2.0 2.0 2.0 2.0

2.0 2.0 2.0 2.0

2.0 2.0 2.0 2.0

2.0 2.0 2.0 2.0

1.0 1.0 2.0 2.0

1.0 1.0 2.0 2.0

1.0 1.0 1.5 1.5

1.0 1.0 1.0 1.0

1.0 1.0 1.5 1.5

1.0 1.0 2.0 2.0

2.0 2.0 2.5 2.5

2.0 2.0 2.0 2.0

2.0 2.0 2.0 2.0

2.0 2.0 3.0 3.0

1.0 1.0 1.5 1.5

2.0 2.0 2.0 2.0

1.5 1.5 2.0 2.0

1.5 1.5 2.0 2.0

2.0 2.0 2.0 2.0

1.5 1.5 2.0 2.0

1.5 1.5 2.0 2.0

1.0 1.0 1.0 1.0

1.0 1.0 1.0 1.0

1.0 1.0 1.0 1.0

1.0 1.0 1.0 1.0

1.0 1.0 1.0 1.0

1.0 1.0 1.0 1.0

1.0 1.0 1.0 1.0

1.0 1.0 1.0 1.0

1.0 1.0 1.0 1.0

1.5 1.5 1.5 1.5

1.0 1.0 1.0 1.0

1.0 1.0 1.0 1.0

1.5 1.5 1.5 1.5

2.0 2.0 2.0 2.0

2.0 2.0 2.0 2.0

2.0 2.0 2.0 2.0

3.0 3.0 3.0 3.0

2.5 2.5 2.5 2.5

1.0 1.0 3.0 3.0

1.5 1.5 3.0 3.0

2.5 2.5 3.5 3.5

1.5 1.5 7.0 7.0

1.0 1.0 9.0 9.0

1.0 1.0 4.0 4.0

2.0 2.0 6.5 6.5

1.5 1.5 3.0 3.0

2.0 2.0 3.0 3.0

2.5 2.5 2.0 2.0

2.0 2.0 2.0 2.0

1.5 1.5 1.5 1.5

1.0 1.0 1.5 1.5

1.0 1.0 1.5 1.5

1.0 1.0 1.5 1.5

1.0 1.0 1.5 1.5

2.0 2.0 2.0 2.0

2.0 2.0 2.0 2.0

2.0 2.0 2.0 2.0

2.0 2.0 2.0 2.0

2.0 2.0 2.0 2.0

2.0 2.0 2.0 2.0

2.0 2.0 2.0 2.0

2.0 2.0 2.0 2.0

2.0 2.0 2.0 2.0

2.0 2.0 2.0 2.0

2.0 2.0 2.0 2.0

1.0 1.0 2.0 2.0

2.0 2.0 2.0 2.0

1.5 1.5 2.0 2.0

1.0 1.0 2.0 2.0

1.5 1.5 2.5 2.5

2.0 2.0 2.0 2.0

1.5 1.5 2.0 2.0

1.0 1.0 2.0 2.0

2.0 2.0 2.0 2.0

2.0 2.0 2.0 2.0

2.0 2.0 2.0 2.0

2.0 2.0 2.0 2.0

2.0 2.0 2.0 2.0

2.0 2.0 2.0 2.0

2.0 2.0 2.0 2.0

2.0 2.0 2.0 2.0

2.0 2.0 2.0 2.0

3.0 3.0 3.0 3.0

3.0 3.0 3.0 3.0

3.0 3.0 3.0 3.0

2.0 2.0 2.0 2.0

2.0 2.0 2.0 2.0

2.0 2.0 2.0 2.0

2.0 2.0 1.5 1.5

2.0 2.0 3.0 3.0

2.0 2.0 3.0 3.0

2.0 2.0 3.0 3.0

2.0 2.0 2.0 2.0

1.5 1.5 1.5 1.5

1.0 1.0 1.0 1.0

1.5 1.5 1.5 1.5

1.5 1.5 1.5 1.5

1.5 1.5 2.0 2.0

2.0 2.0 3.0 3.0

3.0 3.0 3.0 3.0

1.5 1.5 2.0 2.0

2.0 2.0 3.0 3.0

2.0 2.0 2.0 2.0

2.0 2.0 2.0 2.0

2.0 2.0 2.0 2.0

1.0 1.0 2.0 2.0

2.0 2.0 3.0 3.0

2.0 2.0 3.0 3.0

1.0 1.0 3.0 3.0

2.0 2.0 2.0 2.0

2.0 2.0 2.0 2.0

1.5 1.5 2.0 2.0

1.0 1.0 2.0 2.0

1.0 1.0 2.0 2.0

1.0 1.0 2.0 2.0

1.0 1.0 1.5 1.5

1.0 1.0 2.0 2.0

1.0 1.0 1.5 1.5

1.0 1.0 1.5 1.5

1.5 1.5 1.5 1.5

1.0 1.0 1.0 1.0

1.5 1.5 1.5 1.5

2.0 2.0 2.0 2.0

1.5 1.5 1.5 1.5

1.0 1.0 1.0 1.0

1.5 1.5 1.5 1.5

1.0 1.0 1.0 1.0

1.0 1.0 1.5 1.5

2.0 2.0 2.5 2.5

1.0 1.0 2.0 2.0

1.0 1.0 3.0 3.0

1.0 1.0 3.0 3.0

2.0 2.0 3.0 3.0

1.0 1.0 2.5 2.5

1.0 1.0 2.0 2.0

3.0 3.0 1.5 1.5

1.5 1.5 1.0 1.0

1.0 1.0 1.0 1.0

1.0 1.0 1.0 1.0

1.0 1.0 2.0 2.0

1.0 1.0 2.0 2.0

1.0 1.0 2.0 2.0

2.0 2.0 2.0 2.0

2.0 2.0 2.0 2.0

1.0 1.0 2.0 2.0

1.0 1.0 2.0 2.0

1.0 1.0 2.0 2.0

1.0 1.0 1.0 1.0

1.0 1.0 1.0 1.0

1.0 1.0 1.0 1.0

1.0 1.0 2.0 2.0

1.0 1.0 2.0 2.0

1.0 1.0 3.0 3.0

1.0 1.0 2.5 2.5

1.0 1.0 3.0 3.0

1.0 1.0 2.0 2.0

1.0 1.0 2.0 2.0

1.0 1.0 2.0 2.0

1.0 1.0 2.0 2.0

1.0 1.0 2.0 2.0

1.5 1.5 2.0 2.0

2.0 2.0 2.0 2.0

2.0 2.0 2.0 2.0

2.0 2.0 2.0 2.0

1.0 1.0 1.0 1.0

1.0 1.0 1.0 1.0

1.0 1.0 1.0 1.0

1.0 1.0 1.0 1.0

2.0 2.0 3.0 3.0

2.0 2.0 3.0 3.0

2.0 2.0 3.0 3.0

2.0 2.0 2.0 2.0

1.0 1.0 2.0 2.0

2.0 2.0 2.0 2.0

1.0 1.0 2.0 2.0

2.0 2.0 2.0 2.0

2.0 2.0 1.0 1.0

1.5 1.5 1.0 1.0

1.0 1.0 1.0 1.0

1.0 1.0 1.0 1.0

1.0 1.0 1.0 1.0

1.0 1.0 1.0 1.0

1.0 1.0 1.0 1.0

2.0 2.0 2.0 2.0

1.0 1.0 1.0 1.0

2.0 2.0 2.0 2.0

2.0 2.0 2.0 2.0

2.0 2.0 2.0 2.0

1.0 1.0 2.0 2.0

2.0 2.0 2.0 2.0

1.0 1.0 2.0 2.0

1.5 1.5 2.0 2.0

2.0 2.0 2.0 2.0

1.0 1.0 1.5 1.5

2.0 2.0 3.0 3.0

2.0 2.0 3.0 3.0

2.0 2.0 3.0 3.0

2.0 2.0 2.0 2.0

1.0 1.0 2.0 2.0

2.0 2.0 2.0 2.0

