79 84638 62 32166

75 81231 56 30563

62 67764 37 19404

55 57737 34 18352

59 60487 43 22093

49 52575 38 16669

55 60353 41 17955

82 76245 114 112177

343 263825 4022 5551641

388 304445 4190 5752814

398 315098 4193 5757576

405 321091 4199 5761072

381 307703 4129 5667955

136 141486 223 229835

84 95573 46 27091

81 93071 44 22915

75 85551 41 24086

74 84295 38 23317

81 87798 52 36553

91 97046 60 41407

99 101821 75 49053

96 100938 69 43235

121 128711 92 66497

93 98489 76 51664

88 94442 77 52796

82 92151 62 45813

108 99450 203 223328

104 91660 196 214602

275 249416 3703 4589935

338 302932 4127 5091379

334 296682 4132 5094339

321 305073 4000 4922141

300 285004 3984 4907225

126 123762 481 533248

62 69179 52 24624

55 61979 42 18972

43 45470 40 16648

40 43063 39 16239

49 51904 41 20055

49 51039 41 20843

51 53725 43 21757

48 50714 36 18474

59 62372 37 19221

65 73766 30 14268

72 81782 35 15869

73 82838 36 16226

75 85663 42 21135

71 82399 45 22376

63 69092 48 23681

52 56557 40 20875

61 65968 43 22048

56 59218 40 18132

54 53987 39 17449

49 47338 43 17999

50 49986 43 18031

53 51412 56 31509

55 55646 54 31565

78 82829 65 37231

88 98040 62 37550

86 93745 63 37589

87 95116 56 26283

85 92691 52 23707

61 65878 44 19108

52 53126 38 15540

65 66379 50 27468

54 56520 42 24530

56 59233 47 26667

76 78488 129 135113

82 83619 139 141254

70 72071 127 128904

74 76091 130 129853

67 67590 125 127634

51 54702 40 18635

73 82635 52 32988

85 98503 56 36666

78 91688 50 34928

88 101438 61 39265

81 93427 64 39282

58 65969 55 23797

43 47011 48 19124

50 53224 64 27656

48 52495 60 25946

54 57798 57 28001

57 60426 51 26005

65 66925 59 30119

70 74124 49 24465

66 70165 46 23436

69 74661 43 20189

93 105039 43 20207

82 95642 33 15149

77 89083 36 16246

87 99090 44 22174

92 102872 61 30118

69 75384 65 33448

80 90533 69 34852

82 91835 65 33267

72 80236 54 26504

279 224854 4211 5213936

348 287486 5063 6252094

357 293075 5077 6260962

377 313720 5102 6277087

378 315206 5105 6277765

254 247991 1242 1426089

299 341609 398 393638

324 374686 392 392254

297 346632 364 374363

303 353543 367 376159

219 273906 68 43645

105 112507 64 38202

68 67748 58 32502

72 71256 66 41990

79 80353 69 43124

61 63594 54 30395

69 76548 51 29608

66 72033 45 26322

54 60294 31 13938

42 43178 33 19962

44 44867 31 18744

20 18373 17 12124

17 14966 21 18978

19 17156 21 18978

19 19582 9 8777

42 49691 20 13522

51 59782 26 15727

61 72125 26 10676

80 89452 50 25082

79 90354 51 25393

68 72860 50 24656

69 72560 58 34975

63 64146 57 34702

54 59058 40 23410

52 54925 41 23883

53 54840 52 30534

52 53925 46 24031

60 64723 51 26198

54 57033 53 26598

72 75972 61 32862

87 98307 51 26801

82 93941 47 22280

72 82823 43 20282

90 101332 54 25351

77 89068 50 21196

58 63604 54 26305

64 70339 55 26731

72 80517 57 27854

59 67424 47 26169

66 73820 51 27275

59 66803 38 18318

66 72758 48 22071

58 61568 45 20810

59 63223 40 15771

57 60205 43 19702

60 63640 43 19784

72 81954 37 17726

80 91752 39 21215

86 98902 46 24249

80 91780 41 19383

85 97022 45 20931

65 71104 44 20426

53 57738 39 15522

57 61375 43 19956

51 56583 36 17140

49 54237 41 19179

61 68794 42 19322

71 78882 52 26002

72 78139 49 22357

72 77915 49 22277

81 87639 47 21381

71 75706 44 20539

92 104762 47 22094

93 108018 47 21971

95 110298 50 23077

85 98590 49 22908

91 102730 61 30277

66 69783 51 23303

50 51361 46 20699

56 59223 43 19622

61 65905 47 21262

51 56327 37 17521

55 59382 40 19287

61 67399 38 18873

57 60429 46 21788

63 65450 53 28202

62 65262 48 23221

83 96863 52 23970

72 83378 49 22541

76 90014 48 22435

74 90207 36 13477

78 93637 44 20370

57 62408 45 20733

72 78029 55 28471

70 75157 54 27947

63 65837 57 29383

65 70791 50 23056

59 65711 43 20468

50 57174 39 15110

60 66969 44 19872

67 76221 48 21381

57 63639 45 20110

89 101075 55 28994

98 112479 52 29332

91 105948 50 25783

78 90325 46 27896

88 101898 52 30403

61 68394 48 23802

52 55404 54 29548

54 57115 50 28393

49 51958 42 21669

54 54764 52 28540

49 50746 42 24626

50 50648 46 22566

41 41115 43 20957

59 57578 57 26419

51 50114 46 19016

74 76497 58 26650

75 80868 51 22743

78 83946 51 23086

77 84114 51 26724

77 83150 51 26994

58 61338 42 20812

60 61359 48 22862

53 53847 44 21035

48 51582 38 15325

52 56272 43 20065

50 54057 45 20656

50 55604 40 19172

59 64097 47 24820

62 65642 49 25557

60 63850 49 22486

78 86224 48 22007

81 88637 54 24052

76 84491 49 19141

73 81046 53 23414

76 84700 49 22072

54 58039 45 20588

63 67362 48 24982

66 68912 52 26670

67 70339 45 21041

56 59048 41 19333

64 66992 47 21814

50 52632 36 14383

53 56877 40 18657

54 58494 42 19412

63 67747 47 23296

85 92191 59 31622

77 83524 54 29567

77 85071 51 25948

71 78638 47 24607

66 71861 43 21469

45 48637 33 13845

53 56182 38 18668

53 55553 41 19908

51 50976 43 20409

61 62665 63 32270

57 58034 61 31421

52 52605 59 27944

55 55783 57 26806

59 61733 64 31129

52 55739 46 19731

60 64378 51 24755

92 107445 53 25490

87 102411 53 25441

86 101049 46 24242

91 105081 51 26346

78 90606 40 19295

50 52911 40 19621

53 55740 37 18850

46 49236 32 13918

52 53037 37 15764

56 59027 43 21011

57 59879 45 21731

53 54645 48 25442

61 62703 52 27118

52 56573 41 22854

49 52691 38 18444

70 80288 37 17969

72 81938 36 14632

67 76856 35 13951

63 71080 38 17837

