1.6666666666666667 1.6666666666666667 1.3333333333333333 1.3333333333333333

1.6666666666666667 1.6666666666666667 1.6666666666666667 1.6666666666666667

2.0 2.0 2.0 2.0

2.5 2.5 2.0 2.0

2.0 2.0 1.6666666666666667 1.6666666666666667

2.5 2.5 2.3333333333333335 2.3333333333333335

1.5 1.5 1.6666666666666667 1.6666666666666667

2.5 2.5 2.0 2.0

2.5 2.5 2.5 2.5

2.5 2.5 2.5 2.5

3.0 3.0 1.5 1.5

3.0 3.0 1.5 1.5

1.0 1.0 1.0 1.0

1.0 1.0 1.0 1.0

1.5 1.5 1.5 1.5

1.5 1.5 2.0 2.0

1.6666666666666667 1.6666666666666667 2.0 2.0

2.0 2.0 2.0 2.0

2.0 2.0 2.0 2.0

2.0 2.0 2.0 2.0

2.0 2.0 2.0 2.0

1.6666666666666667 1.6666666666666667 1.6666666666666667 1.6666666666666667

1.5 1.5 1.5 1.5

1.6666666666666667 1.6666666666666667 1.6666666666666667 1.6666666666666667

1.6666666666666667 1.6666666666666667 1.3333333333333333 1.3333333333333333

2.0 2.0 1.6666666666666667 1.6666666666666667

2.5 2.5 2.0 2.0

2.0 2.0 1.6666666666666667 1.6666666666666667

2.0 2.0 1.3333333333333333 1.3333333333333333

1.0 1.0 1.0 1.0

1.0 1.0 1.0 1.0

1.0 1.0 1.0 1.0

1.0 1.0 1.0 1.0

1.5 1.5 1.4 1.4

1.6666666666666667 1.6666666666666667 1.5 1.5

2.3333333333333335 2.3333333333333335 2.0 2.0

2.3333333333333335 2.3333333333333335 2.0 2.0

3.0 3.0 3.0 3.0

2.6666666666666665 2.6666666666666665 2.6666666666666665 2.6666666666666665

2.6666666666666665 2.6666666666666665 2.6666666666666665 2.6666666666666665

2.3333333333333335 2.3333333333333335 2.3333333333333335 2.3333333333333335

1.75 1.75 2.0 2.0

2.0 2.0 2.3333333333333335 2.3333333333333335

2.0 2.0 2.6666666666666665 2.6666666666666665

2.0 2.0 2.6666666666666665 2.6666666666666665

2.0 2.0 2.6666666666666665 2.6666666666666665

1.6666666666666667 1.6666666666666667 2.0 2.0

2.0 2.0 2.5 2.5

2.0 2.0 2.0 2.0

1.6666666666666667 1.6666666666666667 1.6666666666666667 1.6666666666666667

1.5 1.5 1.5 1.5

1.6666666666666667 1.6666666666666667 1.6666666666666667 1.6666666666666667

1.6666666666666667 1.6666666666666667 1.6666666666666667 1.6666666666666667

1.6666666666666667 1.6666666666666667 1.3333333333333333 1.3333333333333333

2.0 2.0 1.6666666666666667 1.6666666666666667

2.3333333333333335 2.3333333333333335 2.0 2.0

2.3333333333333335 2.3333333333333335 2.0 2.0

2.3333333333333335 2.3333333333333335 2.0 2.0

2.0 2.0 2.3333333333333335 2.3333333333333335

1.5 1.5 1.75 1.75

1.6666666666666667 1.6666666666666667 2.0 2.0

1.6666666666666667 1.6666666666666667 2.0 2.0

1.6666666666666667 1.6666666666666667 2.0 2.0

2.0 2.0 1.75 1.75

1.6666666666666667 1.6666666666666667 1.5 1.5

2.0 2.0 2.0 2.0

2.3333333333333335 2.3333333333333335 2.25 2.25

2.3333333333333335 2.3333333333333335 2.25 2.25

2.3333333333333335 2.3333333333333335 2.6666666666666665 2.6666666666666665

1.75 1.75 2.0 2.0

2.6666666666666665 2.6666666666666665 2.6666666666666665 2.6666666666666665

2.6666666666666665 2.6666666666666665 2.6666666666666665 2.6666666666666665

2.6666666666666665 2.6666666666666665 2.6666666666666665 2.6666666666666665

2.3333333333333335 2.3333333333333335 2.3333333333333335 2.3333333333333335

2.0 2.0 2.0 2.0

2.0 2.0 2.0 2.0

1.5 1.5 1.5 1.5

1.6666666666666667 1.6666666666666667 1.6666666666666667 1.6666666666666667

2.0 2.0 2.0 2.0

2.0 2.0 2.0 2.0

1.6666666666666667 1.6666666666666667 2.0 2.0

1.6666666666666667 1.6666666666666667 2.0 2.0

1.3333333333333333 1.3333333333333333 1.6666666666666667 1.6666666666666667

1.3333333333333333 1.3333333333333333 1.6666666666666667 1.6666666666666667

1.0 1.0 1.5 1.5

1.0 1.0 1.0 1.0

1.3333333333333333 1.3333333333333333 1.5 1.5

1.3333333333333333 1.3333333333333333 2.0 2.0

1.6666666666666667 1.6666666666666667 2.5 2.5

2.0 2.0 2.3333333333333335 2.3333333333333335

2.0 2.0 2.3333333333333335 2.3333333333333335

1.6666666666666667 1.6666666666666667 2.6666666666666665 2.6666666666666665

1.25 1.25 1.75 1.75

1.6666666666666667 1.6666666666666667 2.3333333333333335 2.3333333333333335

1.5 1.5 2.3333333333333335 2.3333333333333335

1.5 1.5 2.3333333333333335 2.3333333333333335

2.0 2.0 2.0 2.0

1.5 1.5 1.6666666666666667 1.6666666666666667

1.5 1.5 1.6666666666666667 1.6666666666666667

1.3333333333333333 1.3333333333333333 1.3333333333333333 1.3333333333333333

1.3333333333333333 1.3333333333333333 1.25 1.25

1.0 1.0 1.0 1.0

1.0 1.0 1.0 1.0

1.0 1.0 1.0 1.0

1.0 1.0 1.0 1.0

1.25 1.25 1.25 1.25

1.3333333333333333 1.3333333333333333 1.3333333333333333 1.3333333333333333

1.3333333333333333 1.3333333333333333 1.3333333333333333 1.3333333333333333

1.5 1.5 1.5 1.5

1.3333333333333333 1.3333333333333333 1.3333333333333333 1.3333333333333333

1.3333333333333333 1.3333333333333333 1.3333333333333333 1.3333333333333333

1.5 1.5 1.5 1.5

2.0 2.0 2.0 2.0

2.0 2.0 2.0 2.0

2.0 2.0 2.3333333333333335 2.3333333333333335

2.6666666666666665 2.6666666666666665 3.0 3.0

2.5 2.5 2.75 2.75

1.8 1.8 3.0 3.0

2.1666666666666665 2.1666666666666665 4.0 4.0

2.5 2.5 4.25 4.25

2.3333333333333335 2.3333333333333335 5.666666666666667 5.666666666666667

2.1666666666666665 2.1666666666666665 9.0 9.0

2.4 2.4 5.0 5.0

2.5 2.5 6.5 6.5

1.75 1.75 3.6666666666666665 3.6666666666666665

2.0 2.0 2.3333333333333335 2.3333333333333335

2.5 2.5 2.0 2.0

2.0 2.0 1.6666666666666667 1.6666666666666667

1.5 1.5 1.5 1.5

1.3333333333333333 1.3333333333333333 1.5 1.5

1.3333333333333333 1.3333333333333333 1.5 1.5

1.3333333333333333 1.3333333333333333 1.5 1.5

1.3333333333333333 1.3333333333333333 1.5 1.5

1.6666666666666667 1.6666666666666667 1.6666666666666667 1.6666666666666667

2.0 2.0 2.0 2.0

2.0 2.0 2.0 2.0

2.0 2.0 2.0 2.0

2.0 2.0 2.0 2.0

2.0 2.0 2.0 2.0

1.6666666666666667 1.6666666666666667 1.6666666666666667 1.6666666666666667

2.0 2.0 2.0 2.0

2.0 2.0 2.0 2.0

2.0 2.0 2.0 2.0

1.6666666666666667 1.6666666666666667 2.0 2.0

1.3333333333333333 1.3333333333333333 1.6666666666666667 1.6666666666666667

1.6666666666666667 1.6666666666666667 2.0 2.0

1.5 1.5 2.0 2.0

1.3333333333333333 1.3333333333333333 2.3333333333333335 2.3333333333333335

1.5 1.5 2.5 2.5

1.6666666666666667 1.6666666666666667 2.3333333333333335 2.3333333333333335

1.5 1.5 2.0 2.0

1.3333333333333333 1.3333333333333333 2.3333333333333335 2.3333333333333335

1.6666666666666667 1.6666666666666667 2.3333333333333335 2.3333333333333335

1.6666666666666667 1.6666666666666667 2.3333333333333335 2.3333333333333335

1.6666666666666667 1.6666666666666667 2.3333333333333335 2.3333333333333335

1.6666666666666667 1.6666666666666667 2.0 2.0

2.0 2.0 2.3333333333333335 2.3333333333333335

1.6666666666666667 1.6666666666666667 1.6666666666666667 1.6666666666666667

2.0 2.0 2.0 2.0

2.3333333333333335 2.3333333333333335 2.3333333333333335 2.3333333333333335

2.3333333333333335 2.3333333333333335 2.3333333333333335 2.3333333333333335

2.6666666666666665 2.6666666666666665 2.6666666666666665 2.6666666666666665

2.3333333333333335 2.3333333333333335 2.3333333333333335 2.3333333333333335

2.6666666666666665 2.6666666666666665 2.6666666666666665 2.6666666666666665

2.0 2.0 2.0 2.0

2.0 2.0 2.0 2.0

2.0 2.0 2.0 2.0

2.0 2.0 1.75 1.75

2.0 2.0 2.3333333333333335 2.3333333333333335

2.0 2.0 2.3333333333333335 2.3333333333333335

2.0 2.0 2.3333333333333335 2.3333333333333335

1.6666666666666667 1.6666666666666667 2.0 2.0

1.5 1.5 1.5 1.5

1.25 1.25 1.25 1.25

1.5 1.5 1.5 1.5

1.75 1.75 1.75 1.75

1.75 1.75 2.0 2.0

2.0 2.0 2.3333333333333335 2.3333333333333335

2.6666666666666665 2.6666666666666665 3.0 3.0

1.75 1.75 2.0 2.0

2.3333333333333335 2.3333333333333335 2.6666666666666665 2.6666666666666665

2.3333333333333335 2.3333333333333335 2.3333333333333335 2.3333333333333335

2.3333333333333335 2.3333333333333335 2.3333333333333335 2.3333333333333335

1.6666666666666667 1.6666666666666667 2.3333333333333335 2.3333333333333335

1.3333333333333333 1.3333333333333333 2.0 2.0

2.0 2.0 2.6666666666666665 2.6666666666666665

2.0 2.0 3.0 3.0

1.6666666666666667 1.6666666666666667 2.6666666666666665 2.6666666666666665

2.0 2.0 2.3333333333333335 2.3333333333333335

2.0 2.0 2.3333333333333335 2.3333333333333335

1.5 1.5 2.0 2.0

1.3333333333333333 1.3333333333333333 1.75 1.75

1.3333333333333333 1.3333333333333333 1.6666666666666667 1.6666666666666667

1.0 1.0 1.6666666666666667 1.6666666666666667

1.0 1.0 1.5 1.5

1.3333333333333333 1.3333333333333333 1.6666666666666667 1.6666666666666667

1.25 1.25 1.5 1.5

1.3333333333333333 1.3333333333333333 1.5 1.5

1.5 1.5 1.75 1.75

1.25 1.25 1.5 1.5

1.5 1.5 1.75 1.75

1.6666666666666667 1.6666666666666667 2.0 2.0

1.5 1.5 1.75 1.75

1.25 1.25 1.25 1.25

1.5 1.5 1.5 1.5

1.25 1.25 1.3333333333333333 1.3333333333333333

1.3333333333333333 1.3333333333333333 1.5 1.5

2.0 2.0 2.5 2.5

1.6666666666666667 1.6666666666666667 2.0 2.0

1.5 1.5 3.0 3.0

1.5 1.5 3.0 3.0

2.0 2.0 2.6666666666666665 2.6666666666666665

1.6666666666666667 1.6666666666666667 2.5 2.5

1.6666666666666667 1.6666666666666667 2.0 2.0

3.0 3.0 1.5 1.5

1.5 1.5 1.3333333333333333 1.3333333333333333

1.0 1.0 1.3333333333333333 1.3333333333333333

1.0 1.0 1.3333333333333333 1.3333333333333333

1.3333333333333333 1.3333333333333333 1.6666666666666667 1.6666666666666667

1.25 1.25 1.75 1.75

1.3333333333333333 1.3333333333333333 2.0 2.0

2.0 2.0 2.3333333333333335 2.3333333333333335

2.0 2.0 2.3333333333333335 2.3333333333333335

1.6666666666666667 1.6666666666666667 2.3333333333333335 2.3333333333333335

1.6666666666666667 1.6666666666666667 2.0 2.0

1.6666666666666667 1.6666666666666667 2.0 2.0

1.0 1.0 1.3333333333333333 1.3333333333333333

1.0 1.0 1.3333333333333333 1.3333333333333333

1.0 1.0 1.3333333333333333 1.3333333333333333

1.0 1.0 1.6666666666666667 1.6666666666666667

1.0 1.0 2.0 2.0

1.3333333333333333 1.3333333333333333 2.6666666666666665 2.6666666666666665

1.25 1.25 2.25 2.25

1.3333333333333333 1.3333333333333333 2.6666666666666665 2.6666666666666665

1.25 1.25 2.0 2.0

1.3333333333333333 1.3333333333333333 2.3333333333333335 2.3333333333333335

1.0 1.0 2.0 2.0

1.0 1.0 1.6666666666666667 1.6666666666666667

1.3333333333333333 1.3333333333333333 2.0 2.0

1.5 1.5 1.6666666666666667 1.6666666666666667

1.6666666666666667 1.6666666666666667 2.3333333333333335 2.3333333333333335

1.6666666666666667 1.6666666666666667 2.0 2.0

1.6666666666666667 1.6666666666666667 2.0 2.0

1.3333333333333333 1.3333333333333333 1.6666666666666667 1.6666666666666667

1.3333333333333333 1.3333333333333333 1.3333333333333333 1.3333333333333333

1.6666666666666667 1.6666666666666667 1.6666666666666667 1.6666666666666667

1.6666666666666667 1.6666666666666667 1.6666666666666667 1.6666666666666667

2.0 2.0 2.3333333333333335 2.3333333333333335

2.0 2.0 2.3333333333333335 2.3333333333333335

2.3333333333333335 2.3333333333333335 2.6666666666666665 2.6666666666666665

1.6666666666666667 1.6666666666666667 2.3333333333333335 2.3333333333333335

1.3333333333333333 1.3333333333333333 2.0 2.0

1.6666666666666667 1.6666666666666667 2.0 2.0

1.25 1.25 1.6666666666666667 1.6666666666666667

1.6666666666666667 1.6666666666666667 1.6666666666666667 1.6666666666666667

1.6666666666666667 1.6666666666666667 1.3333333333333333 1.3333333333333333

1.5 1.5 1.25 1.25

1.25 1.25 1.0 1.0

1.2 1.2 1.2 1.2

1.5 1.5 1.5 1.5

1.5 1.5 1.5 1.5

1.6666666666666667 1.6666666666666667 1.6666666666666667 1.6666666666666667

2.0 2.0 2.0 2.0

1.3333333333333333 1.3333333333333333 1.3333333333333333 1.3333333333333333

2.0 2.0 2.0 2.0

2.0 2.0 2.0 2.0

2.0 2.0 2.3333333333333335 2.3333333333333335

1.6666666666666667 1.6666666666666667 2.0 2.0

2.0 2.0 2.3333333333333335 2.3333333333333335

1.3333333333333333 1.3333333333333333 2.0 2.0

1.5 1.5 1.6666666666666667 1.6666666666666667

2.0 2.0 2.3333333333333335 2.3333333333333335

1.5 1.5 1.75 1.75

2.0 2.0 2.6666666666666665 2.6666666666666665

2.3333333333333335 2.3333333333333335 2.6666666666666665 2.6666666666666665

2.3333333333333335 2.3333333333333335 2.6666666666666665 2.6666666666666665

1.6666666666666667 1.6666666666666667 2.3333333333333335 2.3333333333333335

1.3333333333333333 1.3333333333333333 2.0 2.0

2.0 2.0 2.3333333333333335 2.3333333333333335

