10 11009 10 7816

10 11009 10 7816

3 3146 1 201

3 2864 1 201

12 16811 2 1019

12 16811 4 1319

99 89883 1914 2646787

99 89883 2049 2813633

99 89883 2049 2813633

99 89883 2049 2813633

99 89883 2049 2813633

96 80971 2049 2813633

5 5983 9 10231

5 5983 6 3457

5 5983 17 17365

5 4372 17 17365

5 4372 17 17365

4 5435 17 17365

10 8608 17 17365

10 8608 6 6224

10 8608 6 6224

10 8608 14 14546

10 8608 14 14546

6 6129 14 14546

6 6129 14 14546

6 6129 14 14546

6 5567 5 3413

6 5567 5 3413

6 5567 7 6052

14 15511 7 6052

14 15511 7 6052

14 15511 7 6052

14 15511 7 6052

14 15511 6 4026

4 5490 1 253

4 5490 11 10820

5 6776 11 10820

9 7812 11 10820

9 7812 11 10820

9 7812 11 10820

9 7812 4 3136

9 7812 4 3136

121 87091 1298 1755855

121 87091 1298 1755855

121 87091 1298 1755855

121 87091 1298 1755855

121 122260 1298 1755855

111 122260 418 561762

111 122260 418 561762

111 122260 418 561762

111 122260 418 561762

51 41213 271 360120

51 41213 271 360120

9 9736 7 6318

8 5076 5 1865

8 5076 7 6629

8 4958 7 6629

8 4958 7 6629

62 53686 224 287403

62 55902 224 287403

134 139528 323 381987

134 139528 1136 1424198

134 139528 1136 1424198

134 139528 1136 1424198

134 139528 1136 1424198

58 59753 1136 1424198

10 10430 20 24160

15 15973 20 24160

15 17560 20 24160

15 17560 20 24160

15 17560 9 8718

15 17560 9 8718

15 17560 9 8718

7 6345 9 8718

7 7766 9 8718

7 7766 9 7599

7 7766 9 7599

7 7766 9 7599

6 7766 8 7632

10 10505 8 7632

10 10505 8 7632

12 12375 14 9237

12 12375 14 9237

12 12375 14 9237

12 12375 14 9237

16 19373 18 18900

97 83675 1483 1806509

97 83675 1483 1806509

97 83675 1483 1806509

97 83675 1483 1806509

97 83675 1483 1806509

29 27632 79 98324

29 27948 82 103589

57 60464 91 103589

61 73437 91 103589

61 73437 91 103589

61 73437 91 103589

61 73437 91 101782

61 73437 64 65173

43 56080 9 6718

6 6239 7 6376

6 6239 7 6376

6 6239 7 6376

116 83754 5377 6727302

116 83754 5741 7229318

116 83754 5741 7229318

116 83754 5741 7229318

116 83754 5741 7229318

90 67996 5741 7229318

48 43707 1110 1383776

48 43707 1110 1383776

4 3926 7 5936

3 3926 1 201

3 3926 1 329

7 7276 7 6582

7 7276 7 6582

7 7276 7 6582

7 7276 7 6582

7 7276 7 6582

17 17224 9 5815

17 17224 9 5815

17 17224 9 5815

17 17224 9 5416

17 17224 9 5416

5 6768 9 5564

5 6768 9 5564

5 6768 9 5564

5 4316 9 5564

10 10257 9 7038

10 10257 8 7038

10 10257 8 7038

10 10257 8 7038

10 10257 8 7038

8 6989 7 5269

8 6989 6 5269

8 6989 8 7544

8 6503 8 7544

8 6503 8 7544

6 6503 8 7544

6 6503 8 7544

7 7482 6 5259

7 7482 6 5259

7 7482 6 5259

7 7482 6 5259

12 13130 35 42065

32 31190 47 43551

32 31190 47 43551

32 31190 47 43551

32 31190 47 43551

32 31190 47 43551

13 13698 10 9757

13 13698 10 9757

13 13698 10 9757

32 34095 148 166518

42 46530 148 166518

42 46530 148 166518

42 46530 148 166518

42 46530 148 166518

42 46530 35 30735

156 142307 1898 2608269

156 142307 1898 2608269

156 142307 1898 2608269

156 142307 1898 2608269

156 142307 4560 5704312

108 112008 4560 5704312

108 82741 4560 5704312

108 82741 4560 5704312

108 82741 4560 5704312

61 69931 56 51682

61 69931 56 51682

61 69931 56 51682

61 69931 56 51682

7 8311 4 1394

22 30015 4 1185

85 106854 148 186703

134 125062 2144 2694417

134 125062 2144 2694417

134 125062 2144 2694417

134 125062 2144 2694417

134 125062 2144 2694417

29 26081 256 298682

19 26857 55 54956

19 26857 174 211053

38 31265 174 211053

38 31265 174 211053

41 41327 174 211053

52 61105 174 211053

52 61105 157 185120

52 61105 157 185120

52 61105 157 185120

52 61105 106 145035

91 109605 79 95987

91 109605 79 95987

167 195453 79 95987

167 195453 327 434820

167 195453 327 434820

167 195453 10391 13100050

167 195453 10391 13100050

123 89986 10391 13100050

123 89986 10391 13100050

123 142570 10391 13100050

115 142570 5819 7315173

115 142570 5819 7315173

115 142570 701 864766

115 142570 701 864766

124 112016 1199 1464017

124 112016 3587 4476461

124 112016 3587 4476461

124 112016 7621 9593949

124 112016 7621 9593949

213 99207 8001 10065331

213 99207 8001 10065331

213 99207 8001 10065331

213 99207 8001 10065331

213 99207 8001 10065331

71 87352 467 567594

71 87352 467 567594

71 87352 467 567594

71 87352 467 567594

44 38609 202 227328

44 38609 202 227328

44 38609 202 227328

44 38609 202 227328

16 19230 10 7320

16 19230 10 7320

41 23565 444 580033

41 23565 444 580033

41 23565 444 580033

41 23565 444 580033

41 23565 444 580033

11 11225 45 58939

23 31364 6 5604

23 31364 6 5300

23 31364 6 5320

23 31364 44 49227

23 31364 44 49227

25 30882 44 49227

25 30882 44 49227

25 30882 83 95586

25 30882 83 95586

