23 21311 19 14311

21 19978 13 8319

12 9141 3 503

12 7859 2 352

27 27953 6 2081

33 36190 9 3199

172 144404 2992 4074827

293 252852 5195 7075029

295 255019 5213 7091831

282 236976 5212 7091180

278 234046 5216 7092406

136 121338 2235 3021106

23 18920 39 24962

22 19568 25 9564

24 21873 39 25851

22 16692 35 24429

25 20208 35 24784

20 19441 32 22751

27 23608 41 29530

31 27807 27 13148

33 32924 23 12025

36 36586 35 25888

35 34959 31 23863

24 26113 20 16798

21 22855 22 19305

19 20639 22 19305

14 13531 10 5141

11 9723 10 5141

17 16830 19 13930

27 29548 19 14315

24 25845 19 14315

30 35414 18 14186

33 39613 18 14186

27 32506 7 4279

15 18972 1 253

20 23597 13 11383

17 20351 12 11130

28 26883 21 15846

28 26883 21 15846

24 22132 21 15846

19 17507 9 4716

16 11768 10 4924

278 221388 2359 3185489

319 265853 2377 3200190

478 439772 2465 3290673

635 592359 2780 3668985

895 807586 3671 4791443

631 602975 1313 1606162

655 617169 1577 1964004

517 467058 1496 1879839

364 318103 1184 1503392

106 106915 292 380726

98 94801 295 382588

36 40438 14 10253

27 25310 16 7639

29 26929 21 12748

28 25192 22 13093

28 25257 19 11231

186 182186 399 487713

320 354708 788 981635

501 534666 1430 1705675

612 655623 2647 3203610

623 667206 2660 3210272

471 514024 2294 2745060

327 333231 1898 2247999

154 165234 1268 1541145

40 40938 50 42865

42 43988 45 37950

48 53505 38 32476

51 57658 42 37137

44 46348 32 21856

51 55143 32 21856

34 36819 24 20109

30 30527 25 21704

36 39669 20 16697

35 38531 18 12419

36 36659 20 12970

38 38325 20 12970

33 33256 19 13003

32 30057 24 18037

28 27206 16 13436

33 32842 28 22122

43 43242 36 27291

37 37043 29 20100

33 33753 25 15852

71 75836 56 45775

260 252493 2042 2461926

250 242255 2035 2457086

255 248310 2034 2456645

252 244537 2033 2455969

219 209013 2002 2426046

54 57016 93 106023

135 146652 258 305372

253 273407 450 514494

441 485818 613 664879

485 540078 631 673987

448 502859 541 568968

365 411395 376 369709

249 286570 186 161321

63 75758 24 11226

18 18187 14 8807

18 18187 14 8774

20 20047 13 8355

234 170652 10181 12706972

420 316833 17307 21604687

501 415100 17339 21628020

557 468777 18448 23011483

559 470364 18455 23017419

341 313805 8286 10318269

153 166130 1158 1419935

69 66628 1118 1389913

13 12951 8 6137

12 13065 1 201

12 12982 2 531

21 22333 17 12912

20 20285 17 12912

33 34253 23 17335

40 41097 30 23150

37 39149 28 22619

48 49433 24 15352

48 49323 24 15352

35 35355 18 10929

35 35297 17 10530

39 39613 23 15793

25 22237 22 16446

28 26461 24 17040

32 30071 24 17040

22 19724 18 11624

37 34828 28 19665

37 37646 35 25168

35 33632 35 25130

37 37011 41 30399

40 40978 41 30399

29 28008 29 18409

22 21531 12 7139

25 26056 18 14127

19 19067 12 8858

20 18709 12 8858

15 15985 10 8122

15 16132 11 8435

20 20507 9 6150

23 24501 10 6463

21 23493 10 6463

24 25312 16 11572

34 36148 51 53653

73 75796 103 97861

73 75137 102 97548

71 72536 103 97710

67 69372 95 92023

68 69940 65 54930

24 23890 17 15220

21 20555 17 15220

23 22849 16 15058

61 61376 179 197567

102 106632 224 236926

102 108473 216 227935

105 112769 216 227935

109 115186 223 233520

69 74278 61 51217

234 212748 2623 3592916

427 445034 3139 4261086

428 444113 3142 4262950

468 491364 3166 4285431

634 645079 7769 10026470

437 474010 5161 6445375

238 235407 4643 5776439

252 250536 4652 5788066

334 345580 4719 5844824

175 200176 121 107000

156 176857 116 101736

156 176857 116 101736

141 162634 104 88245

15 18409 6 3421

43 54782 9 3228

226 271770 269 298927

607 653192 4363 5346589

659 697770 4680 5701529

667 705715 4688 5703895

690 722718 4755 5767645

538 539848 4516 5488440

165 167276 422 440778

136 152579 113 93002

164 178684 336 356136

158 163225 408 458238

129 130607 393 447021

179 184228 552 632682

309 335374 788 936390

328 356740 632 740015

278 310870 486 571417

282 315635 489 573884

277 316444 368 428890

318 374394 303 327173

368 444005 288 325856

782 929185 431 466449

896 1053110 817 980462

846 992687 783 943200

865 887971 13237 16612934

936 972223 14938 18727887

719 685034 24798 31121788

820 801986 24836 31088147

1010 1030938 25562 31957819

965 1061255 13669 16965278

787 849195 11908 14782517

752 837311 2199 2616503

593 661491 1922 2332193

553 563310 2622 3194777

539 540444 6011 7420100

600 606356 6185 7603804

677 603637 20561 25681636

740 643777 24447 30508577

926 737438 37294 46507580

815 651425 33197 41431314

776 611660 33033 41254028

544 438836 18365 22808417

512 441915 14813 18367852

201 239877 581 675459

179 206784 569 656245

185 207535 775 900196

245 264103 1009 1158435

180 173320 541 583524

184 187394 519 555216

175 167426 501 539538

150 143194 287 289857

92 86866 56 36117

68 66665 35 21237

101 69028 488 620294

112 89510 537 683881

113 91202 540 689238

113 92921 539 688856

120 98667 545 692749

61 63502 70 79893

63 73184 21 17196

81 98098 16 11151

85 100793 21 14385

106 125651 64 64615

102 121754 63 64451

113 129512 71 68631

103 110204 79 74360

95 98129 151 161412

76 79438 101 106898

