1.15 1065.55 0.95 715.55

1.05 998.9 0.65 415.95

0.6 457.05 0.15 25.15

0.6 392.95 0.1 17.6

1.35 1397.65 0.3 104.05

1.65 1809.5 0.45 159.95

8.6 7220.2 149.6 203741.35

14.65 12642.6 259.75 353751.45

14.75 12750.95 260.65 354591.55

14.1 11848.8 260.6 354559.0

13.9 11702.3 260.8 354620.3

6.8 6066.9 111.75 151055.3

1.15 946.0 1.95 1248.1

1.1 978.4 1.25 478.2

1.2 1093.65 1.95 1292.55

1.1 834.6 1.75 1221.45

1.25 1010.4 1.75 1239.2

1.0 972.05 1.6 1137.55

1.35 1180.4 2.05 1476.5

1.55 1390.35 1.35 657.4

1.65 1646.2 1.15 601.25

1.8 1829.3 1.75 1294.4

1.75 1747.95 1.55 1193.15

1.2 1305.65 1.0 839.9

1.05 1142.75 1.1 965.25

0.95 1031.95 1.1 965.25

0.7 676.55 0.5 257.05

0.55 486.15 0.5 257.05

0.85 841.5 0.95 696.5

1.35 1477.4 0.95 715.75

1.2 1292.25 0.95 715.75

1.5 1770.7 0.9 709.3

1.65 1980.65 0.9 709.3

1.35 1625.3 0.35 213.95

0.75 948.6 0.05 12.65

1.0 1179.85 0.65 569.15

0.85 1017.55 0.6 556.5

1.4 1344.15 1.05 792.3

1.4 1344.15 1.05 792.3

1.2 1106.6 1.05 792.3

0.95 875.35 0.45 235.8

0.8 588.4 0.5 246.2

13.9 11069.4 117.95 159274.45

15.95 13292.65 118.85 160009.5

23.9 21988.6 123.25 164533.65

31.75 29617.95 139.0 183449.25

44.75 40379.3 183.55 239572.15

31.55 30148.75 65.65 80308.1

32.75 30858.45 78.85 98200.2

25.85 23352.9 74.8 93991.95

18.2 15905.15 59.2 75169.6

5.3 5345.75 14.6 19036.3

4.9 4740.05 14.75 19129.4

1.8 2021.9 0.7 512.65

1.35 1265.5 0.8 381.95

1.45 1346.45 1.05 637.4

1.4 1259.6 1.1 654.65

1.4 1262.85 0.95 561.55

9.3 9109.3 19.95 24385.65

16.0 17735.4 39.4 49081.75

25.05 26733.3 71.5 85283.75

30.6 32781.15 132.35 160180.5

31.15 33360.3 133.0 160513.6

23.55 25701.2 114.7 137253.0

16.35 16661.55 94.9 112399.95

7.7 8261.7 63.4 77057.25

2.0 2046.9 2.5 2143.25

2.1 2199.4 2.25 1897.5

2.4 2675.25 1.9 1623.8

2.55 2882.9 2.1 1856.85

2.2 2317.4 1.6 1092.8

2.55 2757.15 1.6 1092.8

1.7 1840.95 1.2 1005.45

1.5 1526.35 1.25 1085.2

1.8 1983.45 1.0 834.85

1.75 1926.55 0.9 620.95

1.8 1832.95 1.0 648.5

1.9 1916.25 1.0 648.5

1.65 1662.8 0.95 650.15

1.6 1502.85 1.2 901.85

1.4 1360.3 0.8 671.8

1.65 1642.1 1.4 1106.1

2.15 2162.1 1.8 1364.55

1.85 1852.15 1.45 1005.0

1.65 1687.65 1.25 792.6

3.55 3791.8 2.8 2288.75

13.0 12624.65 102.1 123096.3

12.5 12112.75 101.75 122854.3

12.75 12415.5 101.7 122832.25

12.6 12226.85 101.65 122798.45

10.95 10450.65 100.1 121302.3

2.7 2850.8 4.65 5301.15

6.75 7332.6 12.9 15268.6

12.65 13670.35 22.5 25724.7

22.05 24290.9 30.65 33243.95

24.25 27003.9 31.55 33699.35

22.4 25142.95 27.05 28448.4

18.25 20569.75 18.8 18485.45

12.45 14328.5 9.3 8066.05

3.15 3787.9 1.2 561.3

0.9 909.35 0.7 440.35

0.9 909.35 0.7 438.7

1.0 1002.35 0.65 417.75

11.7 8532.6 509.05 635348.6

21.0 15841.65 865.35 1080234.35

25.05 20755.0 866.95 1081401.0

27.85 23438.85 922.4 1150574.15

27.95 23518.2 922.75 1150870.95

17.05 15690.25 414.3 515913.45

7.65 8306.5 57.9 70996.75

3.45 3331.4 55.9 69495.65

0.65 647.55 0.4 306.85

0.6 653.25 0.05 10.05

0.6 649.1 0.1 26.55

1.05 1116.65 0.85 645.6

1.0 1014.25 0.85 645.6

1.65 1712.65 1.15 866.75

2.0 2054.85 1.5 1157.5

1.85 1957.45 1.4 1130.95

2.4 2471.65 1.2 767.6

2.4 2466.15 1.2 767.6

1.75 1767.75 0.9 546.45

1.75 1764.85 0.85 526.5

1.95 1980.65 1.15 789.65

1.25 1111.85 1.1 822.3

1.4 1323.05 1.2 852.0

1.6 1503.55 1.2 852.0

1.1 986.2 0.9 581.2

1.85 1741.4 1.4 983.25

1.85 1882.3 1.75 1258.4

1.75 1681.6 1.75 1256.5

1.85 1850.55 2.05 1519.95

2.0 2048.9 2.05 1519.95

1.45 1400.4 1.45 920.45

1.1 1076.55 0.6 356.95

1.25 1302.8 0.9 706.35

0.95 953.35 0.6 442.9

1.0 935.45 0.6 442.9

0.75 799.25 0.5 406.1

0.75 806.6 0.55 421.75

1.0 1025.35 0.45 307.5

1.15 1225.05 0.5 323.15

1.05 1174.65 0.5 323.15

1.2 1265.6 0.8 578.6

1.7 1807.4 2.55 2682.65

3.65 3789.8 5.15 4893.05

3.65 3756.85 5.1 4877.4

3.55 3626.8 5.15 4885.5

3.35 3468.6 4.75 4601.15

3.4 3497.0 3.25 2746.5

1.2 1194.5 0.85 761.0

1.05 1027.75 0.85 761.0

1.15 1142.45 0.8 752.9

3.05 3068.8 8.95 9878.35

5.1 5331.6 11.2 11846.3

5.1 5423.65 10.8 11396.75

5.25 5638.45 10.8 11396.75

5.45 5759.3 11.15 11676.0

3.45 3713.9 3.05 2560.85

11.7 10637.4 131.15 179645.8

21.35 22251.7 156.95 213054.3

21.4 22205.65 157.1 213147.5

23.4 24568.2 158.3 214271.55

31.7 32253.95 388.45 501323.5

21.85 23700.5 258.05 322268.75

11.9 11770.35 232.15 288821.95

12.6 12526.8 232.6 289403.3

16.7 17279.0 235.95 292241.2

8.75 10008.8 6.05 5350.0

7.8 8842.85 5.8 5086.8

7.8 8842.85 5.8 5086.8

7.05 8131.7 5.2 4412.25

0.75 920.45 0.3 171.05

2.15 2739.1 0.45 161.4

11.3 13588.5 13.45 14946.35

30.35 32659.6 218.15 267329.45

32.95 34888.5 234.0 285076.45

33.35 35285.75 234.4 285194.75

34.5 36135.9 237.75 288382.25

26.9 26992.4 225.8 274422.0

8.25 8363.8 21.1 22038.9

6.8 7628.95 5.65 4650.1

8.2 8934.2 16.8 17806.8

7.9 8161.25 20.4 22911.9

6.45 6530.35 19.65 22351.05

8.95 9211.4 27.6 31634.1

15.45 16768.7 39.4 46819.5

16.4 17837.0 31.6 37000.75

13.9 15543.5 24.3 28570.85

14.1 15781.75 24.45 28694.2

13.85 15822.2 18.4 21444.5

15.9 18719.7 15.15 16358.65

18.4 22200.25 14.4 16292.8

39.1 46459.25 21.55 23322.45

44.8 52655.5 40.85 49023.1

42.3 49634.35 39.15 47160.0

43.25 44398.55 661.85 830646.7

46.8 48611.15 746.9 936394.35

35.95 34251.7 1239.9 1556089.4

41.0 40099.3 1241.8 1554407.35

50.5 51546.9 1278.1 1597890.95

48.25 53062.75 683.45 848263.9

39.35 42459.75 595.4 739125.85

37.6 41865.55 109.95 130825.15

29.65 33074.55 96.1 116609.65

27.65 28165.5 131.1 159738.85

26.95 27022.2 300.55 371005.0

30.0 30317.8 309.25 380190.2

33.85 30181.85 1028.05 1284081.8

37.0 32188.85 1222.35 1525428.85

46.3 36871.9 1864.7 2325379.0

40.75 32571.25 1659.85 2071565.7

38.8 30583.0 1651.65 2062701.4

27.2 21941.8 918.25 1140420.85

25.6 22095.75 740.65 918392.6

10.05 11993.85 29.05 33772.95

8.95 10339.2 28.45 32812.25

9.25 10376.75 38.75 45009.8

12.25 13205.15 50.45 57921.75

9.0 8666.0 27.05 29176.2

9.2 9369.7 25.95 27760.8

8.75 8371.3 25.05 26976.9

7.5 7159.7 14.35 14492.85

4.6 4343.3 2.8 1805.85

3.4 3333.25 1.75 1061.85

5.05 3451.4 24.4 31014.7

5.6 4475.5 26.85 34194.05

5.65 4560.1 27.0 34461.9

5.65 4646.05 26.95 34442.8

6.0 4933.35 27.25 34637.45

3.05 3175.1 3.5 3994.65

3.15 3659.2 1.05 859.8

4.05 4904.9 0.8 557.55

4.25 5039.65 1.05 719.25

5.3 6282.55 3.2 3230.75

5.1 6087.7 3.15 3222.55

5.65 6475.6 3.55 3431.55

5.15 5510.2 3.95 3718.0

4.75 4906.45 7.55 8070.6

3.8 3971.9 5.05 5344.9

