1 1 1 1

1 1 1 1

1 1 1 1

1 1 1 1

1 1 3 3

1 1 1 1

1 1 1 1

1 1 1 1

1 1 1 1

1 1 1 1

1 1 1 1

1 1 1 1

1 1 1 1

1 1 1 1

1 1 1 1

1 1 1 1

1 1 1 1

1 1 1 1

1 1 1 1

1 1 1 1

1 1 1 1

1 1 1 1

1 1 1 1

1 1 1 1

2 2 2 2

2 2 2 2

2 2 2 2

4 4 3 3

1 1 1 1

1 1 1 1

1 1 1 1

1 1 1 1

1 1 1 1

2 2 8 8

2 2 5 5

1 1 1 1

1 1 1 1

1 1 1 1

1 1 1 1

1 1 1 1

1 1 1 1

1 1 1 1

14 14 15 15

10 10 1 1

6 6 1 1

2 2 1 1

0 0 1 1

2 2 1 1

3 3 1 1

1 1 1 1

1 1 1 1

1 1 1 1

1 1 1 1

1 1 1 1

2 2 1 1

1 1 1 1

1 1 1 1

1 1 1 1

1 1 1 1

1 1 1 1

1 1 1 1

1 1 1 1

1 1 2 2

1 1 2 2

1 1 2 2

1 1 1 1

1 1 1 1

1 1 1 1

1 1 1 1

1 1 1 1

1 1 1 1

2 2 1 1

1 1 2 2

1 1 1 1

1 1 1 1

1 1 1 1

1 1 1 1

1 1 1 1

1 1 1 1

1 1 1 1

1 1 1 1

1 1 2 2

1 1 2 2

1 1 1 1

1 1 2 2

1 1 1 1

1 1 1 1

2 2 1 1

1 1 1 1

1 1 1 1

1 1 5 5

1 1 5 5

1 1 5 5

1 1 2 2

2 2 4 4

1 1 1 1

1 1 1 1

1 1 1 1

1 1 1 1

1 1 1 1

1 1 1 1

1 1 1 1

1 1 1 1

1 1 1 1

1 1 1 1

7 7 1 1

3 3 1 1

3 3 1 1

2 2 1 1

3 3 1 1

3 3 1 1

3 3 1 1

2 2 1 1

2 2 2 2

2 2 1 1

2 2 1 1

1 1 1 1

1 1 1 1

1 1 1 1

1 1 1 1

1 1 1 1

7 7 1 1

2 2 1 1

1 1 1 1

1 1 2 2

1 1 1 1

1 1 3 3

1 1 3 3

1 1 3 3

1 1 1 1

1 1 1 1

1 1 1 1

1 1 1 1

1 1 1 1

3 3 1 1

2 2 2 2

2 2 4 4

2 2 2 2

2 2 1 1

2 2 1 1

2 2 1 1

1 1 1 1

1 1 1 1

1 1 1 1

1 1 1 1

1 1 1 1

1 1 1 1

1 1 1 1

1 1 1 1

1 1 1 1

1 1 4 4

1 1 4 4

1 1 4 4

4 4 6 6

1 1 1 1

1 1 1 1

1 1 1 1

1 1 1 1

1 1 1 1

1 1 1 1

1 1 1 1

1 1 1 1

1 1 1 1

1 1 1 1

1 1 1 1

1 1 1 1

1 1 1 1

1 1 1 1

1 1 1 1

1 1 1 1

1 1 1 1

1 1 1 1

1 1 1 1

1 1 1 1

2 2 2 2

1 1 2 2

2 2 2 2

1 1 1 1

1 1 1 1

1 1 1 1

1 1 1 1

1 1 1 1

1 1 1 1

1 1 1 1

1 1 1 1

1 1 1 1

1 1 3 3

1 1 3 3

1 1 1 1

1 1 1 1

1 1 1 1

1 1 1 1

1 1 1 1

1 1 1 1

0 0 1 1

1 1 1 1

2 2 2 2

2 2 2 2

2 2 2 2

2 2 2 2

1 1 1 1

0 0 1 1

4 4 5 5

4 4 6 6

1 1 2 2

2 2 3 3

2 2 3 3

2 2 1 1

2 2 1 1

1 1 1 1

0 0 1 1

0 0 1 1

2 2 1 1

2 2 1 1

3 3 1 1

1 1 1 1

1 1 1 1

1 1 1 1

1 1 1 1

1 1 1 1

1 1 1 1

1 1 1 1

1 1 1 1

1 1 1 1

1 1 1 1

1 1 1 1

1 1 1 1

1 1 2 2

1 1 1 1

1 1 1 1

1 1 1 1

1 1 1 1

1 1 1 1

1 1 1 1

1 1 1 1

1 1 2 2

1 1 2 2

1 1 1 1

1 1 1 1

1 1 1 1

