4 4 5 5

4 4 5 5

4 4 8 8

4 4 12 12

3 3 12 12

2 2 12 12

4 4 8 8

4 4 4 4

4 4 4 4

4 4 4 4

2 2 2 2

3 3 2 2

4 4 2 2

4 4 2 2

4 4 2 2

4 4 3 3

4 4 3 3

4 4 3 3

4 4 3 3

3 3 1 1

3 3 4 4

3 3 6 6

2 2 6 6

5 5 8 8

5 5 8 8

6 6 8 8

6 6 7 7

6 6 6 6

7 7 7 7

7 7 7 7

7 7 7 7

7 7 8 8

7 7 8 8

7 7 10 10

9 9 14 14

9 9 14 14

9 9 12 12

7 7 8 8

4 4 5 5

8 8 8 8

12 12 12 12

14 14 15 15

14 14 15 15

10 10 11 11

6 6 7 7

2 2 3 3

0 0 1 1

2 2 4 4

3 3 5 5

3 3 5 5

3 3 5 5

4 4 7 7

5 5 10 10

5 5 10 10

5 5 10 10

5 5 7 7

3 3 3 3

3 3 6 6

2 2 6 6

2 2 6 6

2 2 6 6

1 1 4 4

2 2 3 3

2 2 3 3

4 4 4 4

4 4 4 4

4 4 6 6

4 4 7 7

4 4 7 7

4 4 7 7

5 5 5 5

5 5 5 5

5 5 9 9

5 5 11 11

5 5 11 11

5 5 10 10

5 5 6 6

2 2 5 5

2 2 5 5

3 3 4 4

3 3 6 6

4 4 7 7

4 4 7 7

4 4 7 7

5 5 5 5

5 5 3 3

5 5 3 3

5 5 3 3

3 3 7 7

3 3 9 9

3 3 9 9

3 3 9 9

3 3 6 6

2 2 5 5

2 2 4 4

2 2 1 1

4 4 2 2

8 8 4 4

9 9 4 4

9 9 4 4

9 9 4 4

6 6 4 4

9 9 6 6

9 9 6 6

9 9 6 6

7 7 6 6

3 3 4 4

3 3 6 6

3 3 6 6

5 5 6 6

5 5 10 10

7 7 14 14

7 7 18 18

7 7 16 16

7 7 12 12

4 4 8 8

3 3 5 5

3 3 5 5

6 6 7 7

7 7 7 7

7 7 7 7

7 7 8 8

7 7 8 8

7 7 8 8

7 7 8 8

4 4 4 4

3 3 5 5

5 5 9 9

5 5 9 9

5 5 9 9

5 5 8 8

5 5 4 4

5 5 5 5

5 5 7 7

5 5 7 7

4 4 8 8

4 4 8 8

4 4 8 8

4 4 8 8

4 4 8 8

4 4 8 8

4 4 4 4

4 4 5 5

4 4 6 6

4 4 6 6

4 4 6 6

4 4 5 5

6 6 4 4

8 8 7 7

8 8 7 7

8 8 7 7

6 6 7 7

6 6 8 8

6 6 10 10

4 4 10 10

4 4 10 10

5 5 7 7

5 5 7 7

5 5 7 7

6 6 7 7

6 6 4 4

6 6 4 4

5 5 4 4

2 2 2 2

2 2 3 3

4 4 7 7

5 5 8 8

5 5 8 8

5 5 8 8

5 5 5 5

4 4 8 8

5 5 12 12

5 5 16 16

5 5 16 16

5 5 12 12

5 5 8 8

3 3 4 4

3 3 3 3

3 3 3 3

3 3 3 3

3 3 5 5

2 2 7 7

2 2 7 7

2 2 7 7

2 2 6 6

2 2 3 3

2 2 3 3

2 2 3 3

2 2 3 3

2 2 2 2

2 2 2 2

2 2 2 2

2 2 2 2

1 1 2 2

0 0 2 2

2 2 4 4

2 2 4 4

2 2 4 4

2 2 4 4

2 2 2 2

1 1 1 1

0 0 1 1

4 4 5 5

4 4 6 6

4 4 6 6

4 4 6 6

4 4 5 5

2 2 3 3

2 2 3 3

1 1 1 1

0 0 1 1

0 0 1 1

2 2 2 2

3 3 3 3

3 3 3 3

3 3 3 3

3 3 3 3

3 3 3 3

2 2 2 2

2 2 2 2

2 2 2 2

1 1 1 1

2 2 2 2

2 2 3 3

2 2 3 3

2 2 3 3

2 2 3 3

2 2 2 2

2 2 2 2

2 2 2 2

2 2 2 2

2 2 2 2

2 2 6 6

2 2 6 6

2 2 6 6

2 2 6 6

2 2 7 7

2 2 7 7

2 2 7 7

2 2 7 7

