1.3564659966250536 1.3564659966250536 1.6393596310755 1.6393596310755

1.16619037896906 1.16619037896906 1.469693845669907 1.469693845669907

1.1055415967851334 1.1055415967851334 2.5860201081971503 2.5860201081971503

1.1248582677159729 1.1248582677159729 4.546060565661952 4.546060565661952

0.7284313590846835 0.7284313590846835 4.5 4.5

0.4841229182759271 0.4841229182759271 4.96655480858378 4.96655480858378

1.049781318335648 1.049781318335648 2.8674417556808756 2.8674417556808756

1.118033988749895 1.118033988749895 1.5 1.5

1.1661903789690602 1.1661903789690602 1.4142135623730951 1.4142135623730951

1.0954451150103321 1.0954451150103321 1.299038105676658 1.299038105676658

0.4714045207910317 0.4714045207910317 0.4000000000000001 0.4000000000000001

0.6871842709362768 0.6871842709362768 0.4 0.4

1.0 1.0 0.4 0.4

1.0 1.0 0.3726779962499649 0.3726779962499649

1.0 1.0 0.4714045207910317 0.4714045207910317

1.299038105676658 1.299038105676658 0.82915619758885 0.82915619758885

1.1055415967851332 1.1055415967851332 0.8 0.8

1.16619037896906 1.16619037896906 0.8000000000000002 0.8000000000000002

1.16619037896906 1.16619037896906 0.8000000000000002 0.8000000000000002

0.7453559924999299 0.7453559924999299 0.0 0.0

0.8 0.8 1.118033988749895 1.118033988749895

0.7071067811865476 0.7071067811865476 2.0 2.0

0.4898979485566356 0.4898979485566356 2.277608394786075 2.277608394786075

1.5 1.5 2.943920288775949 2.943920288775949

1.224744871391589 1.224744871391589 2.494438257849294 2.494438257849294

1.7853571071357126 1.7853571071357126 2.494438257849294 2.494438257849294

1.7853571071357126 1.7853571071357126 2.160246899469287 2.160246899469287

0.9428090415820634 0.9428090415820634 1.4142135623730951 1.4142135623730951

2.6246692913372702 2.6246692913372702 2.6246692913372702 2.6246692913372702

2.277608394786075 2.277608394786075 2.165063509461097 2.165063509461097

2.6246692913372702 2.6246692913372702 2.8284271247461903 2.8284271247461903

2.598076211353316 2.598076211353316 2.7386127875258306 2.7386127875258306

2.244994432064365 2.244994432064365 3.082207001484488 3.082207001484488

2.160246899469287 2.160246899469287 1.0 1.0

2.8674417556808756 2.8674417556808756 4.5 4.5

3.124099870362662 3.124099870362662 5.629165124598851 5.629165124598851

3.03315017762062 3.03315017762062 4.546060565661952 4.546060565661952

2.244994432064365 2.244994432064365 2.947456530637899 2.947456530637899

1.0671873729054748 1.0671873729054748 1.6733200530681511 1.6733200530681511

2.6381811916545836 2.6381811916545836 2.947456530637899 2.947456530637899

4.636809247747852 4.636809247747852 4.642796092394707 4.642796092394707

6.5 6.5 7.0 7.0

0.0 0.0 0.0 0.0

0.0 0.0 5.0 5.0

0.0 0.0 3.0 3.0

0.0 0.0 1.0 1.0

0 0 0.0 0.0

0.0 0.0 1.5 1.5

0.0 0.0 2.0 2.0

1.0 1.0 1.6393596310755 1.6393596310755

0.9428090415820634 0.9428090415820634 1.4966629547095764 1.4966629547095764

1.118033988749895 1.118033988749895 2.4000000000000004 2.4000000000000004

1.7853571071357126 1.7853571071357126 3.521363372331802 3.521363372331802

1.479019945774904 1.479019945774904 3.4292856398964493 3.4292856398964493

1.118033988749895 1.118033988749895 3.774917217635375 3.774917217635375

1.4624940645653537 1.4624940645653537 2.1921577396609844 2.1921577396609844

0.8329931278350429 0.8329931278350429 0.7071067811865476 0.7071067811865476

0.6998542122237652 0.6998542122237652 1.7261494247992246 1.7261494247992246

0.5 0.5 2.0 2.0

0.4898979485566356 0.4898979485566356 2.165063509461097 2.165063509461097

0.5 0.5 2.3570226039551585 2.3570226039551585

0.0 0.0 1.247219128924647 1.247219128924647

0.5 0.5 0.5 0.5

0.4714045207910317 0.4714045207910317 0.4714045207910317 0.4714045207910317

1.247219128924647 1.247219128924647 0.816496580927726 0.816496580927726

1.247219128924647 1.247219128924647 1.16619037896906 1.16619037896906

1.5 1.5 1.920286436967152 1.920286436967152

1.299038105676658 1.299038105676658 2.449489742783178 2.449489742783178

1.019803902718557 1.019803902718557 2.345207879911715 2.345207879911715

1.019803902718557 1.019803902718557 2.277608394786075 2.277608394786075

1.4142135623730951 1.4142135623730951 1.5811388300841898 1.5811388300841898

1.0897247358851685 1.0897247358851685 1.5811388300841898 1.5811388300841898

1.4142135623730951 1.4142135623730951 2.943920288775949 2.943920288775949

1.6583123951777 1.6583123951777 4.189935029992179 4.189935029992179

1.4966629547095764 1.4966629547095764 4.123105625617661 4.123105625617661

1.5491933384829668 1.5491933384829668 3.6817870057290873 3.6817870057290873

1.6000000000000003 1.6000000000000003 2.2271057451320084 2.2271057451320084

0.3499271061118826 0.3499271061118826 1.5986105077709065 1.5986105077709065

0.4714045207910317 0.4714045207910317 1.6 1.6

0.7453559924999299 0.7453559924999299 1.247219128924647 1.247219128924647

0.816496580927726 0.816496580927726 1.9390719429665317 1.9390719429665317

1.0671873729054748 1.0671873729054748 1.7853571071357126 1.7853571071357126

1.16619037896906 1.16619037896906 2.0463381929681126 2.0463381929681126

1.3437096247164249 1.3437096247164249 2.0976176963403033 2.0976176963403033

1.7435595774162693 1.7435595774162693 1.16619037896906 1.16619037896906

1.5491933384829668 1.5491933384829668 0.6871842709362768 0.6871842709362768

1.699673171197595 1.699673171197595 0.7071067811865476 0.7071067811865476

1.247219128924647 1.247219128924647 0.82915619758885 0.82915619758885

0.82915619758885 0.82915619758885 2.6246692913372702 2.6246692913372702

0.8944271909999159 0.8944271909999159 3.7712361663282534 3.7712361663282534

0.7483314773547882 0.7483314773547882 2.0 2.0

0.6871842709362768 0.6871842709362768 2.0 2.0

0.6324555320336759 0.6324555320336759 0.5 0.5

0.4330127018922193 0.4330127018922193 1.5 1.5

0.0 0.0 0.0 0.0

0.5 0.5 0.0 0.0

1.5 1.5 0.4714045207910317 0.4714045207910317

3.5 3.5 1.299038105676658 1.299038105676658

3.7712361663282534 3.7712361663282534 1.299038105676658 1.299038105676658

3.344772040064913 3.344772040064913 1.2000000000000002 1.2000000000000002

3.03315017762062 3.03315017762062 1.3564659966250538 1.3564659966250538

2.0976176963403033 2.0976176963403033 1.0671873729054748 1.0671873729054748

3.124099870362662 3.124099870362662 1.9390719429665317 1.9390719429665317

3.559026084010437 3.559026084010437 2.1213203435596424 2.1213203435596424

4.0 4.0 2.165063509461097 2.165063509461097

0.0 0.0 2.3570226039551585 2.3570226039551585

0.0 0.0 1.247219128924647 1.247219128924647

0.0 0.0 2.5 2.5

0.5 0.5 2.0615528128088303 2.0615528128088303

1.0 1.0 2.5 2.5

0.9428090415820634 0.9428090415820634 3.6817870057290873 3.6817870057290873

1.632993161855452 1.632993161855452 5.715476066494082 5.715476066494082

2.0548046676563256 2.0548046676563256 8.5 8.5

2.0615528128088303 2.0615528128088303 7.0 7.0

2.165063509461097 2.165063509461097 4.96655480858378 4.96655480858378

0.8 0.8 2.680951323690902 2.680951323690902

0.6324555320336759 0.6324555320336759 1.624807680927192 1.624807680927192

0.6324555320336759 0.6324555320336759 1.4966629547095764 1.4966629547095764

1.8708286933869707 1.8708286933869707 2.598076211353316 2.598076211353316

2.494438257849294 2.494438257849294 2.598076211353316 2.598076211353316

2.494438257849294 2.494438257849294 2.4 2.4

0.0 0.0 3.0912061651652345 3.0912061651652345

2.0548046676563256 2.0548046676563256 2.5495097567963922 2.5495097567963922

2.277608394786075 2.277608394786075 2.5860201081971503 2.5860201081971503

2.277608394786075 2.277608394786075 2.345207879911715 2.345207879911715

1.1547005383792515 1.1547005383792515 0.9797958971132712 0.9797958971132712

0.7284313590846835 0.7284313590846835 0.8660254037844386 0.8660254037844386

1.5275252316519468 1.5275252316519468 2.8284271247461903 2.8284271247461903

1.6 1.6 3.0 3.0

1.4907119849998596 1.4907119849998596 4.0 4.0

1.6 1.6 3.2998316455372216 3.2998316455372216

1.7435595774162693 1.7435595774162693 1.299038105676658 1.299038105676658

1.6 1.6 1.632993161855452 1.632993161855452

1.49071198499986 1.49071198499986 2.449489742783178 2.449489742783178

0.82915619758885 0.82915619758885 2.23606797749979 2.23606797749979

0.6324555320336759 0.6324555320336759 2.6246692913372702 2.6246692913372702

0.7483314773547882 0.7483314773547882 1.632993161855452 1.632993161855452

0.8944271909999159 0.8944271909999159 2.8284271247461903 2.8284271247461903

0.6324555320336759 0.6324555320336759 3.2691742076555053 3.2691742076555053

0.6324555320336759 0.6324555320336759 2.5495097567963922 2.5495097567963922

0.82915619758885 0.82915619758885 2.6381811916545836 2.6381811916545836

1.019803902718557 1.019803902718557 1.5 1.5

1.3564659966250536 1.3564659966250536 1.6733200530681511 1.6733200530681511

1.3564659966250538 1.3564659966250538 1.8973665961010275 1.8973665961010275

1.3564659966250538 1.3564659966250538 1.9390719429665317 1.9390719429665317

1.224744871391589 1.224744871391589 1.8547236990991407 1.8547236990991407

1.019803902718557 1.019803902718557 1.624807680927192 1.624807680927192

1.920286436967152 1.920286436967152 1.1547005383792515 1.1547005383792515

2.8613807855648994 2.8613807855648994 2.4 2.4

2.8613807855648994 2.8613807855648994 2.165063509461097 2.165063509461097

3.082207001484488 3.082207001484488 1.247219128924647 1.247219128924647

2.0463381929681126 2.0463381929681126 1.247219128924647 1.247219128924647

1.7204650534085255 1.7204650534085255 1.632993161855452 1.632993161855452

0.9428090415820634 0.9428090415820634 2.0 2.0

1.224744871391589 1.224744871391589 3.8586123009300755 3.8586123009300755

1.224744871391589 1.224744871391589 3.858612300930075 3.858612300930075

1.7853571071357126 1.7853571071357126 2.6246692913372702 2.6246692913372702

1.4907119849998596 1.4907119849998596 2.33238075793812 2.33238075793812

1.9595917942265426 1.9595917942265426 2.3323807579381204 2.3323807579381204

2.277608394786075 2.277608394786075 2.48746859276655 2.48746859276655

2.0615528128088303 2.0615528128088303 1.5 1.5

2.0615528128088303 2.0615528128088303 1.1661903789690602 1.1661903789690602

1.5 1.5 1.0897247358851685 1.0897247358851685

0.5 0.5 0.5 0.5

0.5 0.5 0.7071067811865476 0.7071067811865476

1.0954451150103321 1.0954451150103321 2.345207879911715 2.345207879911715

1.699673171197595 1.699673171197595 3.091206165165235 3.091206165165235

2.0 2.0 3.2998316455372216 3.2998316455372216

1.6393596310755 1.6393596310755 3.031088913245535 3.031088913245535

1.5 1.5 1.7435595774162693 1.7435595774162693

1.0954451150103321 1.0954451150103321 2.8 2.8

1.3564659966250536 1.3564659966250536 5.185449728701348 5.185449728701348

1.6733200530681511 1.6733200530681511 7.5 7.5

1.7853571071357126 1.7853571071357126 7.5 7.5

1.4142135623730951 1.4142135623730951 5.0 5.0

1.699673171197595 1.699673171197595 3.0 3.0

0.4714045207910317 0.4714045207910317 0.9428090415820634 0.9428090415820634

0.816496580927726 0.816496580927726 0.816496580927726 0.816496580927726

0.9428090415820634 0.9428090415820634 0.9428090415820634 0.9428090415820634

0.9428090415820634 0.9428090415820634 0.9428090415820634 0.9428090415820634

0.82915619758885 0.82915619758885 1.632993161855452 1.632993161855452

0.3726779962499649 0.3726779962499649 2.598076211353316 2.598076211353316

0.4330127018922193 0.4330127018922193 3.0 3.0

0.4000000000000001 0.4000000000000001 2.6246692913372702 2.6246692913372702

0.4714045207910317 0.4714045207910317 2.0463381929681126 2.0463381929681126

0.4898979485566356 0.4898979485566356 0.82915619758885 0.82915619758885

0.4714045207910317 0.4714045207910317 0.0 0.0

0.4714045207910317 0.4714045207910317 0.0 0.0

0.5 0.5 0.816496580927726 0.816496580927726

0.4330127018922193 0.4330127018922193 0.5 0.5

0.4714045207910317 0.4714045207910317 0.4330127018922193 0.4330127018922193

0.4714045207910317 0.4714045207910317 0.4330127018922193 0.4330127018922193

0.4714045207910317 0.4714045207910317 0.4898979485566356 0.4898979485566356

0.0 0.0 0.4330127018922193 0.4330127018922193

0 0 0.4714045207910317 0.4714045207910317

0.5 0.5 1.247219128924647 1.247219128924647

0.0 0.0 0.9428090415820634 0.9428090415820634

0.0 0.0 1.0 1.0

0.0 0.0 1.0 1.0

0.0 0.0 0.0 0.0

0.0 0.0 0.0 0.0

0 0 0.0 0.0

0.0 0.0 0.0 0.0

0.0 0.0 0.0 0.0

1.5 1.5 2.0 2.0

1.0 1.0 1.5 1.5

1.0 1.0 1.0 1.0

0.0 0.0 0.9428090415820634 0.9428090415820634

0.0 0.0 0.9428090415820634 0.9428090415820634

0.0 0.0 0.0 0.0

0 0 0.0 0.0

0 0 0.0 0.0

0.0 0.0 0.4330127018922193 0.4330127018922193

0.5 0.5 0.82915619758885 0.82915619758885

0.0 0.0 1.0 1.0

1.0 1.0 0.9428090415820634 0.9428090415820634

0.8944271909999159 0.8944271909999159 0.8975274678557508 0.8975274678557508

0.8 0.8 0.7637626158259734 0.7637626158259734

0.4 0.4 0.3726779962499649 0.3726779962499649

0.4 0.4 0.3726779962499649 0.3726779962499649

0.4714045207910317 0.4714045207910317 0.4330127018922193 0.4330127018922193

0.0 0.0 0.0 0.0

0.4330127018922193 0.4330127018922193 0.4 0.4

0.4714045207910317 0.4714045207910317 0.82915619758885 0.82915619758885

0.5 0.5 0.7483314773547883 0.7483314773547883

0.4898979485566356 0.4898979485566356 0.6324555320336759 0.6324555320336759

0.4000000000000001 0.4000000000000001 0.6324555320336759 0.6324555320336759

0.4 0.4 0.0 0.0

0.3726779962499649 0.3726779962499649 0.3726779962499649 0.3726779962499649

0.4330127018922193 0.4330127018922193 0.5 0.5

0.4000000000000001 0.4000000000000001 0.4948716593053935 0.4948716593053935

0.3726779962499649 0.3726779962499649 0.4948716593053935 0.4948716593053935

0.3726779962499649 0.3726779962499649 1.7716909687891083 1.7716909687891083

0.4 0.4 1.8547236990991407 1.8547236990991407

0.4 0.4 1.7435595774162693 1.7435595774162693

0.4898979485566356 0.4898979485566356 1.8856180831641267 1.8856180831641267

0.5 0.5 2.0548046676563256 2.0548046676563256

0.4330127018922193 0.4330127018922193 2.6246692913372702 2.6246692913372702

0.4000000000000001 0.4000000000000001 2.494438257849294 2.494438257849294

0.4000000000000001 0.4000000000000001 2.494438257849294 2.494438257849294

