3094 30 15918 25 2 2 801 54 3759 24 2 2
3107 0 15916 27 2 2 814 27 3758 26 2 2
3117 0 15914 26 2 2 835 54 3760 25 2 2
3144 30 15909 27 2 2 949 54 3867 26 2 2
3554 0 14315 25 2 2 993 54 3541 24 2 2
4263 0 15412 24 2 1 1079 54 3593 23 2 1
4273 60 15410 25 2 1 1088 54 3591 24 2 1
4258 60 15414 24 2 1 1074 54 3593 23 2 1
4235 0 15419 25 2 1 1062 54 3595 24 2 1
4212 0 15424 22 2 2 1040 0 3597 22 2 2
2440 0 9222 22 3 2 554 0 1619 22 3 2
2425 0 9225 20 3 2 540 0 1620 20 3 2
2417 0 9227 21 3 2 521 0 1610 21 3 2
2296 0 9209 18 4 3 376 0 1291 18 4 3
832 0 6175 18 4 4 134 0 738 18 4 4
53 0 116 17 5 4 48 0 104 17 5 4
45 0 100 17 5 4 40 0 90 17 5 4
37 0 91 16 5 5 33 0 81 16 5 5
38 0 94 15 6 5 41 0 121 15 6 5
44 0 102 17 5 5 47 0 126 17 5 5
164 0 1324 16 5 5 59 0 189 16 5 5
163 0 1325 18 5 5 63 0 214 18 5 5
9501 0 56915 16 5 4 388 0 1603 16 5 4
18322 0 71416 18 4 4 620 0 1900 18 4 4
20463 0 72223 19 3 3 1417 0 4933 19 3 3
20524 0 72208 21 3 3 1424 0 4931 21 3 3
20545 0 72202 21 3 2 1445 0 4931 21 3 2
20546 0 72202 22 3 2 1445 0 4930 22 3 2
20548 0 72201 21 3 2 1440 0 4931 21 3 2
20545 0 72202 20 3 2 1443 0 4931 20 3 2
20425 0 72224 20 3 2 1431 0 4932 20 3 2
25135 0 74781 19 3 3 2176 0 5512 19 3 3
16168 0 51388 19 3 3 2036 0 5513 19 3 3
7353 0 27235 20 3 3 1810 0 5477 20 3 3
5212 0 23868 19 3 3 1013 0 3146 19 3 3
5159 0 23874 17 4 3 1012 0 3145 17 4 3
5146 0 23876 19 3 3 1002 0 3141 19 3 3
5279 0 23873 21 3 2 1085 0 3174 21 3 2
5275 0 23874 20 3 2 1081 0 3175 20 3 2
5281 0 23872 21 2 2 1080 0 3174 21 2 2
5276 0 23873 20 3 2 1075 0 3176 20 3 2
568 0 2636 22 3 2 327 0 1546 22 3 2
205 0 1106 23 3 2 151 0 614 23 3 2
206 0 1105 23 3 2 151 0 614 23 3 2
205 0 1106 22 3 2 150 0 614 22 3 2
188 0 1107 21 3 3 135 0 615 21 3 3
465 0 3199 21 3 3 179 0 727 21 3 3
1437 0 7826 20 3 3 563 0 4720 20 3 3
1435 0 7826 21 3 3 561 0 4720 21 3 3
1424 0 7828 20 4 3 551 0 4721 20 4 3
1439 0 7825 20 3 3 565 0 4720 20 3 3
1438 0 7825 19 4 3 562 0 4720 19 4 3
1428 0 7827 18 4 3 553 0 4721 19 4 3
1423 0 7828 18 4 4 563 0 4722 19 4 3
2416 0 9950 18 4 3 842 0 5145 19 4 3
2417 0 9950 20 3 3 843 0 5144 21 3 3
2426 0 9933 19 4 2 864 0 5142 20 3 3
1334 0 6977 20 3 2 409 0 2147 21 3 2
1648 0 7138 21 3 2 541 0 2242 22 3 2
1975 0 7384 22 3 2 663 0 2315 23 2 2
1960 0 7388 22 3 2 650 0 2317 23 3 2
2685 0 8689 21 3 3 896 0 2781 22 3 3
2686 0 8688 22 3 3 897 0 2781 22 3 3
2686 0 8688 21 3 3 883 0 2781 21 3 3
2473 0 9641 22 3 3 735 0 2118 22 3 3
2482 0 9639 21 3 3 753 0 2117 21 3 3
2199 0 9238 23 3 3 697 0 2101 23 3 3
2190 0 9240 20 4 4 688 0 2102 20 4 4
4361 0 16420 20 4 4 1040 0 3412 20 4 4
4042 0 16357 22 3 3 925 0 3375 22 3 3
4047 0 16356 24 3 3 929 0 3374 24 3 3
3321 0 15766 26 3 3 683 0 3006 26 3 3
3329 0 15765 25 3 3 690 0 3005 25 3 3
3329 0 15765 26 2 3 690 0 3005 26 2 3
2550 0 13971 26 3 2 559 0 2849 26 3 2
2543 0 13972 24 3 3 543 0 2849 24 3 3
2548 0 13972 24 3 3 549 0 2852 24 3 3
2653 0 14000 24 3 3 569 0 2853 24 3 3
2456 0 14138 24 3 3 191 0 628 24 3 3
5686 0 22122 20 3 3 433 0 1230 20 3 3
5692 0 22120 19 3 2 438 0 1230 19 3 2
5693 0 22120 18 4 2 445 0 1230 18 4 2
15188 0 54601 16 4 2 1115 0 4076 16 4 2
16193 0 54844 17 3 2 1170 0 4069 17 3 2
16203 60 54841 18 3 2 1178 54 4067 18 3 2
16200 0 54842 17 3 3 1176 0 4067 17 3 3
16190 60 54845 17 3 3 1157 54 4066 17 3 3
16089 60 54862 19 2 3 1141 54 4067 19 2 3
13803 60 53607 19 3 3 1037 54 4053 19 3 3
10568 0 51349 21 3 3 792 0 3951 21 3 3
10567 0 51349 23 2 3 790 0 3951 23 2 3
10563 0 51350 25 2 3 780 0 3952 25 2 3
1057 0 7553 24 3 3 100 0 260 24 3 3
56 0 117 24 3 3 49 0 105 24 3 3
51 0 94 27 2 2 45 0 83 27 2 2
50 0 94 26 3 3 45 0 83 26 2 3
41 0 84 23 3 5 37 0 74 23 3 5
38 0 78 23 3 5 34 0 71 23 3 5
38 0 79 24 3 5 34 0 71 24 3 5
1101 0 6885 21 3 5 187 0 888 21 3 5
2317 0 9972 20 4 5 478 0 1853 20 4 5
2315 0 9973 18 4 5 476 0 1854 18 4 5
2314 0 9973 18 4 5 476 0 1854 18 4 5
2310 0 9974 15 6 7 472 0 1855 15 6 7
2309 0 9974 14 6 7 471 0 1855 14 6 7
2310 0 9974 15 6 6 472 0 1855 15 6 6
2310 0 9974 15 6 6 472 0 1855 15 6 6
2306 0 9975 11 8 9 468 0 1856 11 8 9
2307 0 9974 10 9 9 469 0 1856 10 9 9
1240 0 7394 9 11 10 312 0 1657 9 11 10
15 0 59 7 15 11 13 0 53 7 15 11
17 0 64 6 18 15 14 0 57 6 18 15
16 0 60 6 18 13 14 0 53 6 18 13
16 0 60 6 18 14 14 0 53 6 18 14
11 0 50 4 28 13 9 0 44 4 28 13
15 0 59 4 27 16 13 0 53 4 27 16
15 0 59 4 27 14 13 0 53 4 27 14
15 0 59 4 27 16 13 0 53 4 27 16
10 0 49 3 38 2 9 0 44 3 38 2
15 0 59 4 27 15 13 0 53 4 27 15
533 0 4506 5 21 17 87 0 579 5 21 17
541 0 4507 6 17 17 93 0 585 6 17 17
685 0 4766 7 15 14 120 0 662 7 15 14
1147 0 6550 8 13 12 218 0 898 8 13 12
2012 0 7661 10 9 11 372 0 1129 10 9 11
2440 0 8887 11 8 10 450 0 1418 11 8 10
8971 0 42298 12 7 7 1350 0 6001 13 7 7
8994 0 42293 13 6 4 1385 0 5999 14 6 4
10072 0 42742 16 5 3 1532 0 6024 17 4 3
10078 0 42740 18 4 3 1535 0 6023 19 4 3
9559 0 42618 17 4 4 1462 0 6013 18 4 3
9549 0 42620 16 5 4 1453 0 6015 17 4 4
9404 0 42622 17 4 3 1426 0 6013 19 4 3
8948 0 42474 18 4 4 1334 0 6001 20 3 3
8083 0 42429 15 5 4 1180 0 5986 17 4 4
7650 0 42247 14 6 5 1097 0 5935 16 5 4
1123 0 7577 16 5 4 201 0 871 17 5 4
1104 0 7579 16 5 5 169 0 843 17 5 4
27 0 81 15 6 5 22 0 59 16 5 5
26 0 99 14 7 5 36 0 217 15 6 5
696 0 5100 16 5 4 102 0 514 17 5 4
701 0 5099 18 5 4 106 0 515 19 4 4
701 0 5099 18 5 4 106 0 515 18 5 4
701 0 5099 18 5 4 106 0 515 18 5 4
704 0 5099 20 4 3 108 0 515 20 4 3
707 0 5098 20 4 3 111 0 515 20 4 3
708 0 5098 21 4 3 111 0 515 21 4 3
706 0 5099 20 4 2 108 0 515 20 4 3
708 0 5098 21 4 3 111 0 515 21 4 3
698 0 5099 18 5 4 89 0 472 18 5 4
28 0 70 16 6 5 23 0 60 16 6 5
818 0 8505 18 5 5 140 0 1119 18 5 5
835 0 8505 17 5 5 155 0 1126 17 5 5
829 0 8505 15 6 7 150 0 1127 15 6 7
826 0 8505 13 8 9 148 0 1127 13 8 9
823 0 8506 12 8 11 145 0 1127 12 8 11
819 0 8506 12 8 11 142 0 1127 11 9 11
818 0 8506 12 8 11 142 0 1127 11 9 11
815 0 8506 10 10 12 139 0 1127 9 12 13
816 0 8506 11 9 11 139 0 1127 10 10 12
815 0 8506 10 10 12 139 0 1127 9 12 13
20 0 156 6 19 13 18 0 148 5 23 12
2 0 10 5 23 13 1 0 8 4 29 9
2 0 11 6 19 12 1 0 9 5 23 11
2 0 11 6 19 13 1 0 9 5 23 12
2 0 10 5 23 15 1 0 8 4 29 11
2 0 10 5 23 18 1 0 9 5 23 18
1 0 9 4 29 14 1 0 8 4 29 14
1 0 9 4 29 16 1 0 8 4 29 16
1 0 7 3 39 3 0 0 6 3 39 3
1 0 9 4 29 16 1 0 8 4 29 16
2 0 10 5 23 17 1 0 9 5 23 17
2 0 11 5 23 17 2 0 10 5 23 17
2 0 10 5 23 14 1 0 9 5 23 14
2 0 10 5 23 14 1 0 9 5 23 14
2 0 10 5 23 17 1 0 9 5 23 17
1 0 9 4 29 21 1 0 8 4 29 21
9 0 89 5 23 24 21 0 214 5 23 24
82 0 569 6 18 22 74 0 464 6 18 22
9174 0 70937 9 11 19 586 0 3318 9 11 19
9174 0 70937 9 11 19 587 0 3318 9 11 19
9174 0 70937 9 11 20 587 0 3318 9 11 20
9175 0 70937 9 11 17 588 0 3317 9 11 17
9181 0 70936 11 9 12 593 0 3317 11 9 12
9182 0 70936 13 7 8 594 0 3317 13 7 8
9182 0 70936 13 7 6 594 0 3317 13 7 6
9186 0 70935 14 6 6 598 0 3316 14 6 6
9178 0 70936 13 7 6 578 0 3312 13 7 6
9107 0 70943 14 7 6 525 0 3295 14 7 6
14 0 55 11 9 6 13 0 51 11 9 6
18 0 63 11 9 6 16 0 57 11 9 6
18 0 63 10 10 6 16 0 57 10 10 6
17 0 63 10 10 6 15 0 57 10 10 6
11 0 49 9 12 8 10 0 44 9 12 8
14 0 58 9 12 7 12 0 52 9 12 7
14 0 58 9 12 7 12 0 52 9 12 7
12 0 57 9 12 9 14 0 81 9 12 9
1888 0 12045 9 11 9 390 0 2352 9 11 9
1899 0 12043 12 8 9 408 0 2353 12 8 9
1909 0 12042 15 6 8 416 0 2353 15 6 8
1905 0 12043 14 7 8 413 0 2354 14 7 8
3476 0 15447 13 7 9 810 0 3293 13 7 9
3646 0 15518 15 6 7 829 0 3294 15 6 7
3647 0 15518 17 5 6 829 0 3294 17 5 6
3650 0 15518 16 5 5 832 0 3293 16 5 5
3655 0 15516 19 4 4 837 0 3292 19 4 4
3653 0 15517 19 4 4 831 0 3293 19 4 4
1778 0 10115 19 4 4 457 0 2377 19 4 4
1766 0 10116 15 6 4 438 0 2376 15 6 4
1760 0 10117 14 6 4 433 0 2376 14 6 4
1760 0 10117 14 6 5 433 0 2376 14 6 5
189 0 1840 12 8 8 35 0 199 12 8 8
22 0 80 11 9 11 20 0 72 11 9 11
21 0 80 10 10 11 19 0 72 10 10 11
15 0 59 8 13 13 13 0 53 8 13 13
10 0 49 6 18 15 9 0 44 6 18 15
13 0 61 6 18 16 12 0 55 6 18 16
13 0 61 7 16 16 11 0 55 7 16 16
13 0 61 7 16 16 11 0 55 7 16 16
9 0 51 6 19 14 8 0 46 6 19 14
12 0 63 7 16 13 11 0 57 7 16 13
1983 0 10966 8 13 12 370 0 1823 8 13 12
62975 0 198411 7 13 13 2980 0 8176 7 13 13
88597 0 219695 8 10 10 3840 0 8659 8 10 10
88599 0 219694 11 7 7 3840 0 8659 11 7 7
88613 0 219688 13 5 7 3853 0 8653 13 5 7
88615 0 219687 13 5 7 3855 0 8653 13 5 7
88629 0 219682 14 4 6 3867 0 8647 14 5 6
88896 0 219584 15 4 4 3904 0 8636 15 4 4
89030 30 219533 17 3 2 3933 0 8625 17 3 2
94687 60 219053 19 2 2 4130 54 8580 19 2 2
92977 60 219520 19 3 2 3801 27 8534 19 3 2
36449 0 116757 21 3 2 1447 0 4004 21 3 2
10842 0 45395 22 3 2 602 0 1944 22 3 2
10841 0 45396 19 3 3 601 0 1944 19 3 3
10828 0 45399 18 4 5 589 0 1947 18 4 5
10824 0 45400 17 4 6 586 0 1948 17 4 6
11004 0 45377 16 5 6 650 0 1996 16 5 6
10737 0 45394 16 5 6 614 0 1985 16 5 6
20249 0 73642 14 6 7 1520 0 5595 14 6 7
17597 0 70288 12 6 7 1787 0 6058 12 6 7
17546 0 70262 12 6 8 1840 0 6058 12 6 8
17195 0 69676 14 5 7 2113 0 7036 14 5 7
17190 0 69677 15 4 7 2109 0 7037 15 4 7
17203 60 69674 17 3 5 2120 54 7034 17 3 5
17213 60 69672 17 3 5 2129 54 7031 17 3 5
17233 60 69667 18 2 4 2147 54 7027 18 2 4
17055 60 69697 19 2 3 2085 54 7026 19 2 3
17060 120 69696 23 1 1 2089 108 7025 23 1 1
7419 60 37877 23 1 1 1163 54 4799 23 1 1
5795 60 36022 26 1 1 1059 54 4664 26 1 1
5644 60 36015 25 2 1 1010 54 4652 25 2 1
2581 60 10510 24 1 1 1327 54 4714 24 1 1
2595 60 10508 22 2 1 1356 54 4716 22 2 1
2595 60 10508 23 2 1 1363 54 4716 23 2 1
2588 60 10509 25 2 1 1357 54 4717 25 2 1
5693 60 21730 23 2 1 1869 54 5548 23 2 1
5691 0 21731 24 2 1 1871 54 5547 25 2 1
5703 60 21728 25 2 1 1891 54 5542 25 2 1
5705 60 21727 25 2 1 1889 54 5543 25 2 1
4326 60 19971 24 2 1 1530 54 5137 24 2 1
25904 60 108809 23 2 1 2657 54 6701 23 2 1
25013 60 108886 25 2 1 1874 54 5505 25 2 1
25314 60 108847 26 2 1 1886 54 5502 26 2 1
29006 30 110116 24 2 1 2657 54 6743 24 2 1
29051 60 110105 25 2 1 2702 54 6731 25 2 1
28663 60 109648 24 2 1 2530 54 6288 24 2 1
28837 60 109617 23 2 1 2594 54 6285 22 2 1
31053 90 110358 21 2 1 2799 108 6262 21 2 1
32782 210 110507 19 2 1 3244 162 6566 19 2 1
32800 150 110502 20 2 1 3262 135 6561 20 2 1
11164 60 32693 19 2 2 2102 54 5098 19 2 2
11021 60 32721 19 2 2 2051 54 5101 19 2 2
10704 60 32724 20 2 2 2009 54 5106 20 2 2
9477 60 32459 20 2 2 1579 54 3726 20 2 2
9484 60 32459 20 2 2 1537 54 3732 20 2 2
6769 60 28865 22 2 2 1202 54 3372 22 2 2
6585 60 28851 23 2 2 1125 54 3354 23 2 2
10507 0 43062 23 2 2 1717 0 5250 23 2 2
8785 0 41765 23 2 2 1300 0 4720 23 2 2
12712 60 45672 21 2 2 2039 54 5465 21 2 2
22356 60 64554 20 2 2 2854 81 6058 20 2 2
28399 120 77899 19 2 2 2999 108 6065 19 2 2
30162 120 78425 17 2 2 3113 199 6066 17 2 2
27704 120 76526 17 2 2 2779 172 5814 17 2 2
27671 210 76537 15 2 2 2792 216 5809 15 2 2
27668 210 76538 14 2 2 2800 216 5804 14 2 2
36262 375 79995 12 2 2 5015 459 9990 12 2 2
34374 375 78718 12 2 1 4379 459 9371 12 2 1
34391 420 78711 12 1 1 4372 459 9372 12 1 1
30457 300 77617 15 1 1 3625 324 9149 15 1 1
21733 240 64459 17 1 1 2940 216 8858 17 1 1
19728 240 53119 16 1 1 3312 216 9225 16 1 1
17979 210 51983 16 1 1 3211 189 9222 16 1 1
17970 180 51986 15 2 2 3195 162 9227 15 2 2
17980 240 51982 16 2 1 3203 216 9224 16 2 1
17964 180 51988 17 2 2 3176 162 9232 17 2 2
9379 120 42976 20 2 1 969 108 3311 20 2 1
5126 120 29322 21 2 1 796 108 3225 21 2 1
5113 90 29324 21 2 1 785 81 3226 21 2 1
5112 60 29325 20 2 2 785 54 3226 20 2 2
4197 60 27815 21 2 2 659 54 3083 22 2 2
150 60 226 23 2 2 135 54 205 24 2 1
139 60 203 25 2 1 124 54 180 26 2 1
140 60 224 25 2 1 122 54 187 26 2 1
108 0 203 24 2 2 94 0 167 25 2 1
111 0 204 24 2 1 97 0 168 25 2 1
120 60 205 23 2 2 104 54 169 24 2 1
111 0 200 24 2 1 96 0 164 25 2 1
92 0 191 23 3 2 80 0 155 24 2 2
86 0 170 22 3 2 74 0 134 23 3 2
98 0 239 20 3 3 101 0 354 20 3 3
108 0 264 18 4 3 109 0 366 20 3 3
97 0 262 18 4 3 99 0 365 19 4 3
92 0 239 18 4 3 96 0 359 19 4 3
91 0 239 16 5 4 95 0 359 17 4 4
85 0 238 15 5 4 90 0 359 16 5 4
75 0 244 16 5 3 78 0 357 17 5 3
71 0 244 15 6 3 75 0 356 16 5 3
71 0 244 14 6 4 75 0 357 15 6 4
110 0 471 12 8 6 123 0 590 13 7 6
1116 0 5795 13 7 6 274 0 1201 14 6 6
1099 0 5797 14 6 6 261 0 1199 14 6 6
1097 0 5797 13 7 6 259 0 1199 13 7 6
1092 0 5798 12 8 7 255 0 1200 12 8 7
1098 0 5797 13 7 7 260 0 1200 13 7 7
1245 0 5918 12 7 7 321 0 1240 12 7 7
1268 0 5923 12 8 7 322 0 1240 12 8 7
1674 0 7327 12 8 6 369 0 1332 12 8 6
1689 0 7324 15 6 5 393 0 1338 15 6 5
7318 0 33097 15 5 5 922 0 3782 15 5 5
7650 0 33719 15 5 5 1151 0 4231 15 5 5
8693 0 33900 14 5 5 1816 0 4951 14 5 5
8955 0 33897 15 4 2 1876 0 4942 15 4 2
8968 0 33893 16 4 2 1888 0 4938 16 4 2
8973 0 33892 16 3 2 1892 0 4936 16 3 2
8832 0 33903 17 3 2 1837 0 4944 17 3 2
8810 60 33907 19 3 2 1840 54 4943 19 3 2
8407 60 33717 20 2 1 1795 54 4932 20 2 1
8402 60 33718 18 2 1 1780 54 4934 18 2 1
2725 60 10366 21 2 1 1195 54 3556 21 2 1
1381 60 5640 20 2 2 794 54 2847 20 2 2
341 0 2073 20 3 2 139 0 380 20 3 2
540 0 2473 22 3 2 225 0 635 22 3 2
529 0 2474 21 3 2 215 0 636 21 3 2
4419 0 28863 20 3 2 1226 0 8349 20 3 2
4430 0 28861 19 3 2 1236 0 8349 19 3 2
4421 0 28863 18 4 2 1228 0 8350 18 4 2
4424 0 28862 18 4 3 1231 0 8350 18 4 3
4427 0 28862 17 4 3 1233 0 8350 17 4 3
4434 0 28861 18 3 2 1240 0 8349 18 3 2
4433 0 28861 18 3 2 1236 0 8349 18 3 2
4442 0 28860 18 3 2 1239 0 8349 18 3 2
3983 0 28816 17 4 3 1093 0 8344 17 4 3
3981 0 28816 16 4 5 1092 0 8344 16 4 5
104 0 287 16 4 5 93 0 261 16 4 5
87 0 238 16 5 5 77 0 213 16 5 5
84 0 237 16 5 5 75 0 213 16 5 5
78 0 237 13 6 5 69 0 212 13 6 5
65 0 225 13 7 7 58 0 202 13 7 7
59 0 223 11 8 8 53 0 200 11 8 8
49 0 217 9 11 9 45 0 196 9 11 9
32 0 202 7 15 10 29 0 182 7 15 10
31 0 202 7 15 13 28 0 182 7 15 13
33 0 202 7 15 13 30 0 182 7 15 13
14 0 47 7 15 13 11 0 37 7 15 13
11 0 44 5 22 11 9 0 35 5 22 11
11 0 44 5 22 11 9 0 35 5 22 11
11 0 44 5 22 10 9 0 35 5 22 10
11 0 44 5 22 14 9 0 35 5 22 14
8 0 42 4 28 14 6 0 32 4 28 14
42 0 329 5 22 17 60 0 467 5 22 17
12778 0 71939 5 20 17 1538 0 8060 5 20 17
12856 0 71927 7 13 17 1590 0 8057 7 13 17
12865 0 71926 7 13 17 1598 0 8056 7 13 17
12861 0 71926 6 16 18 1596 0 8057 6 16 18
12883 0 71922 9 10 16 1616 0 8053 9 10 16
12882 0 71923 11 8 12 1615 0 8053 11 8 12
12882 0 71923 11 8 9 1615 0 8053 11 8 9
13319 0 71902 15 5 7 1758 0 8053 15 5 7
16121 0 73527 17 4 5 2065 0 8105 17 4 5
16316 0 73525 18 3 5 2036 0 8103 18 3 5
3580 0 17915 19 4 5 559 0 1545 20 4 5
3522 0 17918 20 3 5 525 0 1520 21 3 5
3520 0 17918 23 3 4 523 0 1517 24 3 3
3526 0 17917 25 2 3 528 0 1516 26 2 3
3507 0 17921 23 3 3 511 0 1519 24 3 3
3529 0 17917 21 3 3 531 0 1515 22 3 3
3538 0 17915 23 3 2 539 0 1514 24 2 2
3101 0 17758 19 4 4 396 0 1393 20 3 4
303 0 2467 19 4 4 92 0 283 20 4 4
90 0 175 20 3 4 81 0 158 21 3 4
93 0 175 21 3 4 83 0 158 21 3 4
74 0 155 19 4 4 66 0 139 19 4 4
71 0 163 16 5 5 63 0 146 16 5 5
71 0 162 16 5 5 63 0 145 16 5 5
69 0 159 16 5 5 61 0 143 16 5 5
928 0 8748 16 5 5 78 0 243 16 5 5
934 0 8749 16 5 4 83 0 279 16 5 4
2047 0 12145 18 4 4 200 0 921 18 4 4
3339 0 14409 19 4 4 447 0 1572 19 4 4
3328 0 14411 18 4 4 437 0 1573 18 4 4
3328 0 14411 17 5 4 438 0 1573 17 5 4
4662 0 20256 19 4 3 501 0 1700 19 4 3
4662 0 20256 21 4 3 507 0 1699 21 4 3
6413 0 24033 20 4 3 618 0 1880 20 4 3
6413 0 24033 22 3 3 618 0 1880 22 3 3
5540 0 22598 21 3 3 588 0 1876 21 3 3
5529 0 22600 23 3 2 585 0 1875 23 3 2
6373 0 23694 21 3 2 745 0 2150 21 3 2
5094 0 22561 19 4 3 525 0 1783 19 4 3
9501 0 31126 20 3 2 799 0 2309 20 3 2
9502 0 31126 21 3 2 798 0 2310 21 3 2
8172 0 27911 19 4 2 737 0 2226 19 4 2
8166 0 27913 18 4 3 726 0 2228 18 4 3
6415 0 24859 17 4 3 615 0 2083 18 4 3
11229 0 38204 18 4 3 1264 0 4762 18 4 3
11852 0 38349 18 4 3 1438 0 5000 18 4 3
11854 0 38349 19 3 3 1433 0 5000 19 3 3
9902 0 37123 20 4 3 1167 0 4856 20 3 3
14705 0 48315 18 4 3 1709 0 5607 18 4 3
10304 0 43820 18 4 3 1438 0 5457 18 4 3
19866 0 69845 16 4 3 3197 0 9476 16 4 3
20503 0 69872 18 3 2 3421 0 9504 18 3 2
20699 60 69831 17 3 2 3505 54 9492 17 3 2
20826 60 69805 16 3 2 3526 54 9485 16 3 2
17949 60 66495 16 3 2 3137 54 8788 16 3 2
17330 60 66467 15 3 2 2968 54 8688 15 3 2
17338 60 66465 14 3 2 2974 54 8686 14 3 2
17335 60 66466 14 3 2 2965 54 8688 14 3 3
12544 60 59047 15 3 2 2420 54 8304 15 3 2
12554 60 59045 15 3 2 2425 54 8303 15 3 2
2996 60 19708 15 3 3 671 54 2489 15 3 3
2497 60 19058 15 3 3 490 54 2119 15 3 3
2310 30 19021 17 3 2 414 54 2055 17 3 2
2183 60 18992 17 3 2 394 54 2052 16 3 2
245 0 1285 16 4 3 134 0 365 15 4 3
253 0 1282 17 3 3 140 0 358 16 3 3
244 0 1282 17 4 3 132 0 356 16 4 3
254 0 1282 18 3 3 141 0 360 17 3 3
227 0 1278 18 4 3 117 0 342 17 4 3
223 0 1275 17 4 3 118 0 342 16 4 3
226 0 1274 18 3 3 119 0 339 17 4 3
87 0 158 20 3 3 76 0 138 19 3 3
99 0 197 21 3 3 95 0 220 20 3 3
119 0 264 21 3 3 113 0 271 21 3 3
359 0 2186 25 2 2 218 0 829 25 2 2
361 0 2194 23 2 2 219 0 845 23 2 2
364 0 2194 26 2 2 222 0 846 26 2 2
351 0 2194 24 3 3 210 0 845 24 2 3
349 0 2194 22 3 5 209 0 846 22 3 5
334 0 2196 21 3 7 196 0 847 21 3 7
322 0 2197 18 4 11 187 0 847 18 4 11
319 0 2197 14 6 15 184 0 848 14 6 15
297 0 2196 13 7 19 155 0 833 13 7 19
270 0 2191 9 11 26 131 0 819 9 11 26
32 0 222 6 18 35 32 0 206 6 18 35
5572 0 39203 7 15 33 394 0 2329 7 15 33
5566 0 39204 5 22 36 389 0 2329 6 18 34
5566 0 39204 5 22 30 389 0 2329 6 18 29
5569 0 39204 6 18 24 396 0 2329 7 15 23
5581 0 39202 8 13 17 407 0 2329 9 11 17
5698 0 39206 11 9 12 448 0 2360 12 8 12
5698 0 39206 11 9 9 448 0 2360 12 8 9
5703 0 39205 12 8 8 452 0 2360 13 7 7
5710 0 39204 13 7 6 463 0 2360 14 6 6
5707 0 39204 12 8 7 458 0 2360 13 7 7
155 0 1263 12 8 8 99 0 480 13 7 8
1485 0 10281 14 6 8 157 0 559 14 6 8
2035 0 10978 14 6 8 322 0 942 14 6 8
2230 0 11115 17 4 7 364 0 983 17 4 7
2881 0 11502 17 4 7 584 0 1244 17 4 7
2775 0 11458 16 4 7 554 0 1185 16 4 7
3174 0 11694 19 3 5 626 0 1220 19 3 5
3302 0 11750 19 3 5 644 0 1235 19 3 5
3430 0 11802 21 3 3 658 0 1248 21 3 3
3595 0 11848 23 2 1 698 0 1257 23 2 1
3721 0 11880 23 2 1 701 0 1254 23 2 1
2414 0 6551 23 2 1 665 0 1243 23 2 1
2198 0 5817 23 3 1 533 0 1054 23 3 1
2023 0 5547 20 3 2 493 0 1023 20 3 2
1704 0 5186 23 3 2 298 0 691 23 3 2
1693 0 5189 21 4 2 288 0 693 20 4 3
1474 0 4868 19 4 2 233 0 611 18 5 3
1408 0 4683 19 4 4 283 0 719 18 4 4
1591 0 4828 18 4 4 350 0 775 17 5 4
1426 0 4644 16 5 4 309 0 742 15 6 5
1665 0 5270 15 6 5 377 0 998 14 6 5
1690 0 5270 15 6 5 380 0 1012 14 6 5
1358 0 4701 14 6 5 354 0 994 13 7 5
