2221 2221 2 0 0 0 1 0 2 0 0 0 1 0 2 0 0 0 11689 11689 0 0 0 0 1 0 2 53 53 0 0 0 0 1 0 2 3 3 0 0 0 0 1 0 2 3 3 0 0 0 0 1 0 2 548 548 1 0 0 0 1 0 2 0 0 0 1 0 2 0 0 0 2604 2604 0 0 0 0 1 0 2 52 52 0 0 0 0 1 0 2 3 3 0 0 0 0 1 0 2 3 3 0 0 0 0 1 0 2
2013 2013 205 0 0 0 1 0 2 0 0 0 1 0 2 0 0 0 10830 10830 859 0 0 0 1 0 2 52 52 0 0 0 0 1 0 2 3 3 0 0 0 0 1 0 2 3 3 0 0 0 0 1 0 2 506 506 40 0 0 0 1 0 2 0 0 0 1 0 2 0 0 0 2466 2466 137 0 0 0 1 0 2 51 51 0 0 0 0 1 0 2 3 3 0 0 0 0 1 0 2 3 3 0 0 0 0 1 0 2
1795 1795 12 0 0 0 1 0 2 0 0 0 1 0 2 0 0 0 9981 9981 10 0 0 0 1 0 2 51 51 1 0 0 0 1 0 2 3 3 0 0 0 0 1 0 2 3 3 0 0 0 0 1 0 2 466 466 0 0 0 0 1 0 2 0 0 0 1 0 2 0 0 0 2329 2329 0 0 0 0 1 0 2 50 50 1 0 0 0 1 0 2 3 3 0 0 0 0 1 0 2 3 3 0 0 0 0 1 0 2
1865 1865 82 0 0 0 1 0 2 0 0 0 1 0 2 0 0 0 10033 10033 42 0 0 0 1 0 2 50 50 0 0 0 0 1 0 2 3 3 0 0 0 0 1 0 2 3 3 0 0 0 0 1 0 2 485 485 19 0 0 0 1 0 2 0 0 0 1 0 2 0 0 0 2344 2344 14 0 0 0 1 0 2 49 49 0 0 0 0 1 0 2 3 3 0 0 0 0 1 0 2 3 3 0 0 0 0 1 0 2
5488 5488 3540 0 0 0 1 0 2 0 0 0 1 0 2 0 0 0 28464 28464 18388 0 0 0 1 0 2 50 50 0 0 0 0 1 0 2 3 3 0 0 0 0 1 0 2 3 3 0 0 0 0 1 0 2 591 591 86 0 0 0 1 0 2 0 0 0 1 0 2 0 0 0 2479 2479 121 0 0 0 1 0 2 49 49 0 0 0 0 1 0 2 3 3 0 0 0 0 1 0 2 3 3 0 0 0 0 1 0 2
9112 9112 83 0 0 0 1 0 2 0 0 0 1 0 2 0 0 0 46909 46909 57 0 0 0 1 0 2 50 50 0 0 0 0 1 0 2 3 3 0 0 0 0 1 0 2 3 3 0 0 0 0 1 0 2 739 739 61 0 0 0 1 0 2 0 0 0 1 0 2 0 0 0 2963 2963 363 0 0 0 1 0 2 49 49 0 0 0 0 1 0 2 3 3 0 0 0 0 1 0 2 3 3 0 0 0 0 1 0 2
9195 9195 0 0 0 0 1 0 2 0 0 0 1 0 2 0 0 0 46967 46967 0 0 0 0 1 0 2 49 49 1 0 0 0 1 0 2 3 3 0 0 0 0 1 0 2 3 3 0 0 0 0 1 0 2 800 800 0 0 0 0 1 0 2 0 0 0 1 0 2 0 0 0 3328 3328 1 0 0 0 1 0 2 49 49 1 0 0 0 1 0 2 3 3 0 0 0 0 1 0 2 3 3 0 0 0 0 1 0 2
9111 9111 84 0 0 0 1 0 2 0 0 0 1 0 2 0 0 0 46970 46970 3 0 0 0 1 0 2 47 47 0 0 0 0 1 0 2 3 3 0 0 0 0 1 0 2 3 3 0 0 0 0 1 0 2 754 754 46 0 0 0 1 0 2 0 0 0 1 0 2 0 0 0 3294 3294 36 0 0 0 1 0 2 47 47 0 0 0 0 1 0 2 3 3 0 0 0 0 1 0 2 3 3 0 0 0 0 1 0 2
8637 8637 389 0 0 0 1 0 2 0 0 0 1 0 2 0 0 0 46864 46864 109 0 0 0 1 0 2 46 46 0 0 0 0 1 0 2 4 4 0 0 0 0 1 0 2 3 3 0 0 0 0 1 0 2 657 657 50 0 0 0 1 0 2 0 0 0 1 0 2 0 0 0 3226 3226 32 0 0 0 1 0 2 46 46 0 0 0 0 1 0 2 4 4 0 0 0 0 1 0 2 3 3 0 0 0 0 1 0 2
9261 9261 1013 0 0 0 1 0 2 0 0 0 1 0 2 0 0 0 47806 47806 1051 0 0 0 1 0 2 45 45 1 0 0 0 1 0 2 4 4 0 0 0 0 1 0 2 4 4 0 0 0 0 1 0 2 791 791 184 0 0 0 1 0 2 0 0 0 1 0 2 0 0 0 3464 3464 270 0 0 0 1 0 2 45 45 1 0 0 0 1 0 2 4 4 0 0 0 0 1 0 2 4 4 0 0 0 0 1 0 2
10276 10276 1 0 0 0 1 0 2 0 0 0 1 0 2 0 0 0 48858 48858 0 0 0 0 1 0 2 44 44 0 0 0 0 1 0 2 4 4 0 0 0 0 1 0 2 3 3 0 0 0 0 1 0 2 977 977 1 0 0 0 1 0 2 0 0 0 1 0 2 0 0 0 3734 3734 0 0 0 0 1 0 2 44 44 0 0 0 0 1 0 2 4 4 0 0 0 0 1 0 2 3 3 0 0 0 0 1 0 2
10279 10279 2 0 0 0 1 0 2 0 0 0 1 0 2 0 0 0 48857 48857 0 0 0 0 1 0 2 45 45 0 0 0 0 1 0 2 4 4 0 0 0 0 1 0 2 3 3 0 0 0 0 1 0 2 980 980 2 0 0 0 1 0 2 0 0 0 1 0 2 0 0 0 3734 3734 0 0 0 0 1 0 2 45 45 0 0 0 0 1 0 2 4 4 0 0 0 0 1 0 2 3 3 0 0 0 0 1 0 2
10308 10308 26 0 0 0 1 0 2 0 0 0 1 0 2 0 0 0 48854 48854 3 0 0 0 1 0 2 46 46 1 0 0 0 1 0 2 3 3 0 0 0 0 1 0 2 3 3 0 0 0 0 1 0 2 999 999 16 0 0 0 1 0 2 0 0 0 1 0 2 0 0 0 3739 3739 5 0 0 0 1 0 2 46 46 1 0 0 0 1 0 2 3 3 0 0 0 0 1 0 2 3 3 0 0 0 0 1 0 2
10336 10336 1 0 0 0 1 0 2 0 0 0 1 0 2 0 0 0 48850 48850 0 0 0 0 1 0 2 47 47 0 0 0 0 1 0 2 3 3 0 0 0 0 1 0 2 3 3 0 0 0 0 1 0 2 1017 1017 1 0 0 0 1 0 2 0 0 0 1 0 2 0 0 0 3745 3745 0 0 0 0 1 0 2 47 47 0 0 0 0 1 0 2 3 3 0 0 0 0 1 0 2 3 3 0 0 0 0 1 0 2
10337 10337 0 0 0 0 1 0 2 0 0 0 1 0 2 0 0 0 48850 48850 0 0 0 0 1 0 2 48 48 1 0 0 0 1 0 2 3 3 0 0 0 0 1 0 2 3 3 0 0 0 0 1 0 2 1018 1018 0 0 0 0 1 0 2 0 0 0 1 0 2 0 0 0 3745 3745 0 0 0 0 1 0 2 48 48 1 0 0 0 1 0 2 3 3 0 0 0 0 1 0 2 3 3 0 0 0 0 1 0 2
10339 10339 2 0 0 0 1 0 2 0 0 0 1 0 2 0 0 0 48849 48849 0 0 0 0 1 0 2 50 50 1 0 0 0 1 0 2 3 3 0 0 0 0 1 0 2 2 2 0 0 0 0 1 0 2 1020 1020 2 0 0 0 1 0 2 0 0 0 1 0 2 0 0 0 3744 3744 0 0 0 0 1 0 2 50 50 1 0 0 0 1 0 2 3 3 0 0 0 0 1 0 2 2 2 0 0 0 0 1 0 2
10342 10342 0 0 0 0 1 0 2 0 0 0 1 0 2 0 0 0 48849 48849 0 0 0 0 1 0 2 51 51 0 0 0 0 1 0 2 3 3 0 0 0 0 1 0 2 2 2 0 0 0 0 1 0 2 1022 1022 1 0 0 0 1 0 2 0 0 0 1 0 2 0 0 0 3744 3744 0 0 0 0 1 0 2 51 51 0 0 0 0 1 0 2 3 3 0 0 0 0 1 0 2 2 2 0 0 0 0 1 0 2
10317 10317 25 0 0 0 1 0 2 0 0 0 1 0 2 0 0 0 48850 48850 1 0 0 0 1 0 2 50 50 0 0 0 0 1 0 2 3 3 0 0 0 0 1 0 2 2 2 0 0 0 0 1 0 2 1017 1017 4 0 0 0 1 0 2 0 0 0 1 0 2 0 0 0 3744 3744 0 0 0 0 1 0 2 50 50 0 0 0 0 1 0 2 3 3 0 0 0 0 1 0 2 2 2 0 0 0 0 1 0 2
10487 10487 195 0 0 0 1 0 2 0 0 0 1 0 2 0 0 0 48928 48928 76 0 0 0 1 0 2 49 49 0 0 0 0 1 0 2 3 3 0 0 0 0 1 0 2 2 2 0 0 0 0 1 0 2 1097 1097 84 0 0 0 1 0 2 0 0 0 1 0 2 0 0 0 4245 4245 500 0 0 0 1 0 2 49 49 0 0 0 0 1 0 2 3 3 0 0 0 0 1 0 2 2 2 0 0 0 0 1 0 2
7131 7131 3550 0 0 0 1 0 2 0 0 0 1 0 2 0 0 0 33603 33603 15401 0 0 0 1 0 2 49 49 0 0 0 0 1 0 2 3 3 0 0 0 0 1 0 2 3 3 0 0 0 0 1 0 2 1087 1087 93 0 0 0 1 0 2 0 0 0 1 0 2 0 0 0 4692 4692 54 0 0 0 1 0 2 49 49 0 0 0 0 1 0 2 3 3 0 0 0 0 1 0 2 3 3 0 0 0 0 1 0 2
3142 3142 439 0 0 0 1 0 2 0 0 0 1 0 2 0 0 0 17119 17119 1083 0 0 0 1 0 2 48 48 1 0 0 0 1 0 2 3 3 0 0 0 0 1 0 2 3 3 0 0 0 0 1 0 2 834 834 160 0 0 0 1 0 2 0 0 0 1 0 2 0 0 0 4129 4129 509 0 0 0 1 0 2 48 48 1 0 0 0 1 0 2 3 3 0 0 0 0 1 0 2 3 3 0 0 0 0 1 0 2
2700 2700 3 0 0 0 1 0 2 0 0 0 1 0 2 0 0 0 16036 16036 0 0 0 0 1 0 2 48 48 1 0 0 0 1 0 2 3 3 0 0 0 0 1 0 2 3 3 0 0 0 0 1 0 2 671 671 3 0 0 0 1 0 2 0 0 0 1 0 2 0 0 0 3619 3619 0 0 0 0 1 0 2 48 48 1 0 0 0 1 0 2 3 3 0 0 0 0 1 0 2 3 3 0 0 0 0 1 0 2
2893 2893 196 0 0 0 1 0 2 0 0 0 1 0 2 0 0 0 16256 16256 220 0 0 0 1 0 2 48 48 0 0 0 0 1 0 2 3 3 0 0 0 0 1 0 2 3 3 0 0 0 0 1 0 2 723 723 55 0 0 0 1 0 2 0 0 0 1 0 2 0 0 0 3730 3730 111 0 0 0 1 0 2 49 49 0 0 0 0 1 0 2 3 3 0 0 0 0 1 0 2 3 3 0 0 0 0 1 0 2
3089 3089 0 0 0 0 1 0 2 0 0 0 1 0 2 0 0 0 16477 16477 0 0 0 0 1 0 2 48 48 0 0 0 0 1 0 2 3 3 0 0 0 0 1 0 2 3 3 0 0 0 0 1 0 2 778 778 0 0 0 0 1 0 2 0 0 0 1 0 2 0 0 0 3842 3842 0 0 0 0 1 0 2 49 49 0 0 0 0 1 0 2 3 3 0 0 0 0 1 0 2 3 3 0 0 0 0 1 0 2
2133 2133 956 0 0 0 1 0 2 0 0 0 1 0 2 0 0 0 11578 11578 4898 0 0 0 1 0 2 50 50 1 0 0 0 1 0 2 3 3 0 0 0 0 1 0 2 3 3 0 0 0 0 1 0 2 607 607 170 0 0 0 1 0 2 0 0 0 1 0 2 0 0 0 3573 3573 269 0 0 0 1 0 2 51 51 1 0 0 0 1 0 2 3 3 0 0 0 0 1 0 2 3 3 0 0 0 0 1 0 2
1272 1272 95 0 0 0 1 0 2 0 0 0 1 0 2 0 0 0 6738 6738 58 0 0 0 1 0 2 52 52 1 0 0 0 1 0 2 3 3 0 0 0 0 1 0 2 3 3 0 0 0 0 1 0 2 480 480 43 0 0 0 1 0 2 0 0 0 1 0 2 0 0 0 3326 3326 22 0 0 0 1 0 2 53 53 1 0 0 0 1 0 2 3 3 0 0 0 0 1 0 2 3 3 0 0 0 0 1 0 2
1396 1396 28 0 0 0 1 0 2 0 0 0 1 0 2 0 0 0 6832 6832 36 0 0 0 1 0 2 52 52 0 0 0 0 1 0 2 3 3 0 0 0 0 1 0 2 3 3 0 0 0 0 1 0 2 526 526 3 0 0 0 1 0 2 0 0 0 1 0 2 0 0 0 3349 3349 1 0 0 0 1 0 2 53 53 0 0 0 0 1 0 2 3 3 0 0 0 0 1 0 2 3 3 0 0 0 0 1 0 2
1542 1542 118 0 0 0 1 0 2 0 0 0 1 0 2 0 0 0 7164 7164 296 0 0 0 1 0 2 51 51 1 0 0 0 1 0 2 3 3 0 0 0 0 1 0 2 3 3 0 0 0 0 1 0 2 561 561 32 0 0 0 1 0 2 0 0 0 1 0 2 0 0 0 3415 3415 64 0 0 0 1 0 2 52 52 1 0 0 0 1 0 2 3 3 0 0 0 0 1 0 2 3 3 0 0 0 0 1 0 2
1815 1815 154 0 0 0 1 0 2 0 0 0 1 0 2 0 0 0 8137 8137 677 0 0 0 1 0 2 50 50 0 0 0 0 1 0 2 3 3 0 0 0 0 1 0 2 3 3 0 0 0 0 1 0 2 619 619 25 0 0 0 1 0 2 0 0 0 1 0 2 0 0 0 3505 3505 26 0 0 0 1 0 2 51 51 0 0 0 0 1 0 2 3 3 0 0 0 0 1 0 2 3 3 0 0 0 0 1 0 2
1970 1970 0 0 0 0 1 0 2 0 0 0 1 0 2 0 0 0 8814 8814 0 0 0 0 1 0 2 51 51 0 0 0 0 1 0 2 3 3 0 0 0 0 1 0 2 3 3 0 0 0 0 1 0 2 646 646 2 0 0 0 1 0 2 0 0 0 1 0 2 0 0 0 3531 3531 0 0 0 0 1 0 2 52 52 0 0 0 0 1 0 2 3 3 0 0 0 0 1 0 2 3 3 0 0 0 0 1 0 2
1971 1971 0 0 0 0 1 0 2 0 0 0 1 0 2 0 0 0 8814 8814 0 0 0 0 1 0 2 50 50 1 0 0 0 1 0 2 3 3 0 0 0 0 1 0 2 3 3 0 0 0 0 1 0 2 650 650 1 0 0 0 1 0 2 0 0 0 1 0 2 0 0 0 3531 3531 0 0 0 0 1 0 2 51 51 1 0 0 0 1 0 2 3 3 0 0 0 0 1 0 2 3 3 0 0 0 0 1 0 2
2467 2467 496 0 0 0 1 0 2 0 0 0 1 0 2 0 0 0 10601 10601 1787 0 0 0 1 0 2 49 49 0 0 0 0 1 0 2 3 3 0 0 0 0 1 0 2 3 3 0 0 0 0 1 0 2 747 747 95 0 0 0 1 0 2 0 0 0 1 0 2 0 0 0 3737 3737 205 0 0 0 1 0 2 50 50 0 0 0 0 1 0 2 3 3 0 0 0 0 1 0 2 3 3 0 0 0 0 1 0 2
2965 2965 2 0 0 0 1 0 2 0 0 0 1 0 2 0 0 0 12387 12387 0 0 0 0 1 0 2 52 52 2 0 0 0 1 0 2 3 3 0 0 0 0 1 0 2 3 3 0 0 0 0 1 0 2 845 845 2 0 0 0 1 0 2 0 0 0 1 0 2 0 0 0 3941 3941 0 0 0 0 1 0 2 53 53 2 0 0 0 1 0 2 3 3 0 0 0 0 1 0 2 3 3 0 0 0 0 1 0 2
2691 2691 275 0 0 0 1 0 2 0 0 0 1 0 2 0 0 0 11918 11918 469 0 0 0 1 0 2 56 56 1 0 0 0 1 0 2 3 3 0 0 0 0 1 0 2 3 3 0 0 0 0 1 0 2 745 745 102 0 0 0 1 0 2 0 0 0 1 0 2 0 0 0 3275 3275 666 0 0 0 1 0 2 57 57 1 0 0 0 1 0 2 3 3 0 0 0 0 1 0 2 3 3 0 0 0 0 1 0 2
2416 2416 0 0 0 0 1 0 2 0 0 0 1 0 2 0 0 0 11449 11449 0 0 0 0 1 0 2 56 56 0 0 0 0 1 0 2 3 3 0 0 0 0 1 0 2 3 3 0 0 0 0 1 0 2 644 644 1 0 0 0 1 0 2 0 0 0 1 0 2 0 0 0 2608 2608 0 0 0 0 1 0 2 57 57 0 0 0 0 1 0 2 3 3 0 0 0 0 1 0 2 3 3 0 0 0 0 1 0 2
2415 2415 2 0 0 0 1 0 2 0 0 0 1 0 2 0 0 0 11449 11449 0 0 0 0 1 0 2 55 55 0 0 0 0 1 0 2 3 3 0 0 0 0 1 0 2 3 3 0 0 0 0 1 0 2 642 642 2 0 0 0 1 0 2 0 0 0 1 0 2 0 0 0 2608 2608 0 0 0 0 1 0 2 56 56 0 0 0 0 1 0 2 3 3 0 0 0 0 1 0 2 3 3 0 0 0 0 1 0 2
2436 2436 23 0 0 0 1 0 2 0 0 0 1 0 2 0 0 0 11456 11456 6 0 0 0 1 0 2 54 54 0 0 0 0 1 0 2 3 3 0 0 0 0 1 0 2 3 3 0 0 0 0 1 0 2 648 648 8 0 0 0 1 0 2 0 0 0 1 0 2 0 0 0 2610 2610 1 0 0 0 1 0 2 55 55 1 0 0 0 1 0 2 3 3 0 0 0 0 1 0 2 3 3 0 0 0 0 1 0 2
3260 3260 801 0 0 0 1 0 2 0 0 0 1 0 2 0 0 0 14509 14509 3046 0 0 0 1 0 2 54 54 0 0 0 0 1 0 2 3 3 0 0 0 0 1 0 2 3 3 0 0 0 0 1 0 2 650 650 5 0 0 0 1 0 2 0 0 0 1 0 2 0 0 0 2476 2476 135 0 0 0 1 0 2 54 54 0 0 0 0 1 0 2 3 3 0 0 0 0 1 0 2 3 3 0 0 0 0 1 0 2
4169 4169 108 0 0 0 1 0 2 0 0 0 1 0 2 0 0 0 17590 17590 35 0 0 0 1 0 2 54 54 1 0 0 0 1 0 2 3 3 0 0 0 0 1 0 2 3 3 0 0 0 0 1 0 2 665 665 20 0 0 0 1 0 2 0 0 0 1 0 2 0 0 0 2353 2353 12 0 0 0 1 0 2 54 54 1 0 0 0 1 0 2 3 3 0 0 0 0 1 0 2 3 3 0 0 0 0 1 0 2
4564 4564 287 0 0 0 1 0 2 0 0 0 1 0 2 0 0 0 18160 18160 534 0 0 0 1 0 2 53 53 0 0 0 0 1 0 2 3 3 0 0 0 0 1 0 2 3 3 0 0 0 0 1 0 2 692 692 7 0 0 0 1 0 2 0 0 0 1 0 2 0 0 0 2372 2372 7 0 0 0 1 0 2 53 53 0 0 0 0 1 0 2 3 3 0 0 0 0 1 0 2 3 3 0 0 0 0 1 0 2
6510 6510 1658 0 0 0 1 0 2 0 0 0 1 0 2 0 0 0 27759 27759 9065 0 0 0 1 0 2 52 52 1 0 0 0 1 0 2 3 3 0 0 0 0 1 0 2 3 3 0 0 0 0 1 0 2 780 780 81 0 0 0 1 0 2 0 0 0 1 0 2 0 0 0 2874 2874 495 0 0 0 1 0 2 52 52 1 0 0 0 1 0 2 3 3 0 0 0 0 1 0 2 3 3 0 0 0 0 1 0 2
8139 8139 30 0 0 0 1 0 2 0 0 0 1 0 2 0 0 0 36823 36823 1 0 0 0 1 0 2 51 51 0 0 0 0 1 0 2 3 3 0 0 0 0 1 0 2 3 3 0 0 0 0 1 0 2 856 856 5 0 0 0 1 0 2 0 0 0 1 0 2 0 0 0 3369 3369 1 0 0 0 1 0 2 51 51 0 0 0 0 1 0 2 3 3 0 0 0 0 1 0 2 3 3 0 0 0 0 1 0 2
7965 7965 144 0 0 0 1 0 2 0 0 0 1 0 2 0 0 0 36787 36787 35 0 0 0 1 0 2 51 51 0 0 0 0 1 0 2 3 3 0 0 0 0 1 0 2 3 3 0 0 0 0 1 0 2 802 802 48 0 0 0 1 0 2 0 0 0 1 0 2 0 0 0 3297 3297 71 0 0 0 1 0 2 51 51 0 0 0 0 1 0 2 3 3 0 0 0 0 1 0 2 3 3 0 0 0 0 1 0 2
7665 7665 155 0 0 0 1 0 2 0 0 0 1 0 2 0 0 0 36626 36626 125 0 0 0 1 0 2 52 52 0 0 0 0 1 0 2 3 3 0 0 0 0 1 0 2 3 3 0 0 0 0 1 0 2 728 728 25 0 0 0 1 0 2 0 0 0 1 0 2 0 0 0 3198 3198 28 0 0 0 1 0 2 52 52 0 0 0 0 1 0 2 3 3 0 0 0 0 1 0 2 3 3 0 0 0 0 1 0 2
7510 7510 0 0 0 0 1 0 2 0 0 0 1 0 2 0 0 0 36501 36501 0 0 0 0 1 0 2 53 53 1 0 0 0 1 0 2 3 3 0 0 0 0 1 0 2 3 3 0 0 0 0 1 0 2 701 701 2 0 0 0 1 0 2 0 0 0 1 0 2 0 0 0 3170 3170 0 0 0 0 1 0 2 53 53 1 0 0 0 1 0 2 3 3 0 0 0 0 1 0 2 3 3 0 0 0 0 1 0 2
7508 7508 2 0 0 0 1 0 2 0 0 0 1 0 2 0 0 0 36501 36501 0 0 0 0 1 0 2 55 55 0 0 0 0 1 0 2 3 3 0 0 0 0 1 0 2 3 3 0 0 0 0 1 0 2 695 695 3 0 0 0 1 0 2 0 0 0 1 0 2 0 0 0 3169 3169 0 0 0 0 1 0 2 55 55 0 0 0 0 1 0 2 3 3 0 0 0 0 1 0 2 3 3 0 0 0 0 1 0 2
7009 7009 496 0 0 0 1 0 2 0 0 0 1 0 2 0 0 0 36038 36038 463 0 0 0 1 0 2 55 55 0 0 0 0 1 0 2 3 3 0 0 0 0 1 0 2 3 3 0 0 0 0 1 0 2 596 596 96 0 0 0 1 0 2 0 0 0 1 0 2 0 0 0 2900 2900 268 0 0 0 1 0 2 55 55 0 0 0 0 1 0 2 3 3 0 0 0 0 1 0 2 3 3 0 0 0 0 1 0 2
6511 6511 1 0 0 0 1 0 2 0 0 0 1 0 2 0 0 0 35575 35575 0 0 0 0 1 0 2 54 54 1 0 0 0 1 0 2 3 3 0 0 0 0 1 0 2 3 3 0 0 0 0 1 0 2 498 498 1 0 0 0 1 0 2 0 0 0 1 0 2 0 0 0 2632 2632 0 0 0 0 1 0 2 54 54 1 0 0 0 1 0 2 3 3 0 0 0 0 1 0 2 3 3 0 0 0 0 1 0 2
6507 6507 2 0 0 0 1 0 2 0 0 0 1 0 2 0 0 0 35576 35576 0 0 0 0 1 0 2 51 51 2 0 0 0 1 0 2 3 3 0 0 0 0 1 0 2 3 3 0 0 0 0 1 0 2 494 494 2 0 0 0 1 0 2 0 0 0 1 0 2 0 0 0 2632 2632 0 0 0 0 1 0 2 51 51 2 0 0 0 1 0 2 3 3 0 0 0 0 1 0 2 3 3 0 0 0 0 1 0 2
6505 6505 0 0 0 0 1 0 2 0 0 0 1 0 2 0 0 0 35577 35577 0 0 0 0 1 0 2 49 49 0 0 0 0 1 0 2 3 3 0 0 0 0 1 0 2 4 4 0 0 0 0 1 0 2 492 492 0 0 0 0 1 0 2 0 0 0 1 0 2 0 0 0 2633 2633 0 0 0 0 1 0 2 49 49 0 0 0 0 1 0 2 3 3 0 0 0 0 1 0 2 4 4 0 0 0 0 1 0 2
6962 6962 457 0 0 0 1 0 2 0 0 0 1 0 2 0 0 0 35781 35781 204 0 0 0 1 0 2 50 50 0 0 0 0 1 0 2 3 3 0 0 0 0 1 0 2 4 4 0 0 0 0 1 0 2 583 583 90 0 0 0 1 0 2 0 0 0 1 0 2 0 0 0 2747 2747 114 0 0 0 1 0 2 50 50 0 0 0 0 1 0 2 3 3 0 0 0 0 1 0 2 4 4 0 0 0 0 1 0 2
7396 7396 24 0 0 0 1 0 2 0 0 0 1 0 2 0 0 0 35986 35986 1 0 0 0 1 0 2 50 50 0 0 0 0 1 0 2 3 3 0 0 0 0 1 0 2 4 4 0 0 0 0 1 0 2 665 665 9 0 0 0 1 0 2 0 0 0 1 0 2 0 0 0 2860 2860 1 0 0 0 1 0 2 50 50 0 0 0 0 1 0 2 3 3 0 0 0 0 1 0 2 4 4 0 0 0 0 1 0 2
6372 6372 999 0 0 0 1 0 2 0 0 0 1 0 2 0 0 0 34702 34702 1285 0 0 0 1 0 2 48 48 1 0 0 0 1 0 2 3 3 0 0 0 0 1 0 2 4 4 0 0 0 0 1 0 2 603 603 52 0 0 0 1 0 2 0 0 0 1 0 2 0 0 0 2827 2827 31 0 0 0 1 0 2 48 48 1 0 0 0 1 0 2 3 3 0 0 0 0 1 0 2 4 4 0 0 0 0 1 0 2
5265 5265 108 0 0 0 1 0 2 0 0 0 1 0 2 0 0 0 33402 33402 15 0 0 0 1 0 2 47 47 0 0 0 0 1 0 2 4 4 0 0 0 0 1 0 2 5 5 0 0 0 0 1 0 2 531 531 20 0 0 0 1 0 2 0 0 0 1 0 2 0 0 0 2785 2785 10 0 0 0 1 0 2 47 47 0 0 0 0 1 0 2 4 4 0 0 0 0 1 0 2 5 5 0 0 0 0 1 0 2
4810 4810 347 0 0 0 1 0 2 0 0 0 1 0 2 0 0 0 33077 33077 309 0 0 0 1 0 2 46 46 2 0 0 0 1 0 2 4 4 0 0 0 0 1 0 2 5 5 0 0 0 0 1 0 2 488 488 23 0 0 0 1 0 2 0 0 0 1 0 2 0 0 0 2764 2764 10 0 0 0 1 0 2 46 46 2 0 0 0 1 0 2 4 4 0 0 0 0 1 0 2 5 5 0 0 0 0 1 0 2
2706 2706 1757 0 0 0 1 0 2 0 0 0 1 0 2 0 0 0 19586 19586 13181 0 0 0 1 0 2 43 43 1 0 0 0 1 0 2 4 4 0 0 0 0 1 0 2 6 6 0 0 0 0 1 0 2 338 338 127 0 0 0 1 0 2 0 0 0 1 0 2 0 0 0 1974 1974 780 0 0 0 1 0 2 43 43 1 0 0 0 1 0 2 4 4 0 0 0 0 1 0 2 6 6 0 0 0 0 1 0 2
947 947 1 0 0 0 1 0 2 0 0 0 1 0 2 0 0 0 6405 6405 0 0 0 0 1 0 2 41 41 0 0 0 0 1 0 2 5 5 0 0 0 0 1 0 2 7 7 0 0 0 0 1 0 2 209 209 1 0 0 0 1 0 2 0 0 0 1 0 2 0 0 0 1194 1194 0 0 0 0 1 0 2 41 41 0 0 0 0 1 0 2 5 5 0 0 0 0 1 0 2 7 7 0 0 0 0 1 0 2
944 944 2 0 0 0 1 0 2 0 0 0 1 0 2 0 0 0 6406 6406 0 0 0 0 1 0 2 38 38 2 0 0 0 1 0 2 5 5 0 0 0 0 1 0 2 8 8 1 0 0 0 1 0 2 206 206 1 0 0 0 1 0 2 0 0 0 1 0 2 0 0 0 1194 1194 0 0 0 0 1 0 2 38 38 2 0 0 0 1 0 2 5 5 0 0 0 0 1 0 2 8 8 1 0 0 0 1 0 2
941 941 1 0 0 0 1 0 2 0 0 0 1 0 2 0 0 0 6406 6406 0 0 0 0 1 0 2 34 34 1 0 0 0 1 0 2 6 6 0 0 0 0 1 0 2 9 9 0 0 0 0 1 0 2 204 204 1 0 0 0 1 0 2 0 0 0 1 0 2 0 0 0 1194 1194 0 0 0 0 1 0 2 34 34 1 0 0 0 1 0 2 6 6 0 0 0 0 1 0 2 9 9 0 0 0 0 1 0 2
938 938 2 0 0 0 1 0 2 0 0 0 1 0 2 0 0 0 6406 6406 0 0 0 0 1 0 2 30 30 2 0 0 0 1 0 2 7 7 0 0 0 0 1 0 2 11 11 1 0 0 0 1 0 2 201 201 1 0 0 0 1 0 2 0 0 0 1 0 2 0 0 0 1194 1194 0 0 0 0 1 0 2 30 30 2 0 0 0 1 0 2 7 7 0 0 0 0 1 0 2 11 11 1 0 0 0 1 0 2
935 935 0 0 0 0 1 0 2 0 0 0 1 0 2 0 0 0 6407 6407 0 0 0 0 1 0 2 26 26 2 0 0 0 1 0 2 9 9 1 0 0 0 1 0 2 12 12 0 0 0 0 1 0 2 199 199 0 0 0 0 1 0 2 0 0 0 1 0 2 0 0 0 1195 1195 0 0 0 0 1 0 2 26 26 2 0 0 0 1 0 2 9 9 1 0 0 0 1 0 2 12 12 0 0 0 0 1 0 2
933 933 2 0 0 0 1 0 2 0 0 0 1 0 2 0 0 0 6407 6407 0 0 0 0 1 0 2 22 22 2 0 0 0 1 0 2 11 11 1 0 0 0 1 0 2 13 13 1 0 0 0 1 0 2 197 197 2 0 0 0 1 0 2 0 0 0 1 0 2 0 0 0 1195 1195 0 0 0 0 1 0 2 22 22 2 0 0 0 1 0 2 11 11 1 0 0 0 1 0 2 13 13 1 0 0 0 1 0 2
1035 1035 104 0 0 0 1 0 2 0 0 0 1 0 2 0 0 0 6699 6699 291 0 0 0 1 0 2 20 20 0 0 0 0 1 0 2 12 12 0 0 0 0 1 0 2 14 14 0 0 0 0 1 0 2 210 210 15 0 0 0 1 0 2 0 0 0 1 0 2 0 0 0 1220 1220 25 0 0 0 1 0 2 20 20 0 0 0 0 1 0 2 12 12 0 0 0 0 1 0 2 14 14 0 0 0 0 1 0 2
1170 1170 31 0 0 0 1 0 2 0 0 0 1 0 2 0 0 0 7022 7022 32 0 0 0 1 0 2 20 20 0 0 0 0 1 0 2 12 12 0 0 0 0 1 0 2 14 14 0 0 0 0 1 0 2 232 232 7 0 0 0 1 0 2 0 0 0 1 0 2 0 0 0 1253 1253 7 0 0 0 1 0 2 20 20 0 0 0 0 1 0 2 12 12 0 0 0 0 1 0 2 14 14 0 0 0 0 1 0 2
1329 1329 128 0 0 0 1 0 2 0 0 0 1 0 2 0 0 0 7368 7368 314 0 0 0 1 0 2 19 19 1 0 0 0 1 0 2 13 13 1 0 0 0 1 0 2 14 14 0 0 0 0 1 0 2 266 266 26 0 0 0 1 0 2 0 0 0 1 0 2 0 0 0 1301 1301 40 0 0 0 1 0 2 19 19 1 0 0 0 1 0 2 13 13 1 0 0 0 1 0 2 14 14 0 0 0 0 1 0 2
1222 1222 236 0 0 0 1 0 2 0 0 0 1 0 2 0 0 0 6714 6714 969 0 0 0 1 0 2 18 18 0 0 0 0 1 0 2 13 13 0 0 0 0 1 0 2 14 14 0 0 0 0 1 0 2 240 240 52 0 0 0 1 0 2 0 0 0 1 0 2 0 0 0 1132 1132 209 0 0 0 1 0 2 18 18 0 0 0 0 1 0 2 13 13 0 0 0 0 1 0 2 14 14 0 0 0 0 1 0 2
2296 2296 1310 0 0 0 1 0 2 0 0 0 1 0 2 0 0 0 16426 16426 10681 0 0 0 1 0 2 19 19 0 0 0 0 1 0 2 13 13 0 0 0 0 1 0 2 14 14 0 0 0 0 1 0 2 374 374 186 0 0 0 1 0 2 0 0 0 1 0 2 0 0 0 2388 2388 1465 0 0 0 1 0 2 19 19 0 0 0 0 1 0 2 12 12 0 0 0 0 1 0 2 14 14 0 0 0 0 1 0 2
3821 3821 215 0 0 0 1 0 2 0 0 0 1 0 2 0 0 0 27292 27292 184 0 0 0 1 0 2 20 20 1 0 0 0 1 0 2 12 12 1 0 0 0 1 0 2 13 13 0 0 0 0 1 0 2 590 590 29 0 0 0 1 0 2 0 0 0 1 0 2 0 0 0 3867 3867 14 0 0 0 1 0 2 21 21 1 0 0 0 1 0 2 11 11 1 0 0 0 1 0 2 13 13 0 0 0 0 1 0 2
4038 4038 1 0 0 0 1 0 2 0 0 0 1 0 2 0 0 0 27477 27477 0 0 0 0 1 0 2 22 22 0 0 0 0 1 0 2 11 11 0 0 0 0 1 0 2 13 13 0 0 0 0 1 0 2 620 620 0 0 0 0 1 0 2 0 0 0 1 0 2 0 0 0 3882 3882 0 0 0 0 1 0 2 23 23 0 0 0 0 1 0 2 10 10 0 0 0 0 1 0 2 13 13 0 0 0 0 1 0 2
4039 4039 0 0 0 0 1 0 2 0 0 0 1 0 2 0 0 0 27477 27477 0 0 0 0 1 0 2 23 23 1 0 0 0 1 0 2 10 10 1 0 0 0 1 0 2 12 12 0 0 0 0 1 0 2 621 621 0 0 0 0 1 0 2 0 0 0 1 0 2 0 0 0 3882 3882 0 0 0 0 1 0 2 25 25 2 0 0 0 1 0 2 9 9 1 0 0 0 1 0 2 12 12 0 0 0 0 1 0 2
4040 4040 0 0 0 0 1 0 2 0 0 0 1 0 2 0 0 0 27477 27477 0 0 0 0 1 0 2 25 25 0 0 0 0 1 0 2 9 9 0 0 0 0 1 0 2 11 11 0 0 0 0 1 0 2 622 622 0 0 0 0 1 0 2 0 0 0 1 0 2 0 0 0 3882 3882 0 0 0 0 1 0 2 27 27 0 0 0 0 1 0 2 8 8 0 0 0 0 1 0 2 11 11 0 0 0 0 1 0 2
4040 4040 0 0 0 0 1 0 2 0 0 0 1 0 2 0 0 0 27477 27477 0 0 0 0 1 0 2 26 26 0 0 0 0 1 0 2 8 8 0 0 0 0 1 0 2 10 10 0 0 0 0 1 0 2 622 622 0 0 0 0 1 0 2 0 0 0 1 0 2 0 0 0 3882 3882 0 0 0 0 1 0 2 28 28 0 0 0 0 1 0 2 8 8 0 0 0 0 1 0 2 10 10 0 0 0 0 1 0 2
4040 4040 0 0 0 0 1 0 2 0 0 0 1 0 2 0 0 0 27477 27477 0 0 0 0 1 0 2 28 28 1 0 0 0 1 0 2 7 7 0 0 0 0 1 0 2 9 9 0 0 0 0 1 0 2 622 622 0 0 0 0 1 0 2 0 0 0 1 0 2 0 0 0 3882 3882 0 0 0 0 1 0 2 30 30 1 0 0 0 1 0 2 7 7 0 0 0 0 1 0 2 9 9 0 0 0 0 1 0 2
4041 4041 0 0 0 0 1 0 2 0 0 0 1 0 2 0 0 0 27477 27477 0 0 0 0 1 0 2 30 30 0 0 0 0 1 0 2 7 7 0 0 0 0 1 0 2 8 8 1 0 0 0 1 0 2 623 623 0 0 0 0 1 0 2 0 0 0 1 0 2 0 0 0 3881 3881 0 0 0 0 1 0 2 32 32 0 0 0 0 1 0 2 7 7 0 0 0 0 1 0 2 8 8 1 0 0 0 1 0 2
4176 4176 135 0 0 0 1 0 2 0 0 0 1 0 2 0 0 0 27552 27552 75 0 0 0 1 0 2 32 32 1 0 0 0 1 0 2 6 6 0 0 0 0 1 0 2 7 7 0 0 0 0 1 0 2 640 640 17 0 0 0 1 0 2 0 0 0 1 0 2 0 0 0 3885 3885 4 0 0 0 1 0 2 34 34 1 0 0 0 1 0 2 6 6 0 0 0 0 1 0 2 7 7 0 0 0 0 1 0 2
4313 4313 1 0 0 0 1 0 2 0 0 0 1 0 2 0 0 0 27628 27628 0 0 0 0 1 0 2 36 36 2 0 0 0 1 0 2 5 5 0 0 0 0 1 0 2 6 6 1 0 0 0 1 0 2 658 658 1 0 0 0 1 0 2 0 0 0 1 0 2 0 0 0 3890 3890 0 0 0 0 1 0 2 38 38 2 0 0 0 1 0 2 5 5 0 0 0 0 1 0 2 5 5 1 0 0 0 1 0 2
4315 4315 1 0 0 0 1 0 2 0 0 0 1 0 2 0 0 0 27627 27627 0 0 0 0 1 0 2 40 40 1 0 0 0 1 0 2 5 5 0 0 0 0 1 0 2 4 4 0 0 0 0 1 0 2 660 660 1 0 0 0 1 0 2 0 0 0 1 0 2 0 0 0 3889 3889 0 0 0 0 1 0 2 42 42 1 0 0 0 1 0 2 4 4 0 0 0 0 1 0 2 4 4 0 0 0 0 1 0 2
4213 4213 103 0 0 0 1 0 2 0 0 0 1 0 2 0 0 0 27568 27568 58 0 0 0 1 0 2 42 42 0 0 0 0 1 0 2 5 5 0 0 0 0 1 0 2 4 4 0 0 0 0 1 0 2 646 646 14 0 0 0 1 0 2 0 0 0 1 0 2 0 0 0 3883 3883 6 0 0 0 1 0 2 44 44 0 0 0 0 1 0 2 4 4 0 0 0 0 1 0 2 4 4 0 0 0 0 1 0 2
4079 4079 30 0 0 0 1 0 2 0 0 0 1 0 2 0 0 0 27505 27505 5 0 0 0 1 0 2 43 43 0 0 0 0 1 0 2 5 5 0 0 0 0 1 0 2 4 4 0 0 0 0 1 0 2 625 625 7 0 0 0 1 0 2 0 0 0 1 0 2 0 0 0 3875 3875 2 0 0 0 1 0 2 45 45 0 0 0 0 1 0 2 4 4 0 0 0 0 1 0 2 4 4 0 0 0 0 1 0 2
3920 3920 129 0 0 0 1 0 2 0 0 0 1 0 2 0 0 0 27427 27427 72 0 0 0 1 0 2 43 43 0 0 0 0 1 0 2 5 5 0 0 0 0 1 0 2 4 4 0 0 0 0 1 0 2 591 591 27 0 0 0 1 0 2 0 0 0 1 0 2 0 0 0 3862 3862 11 0 0 0 1 0 2 45 45 0 0 0 0 1 0 2 4 4 0 0 0 0 1 0 2 4 4 0 0 0 0 1 0 2
3568 3568 222 0 0 0 1 0 2 0 0 0 1 0 2 0 0 0 27249 27249 106 0 0 0 1 0 2 41 41 2 0 0 0 1 0 2 5 5 0 0 0 0 1 0 2 4 4 0 0 0 0 1 0 2 525 525 39 0 0 0 1 0 2 0 0 0 1 0 2 0 0 0 3825 3825 25 0 0 0 1 0 2 43 43 2 0 0 0 1 0 2 4 4 0 0 0 0 1 0 2 4 4 0 0 0 0 1 0 2
2198 2198 1147 0 0 0 1 0 2 0 0 0 1 0 2 0 0 0 17514 17514 9629 0 0 0 1 0 2 41 41 2 0 0 0 1 0 2 5 5 0 0 0 0 1 0 2 5 5 0 0 0 0 1 0 2 326 326 159 0 0 0 1 0 2 0 0 0 1 0 2 0 0 0 2373 2373 1427 0 0 0 1 0 2 43 43 2 0 0 0 1 0 2 5 5 0 0 0 0 1 0 2 5 5 0 0 0 0 1 0 2
835 835 216 0 0 0 1 0 2 0 0 0 1 0 2 0 0 0 7082 7082 803 0 0 0 1 0 2 41 41 2 0 0 0 1 0 2 5 5 0 0 0 0 1 0 2 5 5 0 0 0 0 1 0 2 137 137 29 0 0 0 1 0 2 0 0 0 1 0 2 0 0 0 865 865 80 0 0 0 1 0 2 42 42 2 0 0 0 1 0 2 5 5 0 0 0 0 1 0 2 5 5 0 0 0 0 1 0 2
617 617 2 0 0 0 1 0 2 0 0 0 1 0 2 0 0 0 6279 6279 0 0 0 0 1 0 2 39 39 0 0 0 0 1 0 2 6 6 0 0 0 0 1 0 2 6 6 0 0 0 0 1 0 2 107 107 1 0 0 0 1 0 2 0 0 0 1 0 2 0 0 0 785 785 0 0 0 0 1 0 2 40 40 0 0 0 0 1 0 2 5 5 0 0 0 0 1 0 2 6 6 0 0 0 0 1 0 2
615 615 0 0 0 0 1 0 2 0 0 0 1 0 2 0 0 0 6279 6279 0 0 0 0 1 0 2 38 38 0 0 0 0 1 0 2 6 6 0 0 0 0 1 0 2 7 7 0 0 0 0 1 0 2 105 105 0 0 0 0 1 0 2 0 0 0 1 0 2 0 0 0 785 785 0 0 0 0 1 0 2 38 38 1 0 0 0 1 0 2 6 6 0 0 0 0 1 0 2 7 7 0 0 0 0 1 0 2
614 614 1 0 0 0 1 0 2 0 0 0 1 0 2 0 0 0 6279 6279 0 0 0 0 1 0 2 37 37 1 0 0 0 1 0 2 6 6 0 0 0 0 1 0 2 7 7 0 0 0 0 1 0 2 104 104 1 0 0 0 1 0 2 0 0 0 1 0 2 0 0 0 785 785 0 0 0 0 1 0 2 36 36 1 0 0 0 1 0 2 6 6 0 0 0 0 1 0 2 7 7 0 0 0 0 1 0 2
613 613 0 0 0 0 1 0 2 0 0 0 1 0 2 0 0 0 6279 6279 0 0 0 0 1 0 2 35 35 0 0 0 0 1 0 2 6 6 0 0 0 0 1 0 2 8 8 0 0 0 0 1 0 2 103 103 0 0 0 0 1 0 2 0 0 0 1 0 2 0 0 0 785 785 0 0 0 0 1 0 2 34 34 0 0 0 0 1 0 2 7 7 0 0 0 0 1 0 2 8 8 0 0 0 0 1 0 2
611 611 1 0 0 0 1 0 2 0 0 0 1 0 2 0 0 0 6279 6279 0 0 0 0 1 0 2 33 33 1 0 0 0 1 0 2 7 7 0 0 0 0 1 0 2 9 9 1 0 0 0 1 0 2 101 101 1 0 0 0 1 0 2 0 0 0 1 0 2 0 0 0 785 785 0 0 0 0 1 0 2 32 32 1 0 0 0 1 0 2 7 7 0 0 0 0 1 0 2 9 9 1 0 0 0 1 0 2
610 610 0 0 0 0 1 0 2 0 0 0 1 0 2 0 0 0 6280 6280 0 0 0 0 1 0 2 31 31 0 0 0 0 1 0 2 8 8 0 0 0 0 1 0 2 10 10 0 0 0 0 1 0 2 100 100 0 0 0 0 1 0 2 0 0 0 1 0 2 0 0 0 785 785 0 0 0 0 1 0 2 30 30 0 0 0 0 1 0 2 8 8 0 0 0 0 1 0 2 10 10 0 0 0 0 1 0 2
473 473 136 0 0 0 1 0 2 0 0 0 1 0 2 0 0 0 5837 5837 443 0 0 0 1 0 2 29 29 2 0 0 0 1 0 2 8 8 0 0 0 0 1 0 2 11 11 1 0 0 0 1 0 2 82 82 17 0 0 0 1 0 2 0 0 0 1 0 2 0 0 0 750 750 34 0 0 0 1 0 2 28 28 2 0 0 0 1 0 2 9 9 1 0 0 0 1 0 2 11 11 1 0 0 0 1 0 2
336 336 1 0 0 0 1 0 2 0 0 0 1 0 2 0 0 0 5394 5394 0 0 0 0 1 0 2 25 25 1 0 0 0 1 0 2 10 10 1 0 0 0 1 0 2 12 12 0 0 0 0 1 0 2 64 64 1 0 0 0 1 0 2 0 0 0 1 0 2 0 0 0 716 716 0 0 0 0 1 0 2 24 24 1 0 0 0 1 0 2 10 10 0 0 0 0 1 0 2 12 12 0 0 0 0 1 0 2
333 333 1 0 0 0 1 0 2 0 0 0 1 0 2 0 0 0 5394 5394 0 0 0 0 1 0 2 22 22 1 0 0 0 1 0 2 12 12 1 0 0 0 1 0 2 13 13 0 0 0 0 1 0 2 62 62 1 0 0 0 1 0 2 0 0 0 1 0 2 0 0 0 716 716 0 0 0 0 1 0 2 21 21 1 0 0 0 1 0 2 12 12 1 0 0 0 1 0 2 13 13 0 0 0 0 1 0 2
331 331 1 0 0 0 1 0 2 0 0 0 1 0 2 0 0 0 5394 5394 0 0 0 0 1 0 2 19 19 1 0 0 0 1 0 2 14 14 1 0 0 0 1 0 2 15 15 1 0 0 0 1 0 2 60 60 1 0 0 0 1 0 2 0 0 0 1 0 2 0 0 0 716 716 0 0 0 0 1 0 2 18 18 1 0 0 0 1 0 2 14 14 1 0 0 0 1 0 2 15 15 1 0 0 0 1 0 2
329 329 1 0 0 0 1 0 2 0 0 0 1 0 2 0 0 0 5394 5394 0 0 0 0 1 0 2 18 18 0 0 0 0 1 0 2 15 15 0 0 0 0 1 0 2 16 16 0 0 0 0 1 0 2 58 58 1 0 0 0 1 0 2 0 0 0 1 0 2 0 0 0 716 716 0 0 0 0 1 0 2 17 17 0 0 0 0 1 0 2 16 16 0 0 0 0 1 0 2 16 16 0 0 0 0 1 0 2
327 327 0 0 0 0 1 0 2 0 0 0 1 0 2 0 0 0 5394 5394 0 0 0 0 1 0 2 17 17 1 0 0 0 1 0 2 16 16 1 0 0 0 1 0 2 16 16 0 0 0 0 1 0 2 56 56 0 0 0 0 1 0 2 0 0 0 1 0 2 0 0 0 716 716 0 0 0 0 1 0 2 16 16 1 0 0 0 1 0 2 17 17 1 0 0 0 1 0 2 16 16 0 0 0 0 1 0 2
327 327 0 0 0 0 1 0 2 0 0 0 1 0 2 0 0 0 5394 5394 0 0 0 0 1 0 2 15 15 0 0 0 0 1 0 2 17 17 0 0 0 0 1 0 2 17 17 1 0 0 0 1 0 2 56 56 0 0 0 0 1 0 2 0 0 0 1 0 2 0 0 0 716 716 0 0 0 0 1 0 2 14 14 0 0 0 0 1 0 2 19 19 1 0 0 0 1 0 2 17 17 1 0 0 0 1 0 2
164 164 163 0 0 0 1 0 2 0 0 0 1 0 2 0 0 0 2702 2702 2692 0 0 0 1 0 2 12 12 2 0 0 0 1 0 2 23 23 5 0 0 0 1 0 2 18 18 0 0 0 0 1 0 2 28 28 27 0 0 0 1 0 2 0 0 0 1 0 2 0 0 0 362 362 354 0 0 0 1 0 2 11 11 2 0 0 0 1 0 2 26 26 6 0 0 0 1 0 2 17 17 0 0 0 0 1 0 2
1510 1510 1509 0 0 0 1 0 2 0 0 0 1 0 2 0 0 0 21868 21868 21858 0 0 0 1 0 2 11 11 1 0 0 0 1 0 2 26 26 3 0 0 0 1 0 2 19 19 0 0 0 0 1 0 2 103 103 102 0 0 0 1 0 2 0 0 0 1 0 2 0 0 0 1038 1038 1030 0 0 0 1 0 2 10 10 1 0 0 0 1 0 2 28 28 3 0 0 0 1 0 2 18 18 1 0 0 0 1 0 2
3345 3345 326 0 0 0 1 0 2 0 0 0 1 0 2 0 0 0 44407 44407 681 0 0 0 1 0 2 13 13 1 0 0 0 1 0 2 20 20 2 0 0 0 1 0 2 20 20 0 0 0 0 1 0 2 220 220 14 0 0 0 1 0 2 0 0 0 1 0 2 0 0 0 2093 2093 25 0 0 0 1 0 2 12 12 1 0 0 0 1 0 2 22 22 2 0 0 0 1 0 2 19 19 0 0 0 0 1 0 2
3671 3671 0 0 0 0 1 0 2 0 0 0 1 0 2 0 0 0 45089 45089 0 0 0 0 1 0 2 15 15 0 0 0 0 1 0 2 18 18 0 0 0 0 1 0 2 20 20 0 0 0 0 1 0 2 235 235 0 0 0 0 1 0 2 0 0 0 1 0 2 0 0 0 2118 2118 0 0 0 0 1 0 2 14 14 0 0 0 0 1 0 2 19 19 1 0 0 0 1 0 2 20 20 0 0 0 0 1 0 2
3672 3672 1 0 0 0 1 0 2 0 0 0 1 0 2 0 0 0 45089 45089 0 0 0 0 1 0 2 16 16 1 0 0 0 1 0 2 17 17 1 0 0 0 1 0 2 19 19 0 0 0 0 1 0 2 237 237 1 0 0 0 1 0 2 0 0 0 1 0 2 0 0 0 2117 2117 0 0 0 0 1 0 2 16 16 1 0 0 0 1 0 2 17 17 1 0 0 0 1 0 2 19 19 0 0 0 0 1 0 2
3673 3673 0 0 0 0 1 0 2 0 0 0 1 0 2 0 0 0 45089 45089 0 0 0 0 1 0 2 17 17 0 0 0 0 1 0 2 15 15 0 0 0 0 1 0 2 18 18 1 0 0 0 1 0 2 238 238 0 0 0 0 1 0 2 0 0 0 1 0 2 0 0 0 2117 2117 0 0 0 0 1 0 2 17 17 0 0 0 0 1 0 2 15 15 0 0 0 0 1 0 2 18 18 1 0 0 0 1 0 2
3674 3674 1 0 0 0 1 0 2 0 0 0 1 0 2 0 0 0 45088 45088 0 0 0 0 1 0 2 18 18 0 0 0 0 1 0 2 14 14 0 0 0 0 1 0 2 17 17 0 0 0 0 1 0 2 239 239 1 0 0 0 1 0 2 0 0 0 1 0 2 0 0 0 2117 2117 0 0 0 0 1 0 2 18 18 0 0 0 0 1 0 2 14 14 0 0 0 0 1 0 2 17 17 0 0 0 0 1 0 2
3675 3675 0 0 0 0 1 0 2 0 0 0 1 0 2 0 0 0 45088 45088 0 0 0 0 1 0 2 19 19 0 0 0 0 1 0 2 13 13 0 0 0 0 1 0 2 16 16 0 0 0 0 1 0 2 240 240 0 0 0 0 1 0 2 0 0 0 1 0 2 0 0 0 2117 2117 0 0 0 0 1 0 2 19 19 0 0 0 0 1 0 2 13 13 0 0 0 0 1 0 2 16 16 0 0 0 0 1 0 2
3676 3676 1 0 0 0 1 0 2 0 0 0 1 0 2 0 0 0 45088 45088 0 0 0 0 1 0 2 20 20 0 0 0 0 1 0 2 12 12 0 0 0 0 1 0 2 15 15 0 0 0 0 1 0 2 240 240 0 0 0 0 1 0 2 0 0 0 1 0 2 0 0 0 2117 2117 0 0 0 0 1 0 2 20 20 0 0 0 0 1 0 2 12 12 0 0 0 0 1 0 2 15 15 0 0 0 0 1 0 2
3677 3677 0 0 0 0 1 0 2 0 0 0 1 0 2 0 0 0 45088 45088 0 0 0 0 1 0 2 21 21 0 0 0 0 1 0 2 12 12 0 0 0 0 1 0 2 14 14 0 0 0 0 1 0 2 241 241 0 0 0 0 1 0 2 0 0 0 1 0 2 0 0 0 2117 2117 0 0 0 0 1 0 2 21 21 0 0 0 0 1 0 2 12 12 0 0 0 0 1 0 2 14 14 0 0 0 0 1 0 2
3677 3677 0 0 0 0 1 0 2 0 0 0 1 0 2 0 0 0 45088 45088 0 0 0 0 1 0 2 22 22 0 0 0 0 1 0 2 11 11 0 0 0 0 1 0 2 13 13 0 0 0 0 1 0 2 241 241 0 0 0 0 1 0 2 0 0 0 1 0 2 0 0 0 2117 2117 0 0 0 0 1 0 2 22 22 0 0 0 0 1 0 2 11 11 0 0 0 0 1 0 2 13 13 0 0 0 0 1 0 2
3677 3677 0 0 0 0 1 0 2 0 0 0 1 0 2 0 0 0 45088 45088 0 0 0 0 1 0 2 23 23 0 0 0 0 1 0 2 11 11 0 0 0 0 1 0 2 13 13 0 0 0 0 1 0 2 242 242 0 0 0 0 1 0 2 0 0 0 1 0 2 0 0 0 2117 2117 0 0 0 0 1 0 2 23 23 0 0 0 0 1 0 2 11 11 0 0 0 0 1 0 2 13 13 0 0 0 0 1 0 2
4053 4053 375 0 0 0 1 0 2 0 0 0 1 0 2 0 0 0 45382 45382 294 0 0 0 1 0 2 22 22 0 0 0 0 1 0 2 11 11 0 0 0 0 1 0 2 13 13 0 0 0 0 1 0 2 318 318 75 0 0 0 1 0 2 0 0 0 1 0 2 0 0 0 2348 2348 231 0 0 0 1 0 2 22 22 0 0 0 0 1 0 2 11 11 0 0 0 0 1 0 2 13 13 0 0 0 0 1 0 2
4431 4431 3 0 0 0 1 0 2 0 0 0 1 0 2 0 0 0 45676 45676 0 0 0 0 1 0 2 25 25 3 0 0 0 1 0 2 9 9 1 0 0 0 1 0 2 11 11 2 0 0 0 1 0 2 398 398 5 0 0 0 1 0 2 0 0 0 1 0 2 0 0 0 2580 2580 0 0 0 0 1 0 2 25 25 3 0 0 0 1 0 2 9 9 1 0 0 0 1 0 2 11 11 2 0 0 0 1 0 2
4436 4436 1 0 0 0 1 0 2 0 0 0 1 0 2 0 0 0 45675 45675 0 0 0 0 1 0 2 29 29 0 0 0 0 1 0 2 8 8 0 0 0 0 1 0 2 8 8 0 0 0 0 1 0 2 404 404 1 0 0 0 1 0 2 0 0 0 1 0 2 0 0 0 2581 2581 0 0 0 0 1 0 2 29 29 0 0 0 0 1 0 2 8 8 0 0 0 0 1 0 2 8 8 0 0 0 0 1 0 2
4786 4786 348 0 0 0 1 0 2 0 0 0 1 0 2 0 0 0 45869 45869 194 0 0 0 1 0 2 31 31 1 0 0 0 1 0 2 7 7 0 0 0 0 1 0 2 7 7 0 0 0 0 1 0 2 489 489 83 0 0 0 1 0 2 0 0 0 1 0 2 0 0 0 2776 2776 195 0 0 0 1 0 2 31 31 1 0 0 0 1 0 2 7 7 0 0 0 0 1 0 2 7 7 0 0 0 0 1 0 2
3626 3626 1508 0 0 0 1 0 2 0 0 0 1 0 2 0 0 0 30490 30490 15573 0 0 0 1 0 2 32 32 0 0 0 0 1 0 2 7 7 0 0 0 0 1 0 2 7 7 0 0 0 0 1 0 2 470 470 102 0 0 0 1 0 2 0 0 0 1 0 2 0 0 0 2569 2569 401 0 0 0 1 0 2 32 32 0 0 0 0 1 0 2 7 7 0 0 0 0 1 0 2 7 7 0 0 0 0 1 0 2
1794 1794 323 0 0 0 1 0 2 0 0 0 1 0 2 0 0 0 12445 12445 2471 0 0 0 1 0 2 32 32 0 0 0 0 1 0 2 7 7 0 0 0 0 1 0 2 7 7 0 0 0 0 1 0 2 355 355 13 0 0 0 1 0 2 0 0 0 1 0 2 0 0 0 2144 2144 23 0 0 0 1 0 2 32 32 0 0 0 0 1 0 2 7 7 0 0 0 0 1 0 2 7 7 0 0 0 0 1 0 2
1471 1471 0 0 0 0 1 0 2 0 0 0 1 0 2 0 0 0 9974 9974 0 0 0 0 1 0 2 33 33 0 0 0 0 1 0 2 7 7 0 0 0 0 1 0 2 7 7 0 0 0 0 1 0 2 342 342 0 0 0 0 1 0 2 0 0 0 1 0 2 0 0 0 2121 2121 0 0 0 0 1 0 2 33 33 0 0 0 0 1 0 2 7 7 0 0 0 0 1 0 2 7 7 0 0 0 0 1 0 2
1470 1470 0 0 0 0 1 0 2 0 0 0 1 0 2 0 0 0 9974 9974 0 0 0 0 1 0 2 32 32 0 0 0 0 1 0 2 7 7 0 0 0 0 1 0 2 7 7 0 0 0 0 1 0 2 342 342 0 0 0 0 1 0 2 0 0 0 1 0 2 0 0 0 2121 2121 0 0 0 0 1 0 2 32 32 0 0 0 0 1 0 2 7 7 0 0 0 0 1 0 2 7 7 0 0 0 0 1 0 2
1470 1470 0 0 0 0 1 0 2 0 0 0 1 0 2 0 0 0 9974 9974 0 0 0 0 1 0 2 31 31 0 0 0 0 1 0 2 7 7 0 0 0 0 1 0 2 7 7 0 0 0 0 1 0 2 342 342 0 0 0 0 1 0 2 0 0 0 1 0 2 0 0 0 2121 2121 0 0 0 0 1 0 2 31 31 0 0 0 0 1 0 2 7 7 0 0 0 0 1 0 2 7 7 0 0 0 0 1 0 2
1469 1469 1 0 0 0 1 0 2 0 0 0 1 0 2 0 0 0 9974 9974 0 0 0 0 1 0 2 30 30 0 0 0 0 1 0 2 8 8 0 0 0 0 1 0 2 8 8 1 0 0 0 1 0 2 341 341 1 0 0 0 1 0 2 0 0 0 1 0 2 0 0 0 2121 2121 0 0 0 0 1 0 2 30 30 0 0 0 0 1 0 2 8 8 0 0 0 0 1 0 2 8 8 1 0 0 0 1 0 2
1468 1468 0 0 0 0 1 0 2 0 0 0 1 0 2 0 0 0 9974 9974 0 0 0 0 1 0 2 29 29 0 0 0 0 1 0 2 8 8 0 0 0 0 1 0 2 9 9 0 0 0 0 1 0 2 340 340 0 0 0 0 1 0 2 0 0 0 1 0 2 0 0 0 2121 2121 0 0 0 0 1 0 2 29 29 0 0 0 0 1 0 2 8 8 0 0 0 0 1 0 2 9 9 0 0 0 0 1 0 2
1468 1468 0 0 0 0 1 0 2 0 0 0 1 0 2 0 0 0 9974 9974 0 0 0 0 1 0 2 28 28 0 0 0 0 1 0 2 8 8 0 0 0 0 1 0 2 9 9 0 0 0 0 1 0 2 340 340 0 0 0 0 1 0 2 0 0 0 1 0 2 0 0 0 2121 2121 0 0 0 0 1 0 2 28 28 0 0 0 0 1 0 2 8 8 0 0 0 0 1 0 2 9 9 0 0 0 0 1 0 2
1468 1468 0 0 0 0 1 0 2 0 0 0 1 0 2 0 0 0 9974 9974 0 0 0 0 1 0 2 28 28 0 0 0 0 1 0 2 8 8 0 0 0 0 1 0 2 10 10 0 0 0 0 1 0 2 340 340 0 0 0 0 1 0 2 0 0 0 1 0 2 0 0 0 2122 2122 0 0 0 0 1 0 2 28 28 0 0 0 0 1 0 2 8 8 0 0 0 0 1 0 2 10 10 0 0 0 0 1 0 2
1469 1469 0 0 0 0 1 0 2 0 0 0 1 0 2 0 0 0 9974 9974 0 0 0 0 1 0 2 28 28 0 0 0 0 1 0 2 8 8 0 0 0 0 1 0 2 10 10 0 0 0 0 1 0 2 341 341 0 0 0 0 1 0 2 0 0 0 1 0 2 0 0 0 2122 2122 0 0 0 0 1 0 2 28 28 0 0 0 0 1 0 2 8 8 0 0 0 0 1 0 2 10 10 0 0 0 0 1 0 2
1469 1469 0 0 0 0 1 0 2 0 0 0 1 0 2 0 0 0 9974 9974 0 0 0 0 1 0 2 28 28 0 0 0 0 1 0 2 8 8 0 0 0 0 1 0 2 10 10 0 0 0 0 1 0 2 341 341 0 0 0 0 1 0 2 0 0 0 1 0 2 0 0 0 2122 2122 0 0 0 0 1 0 2 28 28 0 0 0 0 1 0 2 8 8 0 0 0 0 1 0 2 10 10 0 0 0 0 1 0 2
10552 10552 9083 0 0 0 1 0 2 0 0 0 1 0 2 0 0 0 62429 62429 52455 0 0 0 1 0 2 28 28 0 0 0 0 1 0 2 8 8 0 0 0 0 1 0 2 10 10 0 0 0 0 1 0 2 718 718 377 0 0 0 1 0 2 0 0 0 1 0 2 0 0 0 3548 3548 1426 0 0 0 1 0 2 28 28 0 0 0 0 1 0 2 8 8 0 0 0 0 1 0 2 10 10 0 0 0 0 1 0 2
27891 27891 8256 0 0 0 1 0 2 0 0 0 1 0 2 0 0 0 130212 130212 15327 0 0 0 1 0 2 26 26 1 0 0 0 1 0 2 8 8 0 0 0 0 1 0 2 10 10 0 0 0 0 1 0 2 1405 1405 309 0 0 0 1 0 2 0 0 0 1 0 2 0 0 0 5457 5457 483 0 0 0 1 0 2 26 26 1 0 0 0 1 0 2 8 8 0 0 0 0 1 0 2 10 10 0 0 0 0 1 0 2
36149 36149 1 0 0 0 1 0 2 0 0 0 1 0 2 0 0 0 145538 145538 0 0 0 0 1 0 2 26 26 1 0 0 0 1 0 2 8 8 0 0 0 0 1 0 2 10 10 0 0 0 0 1 0 2 1715 1715 1 0 0 0 1 0 2 0 0 0 1 0 2 0 0 0 5940 5940 0 0 0 0 1 0 2 26 26 1 0 0 0 1 0 2 8 8 0 0 0 0 1 0 2 10 10 0 0 0 0 1 0 2
35805 35805 345 0 0 0 1 0 2 0 0 0 1 0 2 0 0 0 145550 145550 12 0 0 0 1 0 2 27 27 0 0 0 0 1 0 2 8 8 0 0 0 0 1 0 2 10 10 0 0 0 0 1 0 2 1635 1635 80 0 0 0 1 0 2 0 0 0 1 0 2 0 0 0 5863 5863 77 0 0 0 1 0 2 27 27 0 0 0 0 1 0 2 8 8 0 0 0 0 1 0 2 10 10 0 0 0 0 1 0 2
35514 35514 54 0 0 0 1 0 2 0 0 0 1 0 2 0 0 0 145552 145552 10 0 0 0 1 0 2 28 28 0 0 0 0 1 0 2 8 8 0 0 0 0 1 0 2 10 10 0 0 0 0 1 0 2 1563 1563 8 0 0 0 1 0 2 0 0 0 1 0 2 0 0 0 5785 5785 0 0 0 0 1 0 2 28 28 0 0 0 0 1 0 2 8 8 0 0 0 0 1 0 2 10 10 0 0 0 0 1 0 2
36725 36725 1156 0 0 0 1 0 2 0 0 0 1 0 2 0 0 0 145820 145820 278 0 0 0 1 0 2 28 28 0 0 0 0 1 0 2 7 7 0 0 0 0 1 0 2 10 10 0 0 0 0 1 0 2 1614 1614 43 0 0 0 1 0 2 0 0 0 1 0 2 0 0 0 5787 5787 2 0 0 0 1 0 2 28 28 0 0 0 0 1 0 2 7 7 0 0 0 0 1 0 2 10 10 0 0 0 0 1 0 2
38827 38827 945 0 0 0 1 0 2 0 0 0 1 0 2 0 0 0 146764 146764 665 0 0 0 1 0 2 29 29 0 0 0 0 1 0 2 7 7 0 0 0 0 1 0 2 10 10 0 0 0 0 1 0 2 1716 1716 58 0 0 0 1 0 2 0 0 0 1 0 2 0 0 0 5827 5827 38 0 0 0 1 0 2 29 29 0 0 0 0 1 0 2 7 7 0 0 0 0 1 0 2 10 10 0 0 0 0 1 0 2
39774 39774 2 0 0 0 1 0 2 0 0 0 1 0 2 0 0 0 147429 147429 1 0 0 0 1 0 2 30 30 0 0 0 0 1 0 2 6 6 0 0 0 0 1 0 2 10 10 0 0 0 0 1 0 2 1776 1776 2 0 0 0 1 0 2 0 0 0 1 0 2 0 0 0 5864 5864 0 0 0 0 1 0 2 30 30 0 0 0 0 1 0 2 6 6 0 0 0 0 1 0 2 10 10 0 0 0 0 1 0 2
39777 39777 0 0 0 0 1 0 2 0 0 0 1 0 2 0 0 0 147428 147428 0 0 0 0 1 0 2 31 31 0 0 0 0 1 0 2 6 6 0 0 0 0 1 0 2 9 9 0 0 0 0 1 0 2 1778 1778 0 0 0 0 1 0 2 0 0 0 1 0 2 0 0 0 5864 5864 0 0 0 0 1 0 2 31 31 0 0 0 0 1 0 2 6 6 0 0 0 0 1 0 2 9 9 0 0 0 0 1 0 2
39817 39817 39 0 0 0 1 0 2 0 0 0 1 0 2 0 0 0 147419 147419 9 0 0 0 1 0 2 33 33 1 0 0 0 1 0 2 5 5 0 0 0 0 1 0 2 8 8 0 0 0 0 1 0 2 1794 1794 16 0 0 0 1 0 2 0 0 0 1 0 2 0 0 0 5863 5863 0 0 0 0 1 0 2 33 33 1 0 0 0 1 0 2 5 5 0 0 0 0 1 0 2 8 8 0 0 0 0 1 0 2
39857 39857 1 0 0 0 1 0 2 0 0 0 1 0 2 0 0 0 147409 147409 0 0 0 0 1 0 2 34 34 0 0 0 0 1 0 2 5 5 0 0 0 0 1 0 2 7 7 0 0 0 0 1 0 2 1812 1812 2 0 0 0 1 0 2 0 0 0 1 0 2 0 0 0 5863 5863 0 0 0 0 1 0 2 34 34 0 0 0 0 1 0 2 5 5 0 0 0 0 1 0 2 7 7 0 0 0 0 1 0 2
42387 42387 2529 0 0 0 1 0 2 0 0 0 1 0 2 0 0 0 149306 149306 1897 0 0 0 1 0 2 34 34 0 0 0 0 1 0 2 5 5 0 0 0 0 1 0 2 6 6 0 0 0 0 1 0 2 2092 2092 277 0 0 0 1 0 2 0 0 0 1 0 2 0 0 0 6345 6345 482 0 0 0 1 0 2 34 34 0 0 0 0 1 0 2 5 5 0 0 0 0 1 0 2 6 6 0 0 0 0 1 0 2
45781 45781 864 0 0 0 1 0 2 0 0 0 1 0 2 0 0 0 151762 151762 559 0 0 0 1 0 2 35 35 0 0 0 0 1 0 2 4 4 0 0 0 0 1 0 2 6 6 0 0 0 0 1 0 2 2492 2492 122 0 0 0 1 0 2 0 0 0 1 0 2 0 0 0 7029 7029 202 0 0 0 1 0 2 35 35 0 0 0 0 1 0 2 4 4 0 0 0 0 1 0 2 6 6 0 0 0 0 1 0 2
46648 46648 3 0 0 0 1 0 2 0 0 0 1 0 2 0 0 0 152320 152320 1 0 0 0 1 0 2 38 38 2 0 0 0 1 0 2 4 4 0 0 0 0 1 0 2 5 5 0 0 0 0 1 0 2 2617 2617 3 0 0 0 1 0 2 0 0 0 1 0 2 0 0 0 7231 7231 1 0 0 0 1 0 2 38 38 2 0 0 0 1 0 2 4 4 0 0 0 0 1 0 2 5 5 0 0 0 0 1 0 2
46655 46655 3 0 0 0 1 0 2 0 0 0 1 0 2 0 0 0 152318 152318 1 0 0 0 1 0 2 42 42 1 0 0 0 1 0 2 3 3 0 0 0 0 1 0 2 5 5 0 0 0 0 1 0 2 2623 2623 3 0 0 0 1 0 2 0 0 0 1 0 2 0 0 0 7229 7229 1 0 0 0 1 0 2 42 42 1 0 0 0 1 0 2 3 3 0 0 0 0 1 0 2 5 5 0 0 0 0 1 0 2
37207 37207 9451 0 0 0 1 0 2 0 0 0 1 0 2 0 0 0 128754 128754 23562 0 0 0 1 0 2 43 43 0 0 0 0 1 0 2 3 3 0 0 0 0 1 0 2 5 5 0 0 0 0 1 0 2 2179 2179 446 0 0 0 1 0 2 0 0 0 1 0 2 0 0 0 6466 6466 762 0 0 0 1 0 2 43 43 0 0 0 0 1 0 2 3 3 0 0 0 0 1 0 2 5 5 0 0 0 0 1 0 2
19498 19498 8258 0 0 0 1 0 2 0 0 0 1 0 2 0 0 0 79078 79078 26114 0 0 0 1 0 2 45 45 1 0 0 0 1 0 2 3 3 0 0 0 0 1 0 2 4 4 0 0 0 0 1 0 2 1420 1420 312 0 0 0 1 0 2 0 0 0 1 0 2 0 0 0 5198 5198 505 0 0 0 1 0 2 45 45 1 0 0 0 1 0 2 3 3 0 0 0 0 1 0 2 4 4 0 0 0 0 1 0 2
11515 11515 275 0 0 0 1 0 2 0 0 0 1 0 2 0 0 0 53068 53068 104 0 0 0 1 0 2 47 47 0 0 0 0 1 0 2 3 3 0 0 0 0 1 0 2 4 4 0 0 0 0 1 0 2 1180 1180 72 0 0 0 1 0 2 0 0 0 1 0 2 0 0 0 4791 4791 98 0 0 0 1 0 2 47 47 0 0 0 0 1 0 2 3 3 0 0 0 0 1 0 2 4 4 0 0 0 0 1 0 2
12004 12004 214 0 0 0 1 0 2 0 0 0 1 0 2 0 0 0 53180 53180 7 0 0 0 1 0 2 47 47 0 0 0 0 1 0 2 3 3 0 0 0 0 1 0 2 4 4 0 0 0 0 1 0 2 1415 1415 163 0 0 0 1 0 2 0 0 0 1 0 2 0 0 0 5196 5196 306 0 0 0 1 0 2 47 47 0 0 0 0 1 0 2 3 3 0 0 0 0 1 0 2 4 4 0 0 0 0 1 0 2
12174 12174 44 0 0 0 1 0 2 15 15 15 1 0 1 1 0 1 53190 53190 2 0 0 0 1 0 2 48 48 1 0 0 0 1 0 2 3 3 0 0 0 0 1 0 2 4 4 0 0 0 0 1 0 2 1589 1589 10 0 0 0 1 0 2 13 13 13 1 0 1 1 0 1 5502 5502 0 0 0 0 1 0 2 48 48 1 0 0 0 1 0 2 3 3 0 0 0 0 1 0 2 4 4 0 0 0 0 1 0 2
10974 10974 1156 0 0 0 1 0 2 15 15 15 1 0 1 1 0 1 51836 51836 1357 0 0 0 1 0 2 49 49 0 0 0 0 1 0 2 3 3 0 0 0 0 1 0 2 4 4 0 0 0 0 1 0 2 1557 1557 41 0 0 0 1 0 2 13 13 13 1 0 1 1 0 1 5499 5499 3 0 0 0 1 0 2 49 49 0 0 0 0 1 0 2 3 3 0 0 0 0 1 0 2 4 4 0 0 0 0 1 0 2
9500 9500 317 0 0 0 1 0 2 0 0 0 1 0 2 0 0 0 48572 48572 1906 0 0 0 1 0 2 49 49 0 0 0 0 1 0 2 3 3 0 0 0 0 1 0 2 4 4 0 0 0 0 1 0 2 1567 1567 51 0 0 0 1 0 2 0 0 0 1 0 2 0 0 0 5606 5606 110 0 0 0 1 0 2 49 49 0 0 0 0 1 0 2 3 3 0 0 0 0 1 0 2 4 4 0 0 0 0 1 0 2
9183 9183 0 0 0 0 1 0 2 30 30 30 1 0 1 1 0 1 46666 46666 0 0 0 0 1 0 2 51 51 1 0 0 0 1 0 2 2 2 0 0 0 0 1 0 2 3 3 0 0 0 0 1 0 2 1621 1621 2 0 0 0 1 0 2 27 27 27 1 0 1 1 0 1 5716 5716 0 0 0 0 1 0 2 51 51 1 0 0 0 1 0 2 2 2 0 0 0 0 1 0 2 3 3 0 0 0 0 1 0 2
9186 9186 2 0 0 0 1 0 2 60 60 0 0 0 0 1 0 2 46665 46665 0 0 0 0 1 0 2 53 53 1 0 0 0 1 0 2 2 2 0 0 0 0 1 0 2 3 3 0 0 0 0 1 0 2 1626 1626 2 0 0 0 1 0 2 54 54 0 0 0 0 1 0 2 5715 5715 0 0 0 0 1 0 2 53 53 1 0 0 0 1 0 2 2 2 0 0 0 0 1 0 2 3 3 0 0 0 0 1 0 2
13508 13508 4319 0 0 0 1 0 2 60 60 0 0 0 0 1 0 2 64506 64506 17841 0 0 0 1 0 2 54 54 0 0 0 0 1 0 2 2 2 0 0 0 0 1 0 2 2 2 0 0 0 0 1 0 2 1856 1856 228 0 0 0 1 0 2 54 54 0 0 0 0 1 0 2 6029 6029 314 0 0 0 1 0 2 54 54 0 0 0 0 1 0 2 2 2 0 0 0 0 1 0 2 2 2 0 0 0 0 1 0 2
17892 17892 65 0 0 0 1 0 2 60 60 0 0 0 0 1 0 2 82342 82342 6 0 0 0 1 0 2 56 56 2 0 0 0 1 0 2 2 2 0 0 0 0 1 0 2 1 1 0 0 0 0 1 0 2 2093 2093 9 0 0 0 1 0 2 54 54 0 0 0 0 1 0 2 6342 6342 1 0 0 0 1 0 2 56 56 2 0 0 0 1 0 2 2 2 0 0 0 0 1 0 2 1 1 0 0 0 0 1 0 2
16179 16179 1779 0 0 0 1 0 2 60 60 0 0 0 0 1 0 2 78329 78329 4006 0 0 0 1 0 2 60 60 1 0 0 0 1 0 2 2 2 0 0 0 0 1 0 2 1 1 0 0 0 0 1 0 2 1992 1992 109 0 0 0 1 0 2 54 54 0 0 0 0 1 0 2 6088 6088 253 0 0 0 1 0 2 60 60 1 0 0 0 1 0 2 2 2 0 0 0 0 1 0 2 1 1 0 0 0 0 1 0 2
14085 14085 314 0 0 0 1 0 2 60 60 0 0 0 0 1 0 2 73043 73043 1280 0 0 0 1 0 2 60 60 0 0 0 0 1 0 2 2 2 0 0 0 0 1 0 2 1 1 0 0 0 0 1 0 2 1836 1836 46 0 0 0 1 0 2 54 54 0 0 0 0 1 0 2 5605 5605 229 0 0 0 1 0 2 60 60 0 0 0 0 1 0 2 2 2 0 0 0 0 1 0 2 1 1 0 0 0 0 1 0 2
14595 14595 824 0 0 0 1 0 2 60 60 0 0 0 0 1 0 2 72208 72208 445 0 0 0 1 0 2 57 57 2 0 0 0 1 0 2 2 2 0 0 0 0 1 0 2 1 1 0 0 0 0 1 0 2 1934 1934 144 0 0 0 1 0 2 54 54 0 0 0 0 1 0 2 5466 5466 90 0 0 0 1 0 2 57 57 2 0 0 0 1 0 2 2 2 0 0 0 0 1 0 2 1 1 0 0 0 0 1 0 2
15421 15421 2 0 0 0 1 0 2 60 60 0 0 0 0 1 0 2 72653 72653 0 0 0 0 1 0 2 56 56 1 0 0 0 1 0 2 2 2 0 0 0 0 1 0 2 1 1 0 0 0 0 1 0 2 2080 2080 2 0 0 0 1 0 2 54 54 0 0 0 0 1 0 2 5556 5556 0 0 0 0 1 0 2 56 56 1 0 0 0 1 0 2 2 2 0 0 0 0 1 0 2 1 1 0 0 0 0 1 0 2
15418 15418 6 0 0 0 1 0 2 60 60 0 0 0 0 1 0 2 72654 72654 1 0 0 0 1 0 2 56 56 1 0 0 0 1 0 2 2 2 0 0 0 0 1 0 2 1 1 0 0 0 0 1 0 2 2076 2076 5 0 0 0 1 0 2 54 54 0 0 0 0 1 0 2 5557 5557 1 0 0 0 1 0 2 56 56 1 0 0 0 1 0 2 2 2 0 0 0 0 1 0 2 1 1 0 0 0 0 1 0 2
15415 15415 3 0 0 0 1 0 2 60 60 0 0 0 0 1 0 2 72655 72655 0 0 0 0 1 0 2 56 56 1 0 0 0 1 0 2 2 2 0 0 0 0 1 0 2 1 1 0 0 0 0 1 0 2 2073 2073 2 0 0 0 1 0 2 54 54 0 0 0 0 1 0 2 5558 5558 0 0 0 0 1 0 2 56 56 1 0 0 0 1 0 2 2 2 0 0 0 0 1 0 2 1 1 0 0 0 0 1 0 2
15647 15647 228 0 0 0 1 0 2 60 60 0 0 0 0 1 0 2 73084 73084 429 0 0 0 1 0 2 56 56 1 0 0 0 1 0 2 2 2 0 0 0 0 1 0 2 1 1 0 0 0 0 1 0 2 2075 2075 1 0 0 0 1 0 2 54 54 0 0 0 0 1 0 2 5547 5547 10 0 0 0 1 0 2 56 56 1 0 0 0 1 0 2 2 2 0 0 0 0 1 0 2 1 1 0 0 0 0 1 0 2
15664 15664 211 0 0 0 1 0 2 60 60 0 0 0 0 1 0 2 73517 73517 4 0 0 0 1 0 2 56 56 1 0 0 0 1 0 2 2 2 0 0 0 0 1 0 2 1 1 0 0 0 0 1 0 2 1913 1913 160 0 0 0 1 0 2 54 54 0 0 0 0 1 0 2 5249 5249 287 0 0 0 1 0 2 56 56 1 0 0 0 1 0 2 2 2 0 0 0 0 1 0 2 1 1 0 0 0 0 1 0 2
16673 16673 1220 0 0 0 1 0 2 60 60 0 0 0 0 1 0 2 75095 75095 1573 0 0 0 1 0 2 56 56 1 0 0 0 1 0 2 2 2 0 0 0 0 1 0 2 1 1 0 0 0 0 1 0 2 1898 1898 145 0 0 0 1 0 2 54 54 0 0 0 0 1 0 2 5262 5262 300 0 0 0 1 0 2 56 56 1 0 0 0 1 0 2 2 2 0 0 0 0 1 0 2 1 1 0 0 0 0 1 0 2
18684 18684 790 0 0 0 1 0 2 60 60 0 0 0 0 1 0 2 77029 77029 361 0 0 0 1 0 2 54 54 1 0 0 0 1 0 2 2 2 0 0 0 0 1 0 2 2 2 0 0 0 0 1 0 2 2199 2199 155 0 0 0 1 0 2 54 54 0 0 0 0 1 0 2 5680 5680 118 0 0 0 1 0 2 54 54 1 0 0 0 1 0 2 2 2 0 0 0 0 1 0 2 2 2 0 0 0 0 1 0 2
21986 21986 2512 0 0 0 1 0 2 60 60 0 0 0 0 1 0 2 81893 81893 4502 0 0 0 1 0 2 51 51 1 0 0 0 1 0 2 2 2 0 0 0 0 1 0 2 2 2 0 0 0 0 1 0 2 2439 2439 84 0 0 0 1 0 2 54 54 0 0 0 0 1 0 2 5790 5790 8 0 0 0 1 0 2 51 51 2 0 0 0 1 0 2 2 2 0 0 0 0 1 0 2 2 2 0 0 0 0 1 0 2
24852 24852 354 0 0 0 1 0 2 60 60 0 0 0 0 1 0 2 86509 86509 113 0 0 0 1 0 2 49 49 1 0 0 0 1 0 2 2 2 0 0 0 0 1 0 2 2 2 0 0 0 0 1 0 2 2548 2548 24 0 0 0 1 0 2 54 54 0 0 0 0 1 0 2 5783 5783 1 0 0 0 1 0 2 48 48 0 0 0 0 1 0 2 2 2 0 0 0 0 1 0 2 2 2 0 0 0 0 1 0 2
25209 25209 3 0 0 0 1 0 2 60 60 0 0 0 0 1 0 2 86621 86621 1 0 0 0 1 0 2 47 47 0 0 0 0 1 0 2 2 2 0 0 0 0 1 0 2 2 2 0 0 0 0 1 0 2 2575 2575 3 0 0 0 1 0 2 67 67 13 0 0 0 1 0 2 5784 5784 1 0 0 0 1 0 2 47 47 0 0 0 0 1 0 2 2 2 0 0 0 0 1 0 2 2 2 0 0 0 0 1 0 2
22326 22326 2886 0 0 0 1 0 2 60 60 0 0 0 0 1 0 2 72163 72163 14457 0 0 0 1 0 2 46 46 0 0 0 0 1 0 2 2 2 0 0 0 0 1 0 2 2 2 0 0 0 0 1 0 2 2517 2517 62 0 0 0 1 0 2 67 67 13 0 0 0 1 0 2 5692 5692 90 0 0 0 1 0 2 46 46 0 0 0 0 1 0 2 2 2 0 0 0 0 1 0 2 2 2 0 0 0 0 1 0 2
20480 20480 1040 0 0 0 1 0 2 90 90 30 0 0 0 1 0 2 59229 59229 1523 0 0 0 1 0 2 44 44 1 0 0 0 1 0 2 2 2 0 0 0 0 1 0 2 2 2 0 0 0 0 1 0 2 2749 2749 294 0 0 0 1 0 2 81 81 27 0 0 0 1 0 2 6513 6513 911 0 0 0 1 0 2 44 44 1 0 0 0 1 0 2 2 2 0 0 0 0 1 0 2 2 2 0 0 0 0 1 0 2
20778 20778 742 0 0 0 1 0 2 120 120 0 0 0 0 1 0 2 60214 60214 539 0 0 0 1 0 2 43 43 0 0 0 0 1 0 2 2 2 0 0 0 0 1 0 2 2 2 0 0 0 0 1 0 2 2884 2884 160 0 0 0 1 0 2 108 108 0 0 0 0 1 0 2 7228 7228 196 0 0 0 1 0 2 43 43 0 0 0 0 1 0 2 2 2 0 0 0 0 1 0 2 2 2 0 0 0 0 1 0 2
20479 20479 443 0 0 0 1 0 2 120 120 0 0 0 0 1 0 2 60551 60551 876 0 0 0 1 0 2 43 43 0 0 0 0 1 0 2 2 2 0 0 0 0 1 0 2 2 2 0 0 0 0 1 0 2 2778 2778 54 0 0 0 1 0 2 108 108 0 0 0 0 1 0 2 7115 7115 83 0 0 0 1 0 2 43 43 0 0 0 0 1 0 2 2 2 0 0 0 0 1 0 2 2 2 0 0 0 0 1 0 2
20102 20102 821 0 0 0 1 0 2 120 120 0 0 0 0 1 0 2 60973 60973 454 0 0 0 1 0 2 43 43 0 0 0 0 1 0 2 2 2 0 0 0 0 1 0 2 2 2 0 0 0 0 1 0 2 2691 2691 141 0 0 0 1 0 2 108 108 0 0 0 0 1 0 2 7143 7143 54 0 0 0 1 0 2 43 43 0 0 0 0 1 0 2 2 2 0 0 0 0 1 0 2 2 2 0 0 0 0 1 0 2
19283 19283 2 0 0 0 1 0 2 120 120 0 0 0 0 1 0 2 60518 60518 1 0 0 0 1 0 2 44 44 0 0 0 0 1 0 2 2 2 0 0 0 0 1 0 2 2 2 0 0 0 0 1 0 2 2552 2552 2 0 0 0 1 0 2 108 108 0 0 0 0 1 0 2 7088 7088 1 0 0 0 1 0 2 44 44 0 0 0 0 1 0 2 2 2 0 0 0 0 1 0 2 2 2 0 0 0 0 1 0 2
19287 19287 2 0 0 0 1 0 2 120 120 0 0 0 0 1 0 2 60516 60516 0 0 0 0 1 0 2 45 45 1 0 0 0 1 0 2 2 2 0 0 0 0 1 0 2 1 1 0 0 0 0 1 0 2 2557 2557 2 0 0 0 1 0 2 135 135 27 0 0 0 1 0 2 7086 7086 1 0 0 0 1 0 2 45 45 1 0 0 0 1 0 2 2 2 0 0 0 0 1 0 2 1 1 0 0 0 0 1 0 2
19288 19288 0 0 0 0 1 0 2 120 120 0 0 0 0 1 0 2 60516 60516 0 0 0 0 1 0 2 44 44 1 0 0 0 1 0 2 2 2 0 0 0 0 1 0 2 1 1 0 0 0 0 1 0 2 2558 2558 0 0 0 0 1 0 2 162 162 0 0 0 0 1 0 2 7085 7085 0 0 0 0 1 0 2 44 44 1 0 0 0 1 0 2 2 2 0 0 0 0 1 0 2 1 1 0 0 0 0 1 0 2
18787 18787 500 0 0 0 1 0 2 120 120 0 0 0 0 1 0 2 59944 59944 571 0 0 0 1 0 2 43 43 0 0 0 0 1 0 2 2 2 0 0 0 0 1 0 2 1 1 0 0 0 0 1 0 2 2490 2490 67 0 0 0 1 0 2 162 162 0 0 0 0 1 0 2 7039 7039 47 0 0 0 1 0 2 43 43 0 0 0 0 1 0 2 2 2 0 0 0 0 1 0 2 1 1 0 0 0 0 1 0 2
18283 18283 3 0 0 0 1 0 2 120 120 0 0 0 0 1 0 2 59374 59374 1 0 0 0 1 0 2 43 43 0 0 0 0 1 0 2 2 2 0 0 0 0 1 0 2 2 2 0 0 0 0 1 0 2 2419 2419 4 0 0 0 1 0 2 162 162 0 0 0 0 1 0 2 6993 6993 1 0 0 0 1 0 2 43 43 0 0 0 0 1 0 2 2 2 0 0 0 0 1 0 2 1 1 0 0 0 0 1 0 2
17055 17055 1225 0 0 0 1 0 2 120 120 0 0 0 0 1 0 2 57324 57324 2051 0 0 0 1 0 2 44 44 1 0 0 0 1 0 2 2 2 0 0 0 0 1 0 2 1 1 0 0 0 0 1 0 2 2255 2255 160 0 0 0 1 0 2 148 148 13 0 0 0 1 0 2 6769 6769 225 0 0 0 1 0 2 45 45 1 0 0 0 1 0 2 2 2 0 0 0 0 1 0 2 1 1 0 0 0 0 1 0 2
15037 15037 793 0 0 0 1 0 2 120 120 0 0 0 0 1 0 2 54712 54712 561 0 0 0 1 0 2 46 46 0 0 0 0 1 0 2 2 2 0 0 0 0 1 0 2 1 1 0 0 0 0 1 0 2 1936 1936 159 0 0 0 1 0 2 121 121 13 0 0 0 1 0 2 6434 6434 110 0 0 0 1 0 2 47 47 0 0 0 0 1 0 2 2 2 0 0 0 0 1 0 2 1 1 0 0 0 0 1 0 2
11109 11109 3135 0 0 0 1 0 2 90 90 30 0 0 0 1 0 2 44545 44545 9605 0 0 0 1 0 2 48 48 1 0 0 0 1 0 2 2 2 0 0 0 0 1 0 2 1 1 0 0 0 0 1 0 2 1587 1587 189 0 0 0 1 0 2 81 81 27 0 0 0 1 0 2 6182 6182 141 0 0 0 1 0 2 49 49 1 0 0 0 1 0 2 2 2 0 0 0 0 1 0 2 1 1 0 0 0 0 1 0 2
7618 7618 356 0 0 0 1 0 2 60 60 0 0 0 0 1 0 2 34480 34480 459 0 0 0 1 0 2 50 50 0 0 0 0 1 0 2 2 2 0 0 0 0 1 0 2 1 1 0 0 0 0 1 0 2 1370 1370 27 0 0 0 1 0 2 54 54 0 0 0 0 1 0 2 6035 6035 5 0 0 0 1 0 2 51 51 0 0 0 0 1 0 2 2 2 0 0 0 0 1 0 2 1 1 0 0 0 0 1 0 2
7258 7258 4 0 0 0 1 0 2 60 60 0 0 0 0 1 0 2 34022 34022 1 0 0 0 1 0 2 50 50 0 0 0 0 1 0 2 2 2 0 0 0 0 1 0 2 2 2 0 0 0 0 1 0 2 1339 1339 4 0 0 0 1 0 2 54 54 0 0 0 0 1 0 2 6030 6030 0 0 0 0 1 0 2 51 51 0 0 0 0 1 0 2 2 2 0 0 0 0 1 0 2 1 1 0 0 0 0 1 0 2
5789 5789 1465 0 0 0 1 0 2 60 60 0 0 0 0 1 0 2 31016 31016 3006 0 0 0 1 0 2 50 50 0 0 0 0 1 0 2 2 2 0 0 0 0 1 0 2 2 2 0 0 0 0 1 0 2 1162 1162 173 0 0 0 1 0 2 54 54 0 0 0 0 1 0 2 5778 5778 253 0 0 0 1 0 2 51 51 0 0 0 0 1 0 2 2 2 0 0 0 0 1 0 2 2 2 0 0 0 0 1 0 2
3218 3218 1106 0 0 0 1 0 2 30 30 30 1 0 1 1 0 1 23359 23359 4651 0 0 0 1 0 2 50 50 0 0 0 0 1 0 2 2 2 0 0 0 0 1 0 2 2 2 0 0 0 0 1 0 2 684 684 305 0 0 0 1 0 2 27 27 27 1 0 1 1 0 1 3803 3803 1721 0 0 0 1 0 2 51 51 0 0 0 0 1 0 2 2 2 0 0 0 0 1 0 2 2 2 0 0 0 0 1 0 2
2104 2104 7 0 0 0 1 0 2 0 0 0 1 0 2 0 0 0 18709 18709 1 0 0 0 1 0 2 49 49 1 0 0 0 1 0 2 3 3 0 0 0 0 1 0 2 2 2 0 0 0 0 1 0 2 372 372 7 0 0 0 1 0 2 0 0 0 1 0 2 0 0 0 2082 2082 0 0 0 0 1 0 2 51 51 1 0 0 0 1 0 2 2 2 0 0 0 0 1 0 2 2 2 0 0 0 0 1 0 2
1106 1106 991 0 0 0 1 0 2 0 0 0 1 0 2 0 0 0 9473 9473 9237 0 0 0 1 0 2 48 48 0 0 0 0 1 0 2 3 3 0 0 0 0 1 0 2 3 3 0 0 0 0 1 0 2 236 236 129 0 0 0 1 0 2 0 0 0 1 0 2 0 0 0 1177 1177 904 0 0 0 1 0 2 50 50 0 0 0 0 1 0 2 3 3 0 0 0 0 1 0 2 3 3 0 0 0 0 1 0 2
109 109 6 0 0 0 1 0 2 0 0 0 1 0 2 0 0 0 229 229 6 0 0 0 1 0 2 49 49 1 0 0 0 1 0 2 3 3 0 0 0 0 1 0 2 3 3 0 0 0 0 1 0 2 101 101 6 0 0 0 1 0 2 0 0 0 1 0 2 0 0 0 268 268 5 0 0 0 1 0 2 51 51 1 0 0 0 1 0 2 3 3 0 0 0 0 1 0 2 3 3 0 0 0 0 1 0 2
104 104 1 0 0 0 1 0 2 0 0 0 1 0 2 0 0 0 277 277 54 0 0 0 1 0 2 48 48 2 0 0 0 1 0 2 3 3 0 0 0 0 1 0 2 3 3 0 0 0 0 1 0 2 99 99 4 0 0 0 1 0 2 0 0 0 1 0 2 0 0 0 328 328 65 0 0 0 1 0 2 50 50 2 0 0 0 1 0 2 3 3 0 0 0 0 1 0 2 3 3 0 0 0 0 1 0 2
307 307 201 0 0 0 1 0 2 0 0 0 1 0 2 0 0 0 2017 2017 1686 0 0 0 1 0 2 45 45 0 0 0 0 1 0 2 4 4 0 0 0 0 1 0 2 4 4 0 0 0 0 1 0 2 137 137 34 0 0 0 1 0 2 0 0 0 1 0 2 0 0 0 596 596 203 0 0 0 1 0 2 47 47 0 0 0 0 1 0 2 4 4 0 0 0 0 1 0 2 4 4 0 0 0 0 1 0 2
505 505 3 0 0 0 1 0 2 0 0 0 1 0 2 0 0 0 3703 3703 0 0 0 0 1 0 2 43 43 1 0 0 0 1 0 2 4 4 0 0 0 0 1 0 2 4 4 0 0 0 0 1 0 2 167 167 3 0 0 0 1 0 2 0 0 0 1 0 2 0 0 0 800 800 0 0 0 0 1 0 2 45 45 1 0 0 0 1 0 2 4 4 0 0 0 0 1 0 2 4 4 0 0 0 0 1 0 2
497 497 5 0 0 0 1 0 2 0 0 0 1 0 2 0 0 0 3703 3703 0 0 0 0 1 0 2 41 41 1 0 0 0 1 0 2 5 5 0 0 0 0 1 0 2 5 5 0 0 0 0 1 0 2 159 159 4 0 0 0 1 0 2 0 0 0 1 0 2 0 0 0 799 799 0 0 0 0 1 0 2 43 43 1 0 0 0 1 0 2 4 4 0 0 0 0 1 0 2 4 4 0 0 0 0 1 0 2
526 526 34 0 0 0 1 0 2 0 0 0 1 0 2 0 0 0 3749 3749 45 0 0 0 1 0 2 39 39 1 0 0 0 1 0 2 5 5 0 0 0 0 1 0 2 5 5 0 0 0 0 1 0 2 167 167 12 0 0 0 1 0 2 0 0 0 1 0 2 0 0 0 813 813 14 0 0 0 1 0 2 40 40 1 0 0 0 1 0 2 5 5 0 0 0 0 1 0 2 5 5 0 0 0 0 1 0 2
636 636 76 0 0 0 1 0 2 0 0 0 1 0 2 0 0 0 4248 4248 453 0 0 0 1 0 2 37 37 0 0 0 0 1 0 2 5 5 0 0 0 0 1 0 2 5 5 0 0 0 0 1 0 2 185 185 6 0 0 0 1 0 2 0 0 0 1 0 2 0 0 0 856 856 29 0 0 0 1 0 2 38 38 0 0 0 0 1 0 2 5 5 0 0 0 0 1 0 2 5 5 0 0 0 0 1 0 2
1851 1851 1138 0 0 0 1 0 2 0 0 0 1 0 2 0 0 0 12966 12966 8264 0 0 0 1 0 2 37 37 0 0 0 0 1 0 2 5 5 0 0 0 0 1 0 2 5 5 0 0 0 0 1 0 2 312 312 121 0 0 0 1 0 2 0 0 0 1 0 2 0 0 0 1670 1670 784 0 0 0 1 0 2 38 38 0 0 0 0 1 0 2 5 5 0 0 0 0 1 0 2 5 5 0 0 0 0 1 0 2
3463 3463 474 0 0 0 1 0 2 0 0 0 1 0 2 0 0 0 21665 21665 434 0 0 0 1 0 2 35 35 1 0 0 0 1 0 2 5 5 0 0 0 0 1 0 2 5 5 0 0 0 0 1 0 2 644 644 210 0 0 0 1 0 2 0 0 0 1 0 2 0 0 0 2888 2888 434 0 0 0 1 0 2 36 36 1 0 0 0 1 0 2 5 5 0 0 0 0 1 0 2 5 5 0 0 0 0 1 0 2
3991 3991 54 0 0 0 1 0 2 0 0 0 1 0 2 0 0 0 22109 22109 10 0 0 0 1 0 2 33 33 0 0 0 0 1 0 2 6 6 0 0 0 0 1 0 2 5 5 0 0 0 0 1 0 2 867 867 13 0 0 0 1 0 2 0 0 0 1 0 2 0 0 0 3324 3324 1 0 0 0 1 0 2 34 34 0 0 0 0 1 0 2 6 6 0 0 0 0 1 0 2 5 5 0 0 0 0 1 0 2
4046 4046 1 0 0 0 1 0 2 0 0 0 1 0 2 0 0 0 22119 22119 0 0 0 0 1 0 2 33 33 0 0 0 0 1 0 2 6 6 0 0 0 0 1 0 2 5 5 0 0 0 0 1 0 2 882 882 1 0 0 0 1 0 2 0 0 0 1 0 2 0 0 0 3324 3324 0 0 0 0 1 0 2 34 34 0 0 0 0 1 0 2 5 5 0 0 0 0 1 0 2 5 5 0 0 0 0 1 0 2
4042 4042 5 0 0 0 1 0 2 0 0 0 1 0 2 0 0 0 22119 22119 0 0 0 0 1 0 2 36 36 2 0 0 0 1 0 2 5 5 0 0 0 0 1 0 2 5 5 0 0 0 0 1 0 2 875 875 7 0 0 0 1 0 2 0 0 0 1 0 2 0 0 0 3322 3322 1 0 0 0 1 0 2 37 37 2 0 0 0 1 0 2 5 5 0 0 0 0 1 0 2 5 5 0 0 0 0 1 0 2
4039 4039 2 0 0 0 1 0 2 0 0 0 1 0 2 0 0 0 22120 22120 0 0 0 0 1 0 2 39 39 0 0 0 0 1 0 2 4 4 0 0 0 0 1 0 2 5 5 0 0 0 0 1 0 2 870 870 2 0 0 0 1 0 2 0 0 0 1 0 2 0 0 0 3320 3320 0 0 0 0 1 0 2 39 39 0 0 0 0 1 0 2 4 4 0 0 0 0 1 0 2 5 5 0 0 0 0 1 0 2
4042 4042 1 0 0 0 1 0 2 0 0 0 1 0 2 0 0 0 22119 22119 0 0 0 0 1 0 2 41 41 1 0 0 0 1 0 2 4 4 0 0 0 0 1 0 2 4 4 0 0 0 0 1 0 2 873 873 1 0 0 0 1 0 2 0 0 0 1 0 2 0 0 0 3320 3320 0 0 0 0 1 0 2 41 41 1 0 0 0 1 0 2 4 4 0 0 0 0 1 0 2 4 4 0 0 0 0 1 0 2
4043 4043 0 0 0 0 1 0 2 0 0 0 1 0 2 0 0 0 22119 22119 0 0 0 0 1 0 2 41 41 1 0 0 0 1 0 2 4 4 0 0 0 0 1 0 2 4 4 0 0 0 0 1 0 2 874 874 0 0 0 0 1 0 2 0 0 0 1 0 2 0 0 0 3319 3319 0 0 0 0 1 0 2 41 41 1 0 0 0 1 0 2 4 4 0 0 0 0 1 0 2 4 4 0 0 0 0 1 0 2
4135 4135 92 0 0 0 1 0 2 0 0 0 1 0 2 0 0 0 22130 22130 11 0 0 0 1 0 2 40 40 0 0 0 0 1 0 2 4 4 0 0 0 0 1 0 2 4 4 0 0 0 0 1 0 2 906 906 31 0 0 0 1 0 2 0 0 0 1 0 2 0 0 0 3323 3323 4 0 0 0 1 0 2 40 40 0 0 0 0 1 0 2 4 4 0 0 0 0 1 0 2 4 4 0 0 0 0 1 0 2
4999 4999 771 0 0 0 1 0 2 0 0 0 1 0 2 0 0 0 25330 25330 3188 0 0 0 1 0 2 41 41 0 0 0 0 1 0 2 4 4 0 0 0 0 1 0 2 3 3 0 0 0 0 1 0 2 1131 1131 193 0 0 0 1 0 2 0 0 0 1 0 2 0 0 0 4763 4763 1435 0 0 0 1 0 2 41 41 0 0 0 0 1 0 2 4 4 0 0 0 0 1 0 2 3 3 0 0 0 0 1 0 2
5570 5570 199 0 0 0 1 0 2 0 0 0 1 0 2 0 0 0 28435 28435 82 0 0 0 1 0 2 43 43 1 0 0 0 1 0 2 4 4 0 0 0 0 1 0 2 3 3 0 0 0 0 1 0 2 1292 1292 32 0 0 0 1 0 2 0 0 0 1 0 2 0 0 0 6185 6185 13 0 0 0 1 0 2 43 43 1 0 0 0 1 0 2 4 4 0 0 0 0 1 0 2 3 3 0 0 0 0 1 0 2
5374 5374 3 0 0 0 1 0 2 0 0 0 1 0 2 0 0 0 28352 28352 0 0 0 0 1 0 2 44 44 0 0 0 0 1 0 2 3 3 0 0 0 0 1 0 2 2 2 0 0 0 0 1 0 2 1262 1262 2 0 0 0 1 0 2 0 0 0 1 0 2 0 0 0 6171 6171 0 0 0 0 1 0 2 44 44 0 0 0 0 1 0 2 3 3 0 0 0 0 1 0 2 2 2 0 0 0 0 1 0 2
5377 5377 0 0 0 0 1 0 2 0 0 0 1 0 2 0 0 0 28351 28351 0 0 0 0 1 0 2 45 45 0 0 0 0 1 0 2 3 3 0 0 0 0 1 0 2 2 2 0 0 0 0 1 0 2 1265 1265 0 0 0 0 1 0 2 0 0 0 1 0 2 0 0 0 6171 6171 0 0 0 0 1 0 2 45 45 0 0 0 0 1 0 2 3 3 0 0 0 0 1 0 2 2 2 0 0 0 0 1 0 2
5343 5343 33 0 0 0 1 0 2 0 0 0 1 0 2 0 0 0 28351 28351 0 0 0 0 1 0 2 46 46 0 0 0 0 1 0 2 3 3 0 0 0 0 1 0 2 2 2 0 0 0 0 1 0 2 1254 1254 11 0 0 0 1 0 2 0 0 0 1 0 2 0 0 0 6171 6171 0 0 0 0 1 0 2 46 46 0 0 0 0 1 0 2 3 3 0 0 0 0 1 0 2 2 2 0 0 0 0 1 0 2
5230 5230 79 0 0 0 1 0 2 0 0 0 1 0 2 0 0 0 28295 28295 55 0 0 0 1 0 2 45 45 1 0 0 0 1 0 2 3 3 0 0 0 0 1 0 2 2 2 0 0 0 0 1 0 2 1235 1235 8 0 0 0 1 0 2 0 0 0 1 0 2 0 0 0 6168 6168 3 0 0 0 1 0 2 45 45 1 0 0 0 1 0 2 3 3 0 0 0 0 1 0 2 2 2 0 0 0 0 1 0 2
4017 4017 1133 0 0 0 1 0 2 0 0 0 1 0 2 0 0 0 23850 23850 4390 0 0 0 1 0 2 44 44 0 0 0 0 1 0 2 3 3 0 0 0 0 1 0 2 3 3 0 0 0 0 1 0 2 1109 1109 117 0 0 0 1 0 2 0 0 0 1 0 2 0 0 0 5961 5961 203 0 0 0 1 0 2 44 44 0 0 0 0 1 0 2 3 3 0 0 0 0 1 0 2 3 3 0 0 0 0 1 0 2
2405 2405 478 0 0 0 1 0 2 0 0 0 1 0 2 0 0 0 18937 18937 522 0 0 0 1 0 2 44 44 0 0 0 0 1 0 2 3 3 0 0 0 0 1 0 2 3 3 0 0 0 0 1 0 2 778 778 214 0 0 0 1 0 2 0 0 0 1 0 2 0 0 0 5537 5537 221 0 0 0 1 0 2 44 44 0 0 0 0 1 0 2 3 3 0 0 0 0 1 0 2 3 3 0 0 0 0 1 0 2
1872 1872 55 0 0 0 1 0 2 0 0 0 1 0 2 0 0 0 18396 18396 18 0 0 0 1 0 2 43 43 0 0 0 0 1 0 2 4 4 0 0 0 0 1 0 2 3 3 0 0 0 0 1 0 2 549 549 14 0 0 0 1 0 2 0 0 0 1 0 2 0 0 0 5314 5314 1 0 0 0 1 0 2 43 43 0 0 0 0 1 0 2 4 4 0 0 0 0 1 0 2 3 3 0 0 0 0 1 0 2
1814 1814 2 0 0 0 1 0 2 0 0 0 1 0 2 0 0 0 18378 18378 0 0 0 0 1 0 2 41 41 1 0 0 0 1 0 2 4 4 0 0 0 0 1 0 2 4 4 0 0 0 0 1 0 2 532 532 2 0 0 0 1 0 2 0 0 0 1 0 2 0 0 0 5313 5313 0 0 0 0 1 0 2 41 41 1 0 0 0 1 0 2 4 4 0 0 0 0 1 0 2 4 4 0 0 0 0 1 0 2
1809 1809 2 0 0 0 1 0 2 0 0 0 1 0 2 0 0 0 18379 18379 0 0 0 0 1 0 2 37 37 3 0 0 0 1 0 2 5 5 0 0 0 0 1 0 2 5 5 0 0 0 0 1 0 2 528 528 2 0 0 0 1 0 2 0 0 0 1 0 2 0 0 0 5314 5314 0 0 0 0 1 0 2 37 37 3 0 0 0 1 0 2 5 5 0 0 0 0 1 0 2 5 5 0 0 0 0 1 0 2
1805 1805 2 0 0 0 1 0 2 0 0 0 1 0 2 0 0 0 18379 18379 0 0 0 0 1 0 2 32 32 1 0 0 0 1 0 2 6 6 0 0 0 0 1 0 2 7 7 1 0 0 0 1 0 2 524 524 2 0 0 0 1 0 2 0 0 0 1 0 2 0 0 0 5314 5314 0 0 0 0 1 0 2 32 32 1 0 0 0 1 0 2 6 6 0 0 0 0 1 0 2 7 7 1 0 0 0 1 0 2
1801 1801 1 0 0 0 1 0 2 0 0 0 1 0 2 0 0 0 18380 18380 0 0 0 0 1 0 2 30 30 0 0 0 0 1 0 2 6 6 0 0 0 0 1 0 2 8 8 0 0 0 0 1 0 2 520 520 1 0 0 0 1 0 2 0 0 0 1 0 2 0 0 0 5314 5314 0 0 0 0 1 0 2 30 30 0 0 0 0 1 0 2 6 6 0 0 0 0 1 0 2 8 8 0 0 0 0 1 0 2
1798 1798 2 0 0 0 1 0 2 0 0 0 1 0 2 0 0 0 18380 18380 0 0 0 0 1 0 2 29 29 0 0 0 0 1 0 2 7 7 0 0 0 0 1 0 2 8 8 0 0 0 0 1 0 2 517 517 2 0 0 0 1 0 2 0 0 0 1 0 2 0 0 0 5314 5314 0 0 0 0 1 0 2 29 29 0 0 0 0 1 0 2 7 7 0 0 0 0 1 0 2 8 8 0 0 0 0 1 0 2
1702 1702 93 0 0 0 1 0 2 0 0 0 1 0 2 0 0 0 18354 18354 26 0 0 0 1 0 2 27 27 1 0 0 0 1 0 2 8 8 1 0 0 0 1 0 2 9 9 0 0 0 0 1 0 2 483 483 32 0 0 0 1 0 2 0 0 0 1 0 2 0 0 0 5309 5309 5 0 0 0 1 0 2 27 27 1 0 0 0 1 0 2 8 8 1 0 0 0 1 0 2 9 9 0 0 0 0 1 0 2
828 828 780 0 0 0 1 0 2 0 0 0 1 0 2 0 0 0 9259 9259 9069 0 0 0 1 0 2 24 24 1 0 0 0 1 0 2 9 9 0 0 0 0 1 0 2 11 11 1 0 0 0 1 0 2 246 246 204 0 0 0 1 0 2 0 0 0 1 0 2 0 0 0 2738 2738 2566 0 0 0 1 0 2 24 24 1 0 0 0 1 0 2 9 9 0 0 0 0 1 0 2 11 11 1 0 0 0 1 0 2
2345 2345 2297 0 0 0 1 0 2 0 0 0 1 0 2 0 0 0 22839 22839 22649 0 0 0 1 0 2 22 22 1 0 0 0 1 0 2 10 10 0 0 0 0 1 0 2 12 12 0 0 0 0 1 0 2 316 316 274 0 0 0 1 0 2 0 0 0 1 0 2 0 0 0 2650 2650 2478 0 0 0 1 0 2 22 22 1 0 0 0 1 0 2 10 10 0 0 0 0 1 0 2 12 12 0 0 0 0 1 0 2
4908 4908 266 0 0 0 1 0 2 0 0 0 1 0 2 0 0 0 45705 45705 216 0 0 0 1 0 2 21 21 0 0 0 0 1 0 2 11 11 0 0 0 0 1 0 2 13 13 0 0 0 0 1 0 2 627 627 37 0 0 0 1 0 2 0 0 0 1 0 2 0 0 0 5141 5141 12 0 0 0 1 0 2 21 21 0 0 0 0 1 0 2 11 11 0 0 0 0 1 0 2 13 13 0 0 0 0 1 0 2
5172 5172 1 0 0 0 1 0 2 0 0 0 1 0 2 0 0 0 45921 45921 0 0 0 0 1 0 2 19 19 1 0 0 0 1 0 2 12 12 1 0 0 0 1 0 2 13 13 0 0 0 0 1 0 2 662 662 1 0 0 0 1 0 2 0 0 0 1 0 2 0 0 0 5153 5153 0 0 0 0 1 0 2 19 19 1 0 0 0 1 0 2 12 12 1 0 0 0 1 0 2 13 13 0 0 0 0 1 0 2
5173 5173 2 0 0 0 1 0 2 0 0 0 1 0 2 0 0 0 45921 45921 0 0 0 0 1 0 2 19 19 1 0 0 0 1 0 2 12 12 0 0 0 0 1 0 2 14 14 0 0 0 0 1 0 2 663 663 2 0 0 0 1 0 2 0 0 0 1 0 2 0 0 0 5153 5153 0 0 0 0 1 0 2 19 19 1 0 0 0 1 0 2 12 12 0 0 0 0 1 0 2 14 14 0 0 0 0 1 0 2
5173 5173 2 0 0 0 1 0 2 0 0 0 1 0 2 0 0 0 45921 45921 0 0 0 0 1 0 2 21 21 1 0 0 0 1 0 2 11 11 0 0 0 0 1 0 2 13 13 0 0 0 0 1 0 2 665 665 0 0 0 0 1 0 2 0 0 0 1 0 2 0 0 0 5153 5153 0 0 0 0 1 0 2 21 21 1 0 0 0 1 0 2 11 11 0 0 0 0 1 0 2 13 13 0 0 0 0 1 0 2
5813 5813 642 0 0 0 1 0 2 0 0 0 1 0 2 0 0 0 46544 46544 623 0 0 0 1 0 2 23 23 1 0 0 0 1 0 2 10 10 1 0 0 0 1 0 2 13 13 0 0 0 0 1 0 2 748 748 82 0 0 0 1 0 2 0 0 0 1 0 2 0 0 0 5189 5189 35 0 0 0 1 0 2 23 23 1 0 0 0 1 0 2 10 10 1 0 0 0 1 0 2 13 13 0 0 0 0 1 0 2
6500 6500 45 0 0 0 1 0 2 0 0 0 1 0 2 0 0 0 47174 47174 7 0 0 0 1 0 2 24 24 0 0 0 0 1 0 2 9 9 0 0 0 0 1 0 2 13 13 0 0 0 0 1 0 2 835 835 4 0 0 0 1 0 2 0 0 0 1 0 2 0 0 0 5224 5224 0 0 0 0 1 0 2 24 24 0 0 0 0 1 0 2 9 9 0 0 0 0 1 0 2 13 13 0 0 0 0 1 0 2
6549 6549 4 0 0 0 1 0 2 0 0 0 1 0 2 0 0 0 47180 47180 0 0 0 0 1 0 2 26 26 1 0 0 0 1 0 2 8 8 0 0 0 0 1 0 2 12 12 0 0 0 0 1 0 2 843 843 3 0 0 0 1 0 2 0 0 0 1 0 2 0 0 0 5224 5224 0 0 0 0 1 0 2 27 27 2 0 0 0 1 0 2 8 8 1 0 0 0 1 0 2 12 12 0 0 0 0 1 0 2
6555 6555 2 0 0 0 1 0 2 0 0 0 1 0 2 0 0 0 47179 47179 0 0 0 0 1 0 2 30 30 2 0 0 0 1 0 2 7 7 1 0 0 0 1 0 2 11 11 0 0 0 0 1 0 2 849 849 2 0 0 0 1 0 2 0 0 0 1 0 2 0 0 0 5224 5224 0 0 0 0 1 0 2 31 31 2 0 0 0 1 0 2 6 6 0 0 0 0 1 0 2 11 11 0 0 0 0 1 0 2
6561 6561 4 0 0 0 1 0 2 0 0 0 1 0 2 0 0 0 47178 47178 0 0 0 0 1 0 2 33 33 0 0 0 0 1 0 2 6 6 0 0 0 0 1 0 2 10 10 0 0 0 0 1 0 2 855 855 4 0 0 0 1 0 2 0 0 0 1 0 2 0 0 0 5223 5223 0 0 0 0 1 0 2 34 34 0 0 0 0 1 0 2 6 6 0 0 0 0 1 0 2 10 10 1 0 0 0 1 0 2
6568 6568 2 0 0 0 1 0 2 0 0 0 1 0 2 0 0 0 47178 47178 0 0 0 0 1 0 2 35 35 1 0 0 0 1 0 2 5 5 0 0 0 0 1 0 2 9 9 0 0 0 0 1 0 2 861 861 2 0 0 0 1 0 2 0 0 0 1 0 2 0 0 0 5222 5222 0 0 0 0 1 0 2 36 36 1 0 0 0 1 0 2 5 5 0 0 0 0 1 0 2 9 9 0 0 0 0 1 0 2
6570 6570 0 0 0 0 1 0 2 0 0 0 1 0 2 0 0 0 47178 47178 0 0 0 0 1 0 2 36 36 0 0 0 0 1 0 2 5 5 0 0 0 0 1 0 2 9 9 0 0 0 0 1 0 2 863 863 0 0 0 0 1 0 2 0 0 0 1 0 2 0 0 0 5222 5222 0 0 0 0 1 0 2 37 37 0 0 0 0 1 0 2 5 5 0 0 0 0 1 0 2 9 9 0 0 0 0 1 0 2
6573 6573 3 0 0 0 1 0 2 0 0 0 1 0 2 0 0 0 47177 47177 0 0 0 0 1 0 2 38 38 1 0 0 0 1 0 2 5 5 0 0 0 0 1 0 2 8 8 0 0 0 0 1 0 2 866 866 2 0 0 0 1 0 2 0 0 0 1 0 2 0 0 0 5221 5221 0 0 0 0 1 0 2 39 39 1 0 0 0 1 0 2 4 4 0 0 0 0 1 0 2 8 8 0 0 0 0 1 0 2
6577 6577 0 0 0 0 1 0 2 0 0 0 1 0 2 0 0 0 47177 47177 0 0 0 0 1 0 2 41 41 1 0 0 0 1 0 2 4 4 0 0 0 0 1 0 2 7 7 1 0 0 0 1 0 2 869 869 0 0 0 0 1 0 2 0 0 0 1 0 2 0 0 0 5221 5221 0 0 0 0 1 0 2 42 42 1 0 0 0 1 0 2 4 4 0 0 0 0 1 0 2 7 7 1 0 0 0 1 0 2
6579 6579 2 0 0 0 1 0 2 0 0 0 1 0 2 0 0 0 47176 47176 0 0 0 0 1 0 2 43 43 1 0 0 0 1 0 2 4 4 0 0 0 0 1 0 2 5 5 0 0 0 0 1 0 2 871 871 2 0 0 0 1 0 2 0 0 0 1 0 2 0 0 0 5221 5221 0 0 0 0 1 0 2 44 44 1 0 0 0 1 0 2 4 4 0 0 0 0 1 0 2 5 5 0 0 0 0 1 0 2
4456 4456 2125 0 0 0 1 0 2 0 0 0 1 0 2 0 0 0 30723 30723 16453 0 0 0 1 0 2 45 45 0 0 0 0 1 0 2 4 4 0 0 0 0 1 0 2 5 5 0 0 0 0 1 0 2 603 603 270 0 0 0 1 0 2 0 0 0 1 0 2 0 0 0 3180 3180 2040 0 0 0 1 0 2 46 46 0 0 0 0 1 0 2 4 4 0 0 0 0 1 0 2 5 5 0 0 0 0 1 0 2
2064 2064 266 0 0 0 1 0 2 0 0 0 1 0 2 0 0 0 13481 13481 788 0 0 0 1 0 2 45 45 0 0 0 0 1 0 2 4 4 0 0 0 0 1 0 2 5 5 0 0 0 0 1 0 2 295 295 38 0 0 0 1 0 2 0 0 0 1 0 2 0 0 0 1071 1071 69 0 0 0 1 0 2 46 46 0 0 0 0 1 0 2 4 4 0 0 0 0 1 0 2 5 5 0 0 0 0 1 0 2
2280 2280 482 0 0 0 1 0 2 0 0 0 1 0 2 0 0 0 13648 13648 955 0 0 0 1 0 2 47 47 2 0 0 0 1 0 2 4 4 0 0 0 0 1 0 2 4 4 0 0 0 0 1 0 2 330 330 73 0 0 0 1 0 2 0 0 0 1 0 2 0 0 0 1197 1197 195 0 0 0 1 0 2 48 48 2 0 0 0 1 0 2 3 3 0 0 0 0 1 0 2 4 4 0 0 0 0 1 0 2
2758 2758 3 0 0 0 1 0 2 0 0 0 1 0 2 0 0 0 14604 14604 0 0 0 0 1 0 2 48 48 1 0 0 0 1 0 2 4 4 0 0 0 0 1 0 2 4 4 0 0 0 0 1 0 2 401 401 3 0 0 0 1 0 2 0 0 0 1 0 2 0 0 0 1393 1393 0 0 0 0 1 0 2 49 49 1 0 0 0 1 0 2 3 3 0 0 0 0 1 0 2 4 4 0 0 0 0 1 0 2
3021 3021 266 0 0 0 1 0 2 0 0 0 1 0 2 0 0 0 15896 15896 1291 0 0 0 1 0 2 47 47 0 0 0 0 1 0 2 4 4 0 0 0 0 1 0 2 4 4 0 0 0 0 1 0 2 409 409 11 0 0 0 1 0 2 0 0 0 1 0 2 0 0 0 1422 1422 28 0 0 0 1 0 2 48 48 0 0 0 0 1 0 2 4 4 0 0 0 0 1 0 2 4 4 0 0 0 0 1 0 2
2993 2993 294 0 0 0 1 0 2 0 0 0 1 0 2 0 0 0 16382 16382 804 0 0 0 1 0 2 48 48 0 0 0 0 1 0 2 4 4 0 0 0 0 1 0 2 4 4 0 0 0 0 1 0 2 357 357 62 0 0 0 1 0 2 0 0 0 1 0 2 0 0 0 1341 1341 109 0 0 0 1 0 2 49 49 0 0 0 0 1 0 2 4 4 0 0 0 0 1 0 2 4 4 0 0 0 0 1 0 2
2654 2654 44 0 0 0 1 0 2 0 0 0 1 0 2 0 0 0 15546 15546 32 0 0 0 1 0 2 48 48 0 0 0 0 1 0 2 4 4 0 0 0 0 1 0 2 4 4 0 0 0 0 1 0 2 291 291 4 0 0 0 1 0 2 0 0 0 1 0 2 0 0 0 1228 1228 4 0 0 0 1 0 2 49 49 0 0 0 0 1 0 2 4 4 0 0 0 0 1 0 2 4 4 0 0 0 0 1 0 2
2880 2880 270 0 0 0 1 0 2 0 0 0 1 0 2 0 0 0 16116 16116 602 0 0 0 1 0 2 47 47 0 0 0 0 1 0 2 4 4 0 0 0 0 1 0 2 4 4 0 0 0 0 1 0 2 324 324 37 0 0 0 1 0 2 0 0 0 1 0 2 0 0 0 1332 1332 108 0 0 0 1 0 2 48 48 1 0 0 0 1 0 2 4 4 0 0 0 0 1 0 2 4 4 0 0 0 0 1 0 2
3270 3270 119 0 0 0 1 0 2 0 0 0 1 0 2 0 0 0 16874 16874 155 0 0 0 1 0 2 45 45 1 0 0 0 1 0 2 4 4 0 0 0 0 1 0 2 4 4 0 0 0 0 1 0 2 382 382 21 0 0 0 1 0 2 0 0 0 1 0 2 0 0 0 1477 1477 36 0 0 0 1 0 2 45 45 1 0 0 0 1 0 2 4 4 0 0 0 0 1 0 2 4 4 0 0 0 0 1 0 2
4267 4267 878 0 0 0 1 0 2 0 0 0 1 0 2 0 0 0 19522 19522 2492 0 0 0 1 0 2 45 45 1 0 0 0 1 0 2 4 4 0 0 0 0 1 0 2 4 4 0 0 0 0 1 0 2 455 455 52 0 0 0 1 0 2 0 0 0 1 0 2 0 0 0 1651 1651 137 0 0 0 1 0 2 45 45 1 0 0 0 1 0 2 4 4 0 0 0 0 1 0 2 4 4 0 0 0 0 1 0 2
5144 5144 1 0 0 0 1 0 2 0 0 0 1 0 2 0 0 0 22015 22015 0 0 0 0 1 0 2 46 46 0 0 0 0 1 0 2 4 4 0 0 0 0 1 0 2 3 3 0 0 0 0 1 0 2 505 505 2 0 0 0 1 0 2 0 0 0 1 0 2 0 0 0 1789 1789 0 0 0 0 1 0 2 46 46 0 0 0 0 1 0 2 4 4 0 0 0 0 1 0 2 3 3 0 0 0 0 1 0 2
5143 5143 0 0 0 0 1 0 2 0 0 0 1 0 2 0 0 0 22016 22016 0 0 0 0 1 0 2 46 46 0 0 0 0 1 0 2 4 4 0 0 0 0 1 0 2 3 3 0 0 0 0 1 0 2 503 503 0 0 0 0 1 0 2 0 0 0 1 0 2 0 0 0 1790 1790 0 0 0 0 1 0 2 47 47 1 0 0 0 1 0 2 4 4 0 0 0 0 1 0 2 3 3 0 0 0 0 1 0 2
6228 6228 1084 0 0 0 1 0 2 0 0 0 1 0 2 0 0 0 25486 25486 3470 0 0 0 1 0 2 46 46 0 0 0 0 1 0 2 4 4 0 0 0 0 1 0 2 3 3 0 0 0 0 1 0 2 666 666 162 0 0 0 1 0 2 0 0 0 1 0 2 0 0 0 2606 2606 816 0 0 0 1 0 2 47 47 1 0 0 0 1 0 2 4 4 0 0 0 0 1 0 2 3 3 0 0 0 0 1 0 2
7315 7315 3 0 0 0 1 0 2 0 0 0 1 0 2 0 0 0 28955 28955 0 0 0 0 1 0 2 47 47 1 0 0 0 1 0 2 4 4 0 0 0 0 1 0 2 3 3 0 0 0 0 1 0 2 830 830 2 0 0 0 1 0 2 0 0 0 1 0 2 0 0 0 3421 3421 0 0 0 0 1 0 2 47 47 1 0 0 0 1 0 2 4 4 0 0 0 0 1 0 2 3 3 0 0 0 0 1 0 2
8280 8280 962 0 0 0 1 0 2 0 0 0 1 0 2 0 0 0 32058 32058 3103 0 0 0 1 0 2 47 47 1 0 0 0 1 0 2 4 4 0 0 0 0 1 0 2 3 3 0 0 0 0 1 0 2 947 947 114 0 0 0 1 0 2 0 0 0 1 0 2 0 0 0 3651 3651 230 0 0 0 1 0 2 47 47 1 0 0 0 1 0 2 4 4 0 0 0 0 1 0 2 3 3 0 0 0 0 1 0 2
9712 9712 469 0 0 0 1 0 2 0 0 0 1 0 2 0 0 0 37317 37317 2156 0 0 0 1 0 2 47 47 1 0 0 0 1 0 2 4 4 0 0 0 0 1 0 2 3 3 0 0 0 0 1 0 2 1150 1150 89 0 0 0 1 0 2 0 0 0 1 0 2 0 0 0 4175 4175 294 0 0 0 1 0 2 47 47 1 0 0 0 1 0 2 4 4 0 0 0 0 1 0 2 3 3 0 0 0 0 1 0 2
11577 11577 1396 0 0 0 1 0 2 0 0 0 1 0 2 0 0 0 44399 44399 4925 0 0 0 1 0 2 47 47 0 0 0 0 1 0 2 3 3 0 0 0 0 1 0 2 3 3 0 0 0 0 1 0 2 1540 1540 301 0 0 0 1 0 2 0 0 0 1 0 2 0 0 0 5430 5430 960 0 0 0 1 0 2 47 47 0 0 0 0 1 0 2 3 3 0 0 0 0 1 0 2 3 3 0 0 0 0 1 0 2
12556 12556 417 0 0 0 1 0 2 0 0 0 1 0 2 0 0 0 49151 49151 173 0 0 0 1 0 2 45 45 1 0 0 0 1 0 2 3 3 0 0 0 0 1 0 2 3 3 0 0 0 0 1 0 2 1789 1789 53 0 0 0 1 0 2 0 0 0 1 0 2 0 0 0 6371 6371 20 0 0 0 1 0 2 45 45 1 0 0 0 1 0 2 3 3 0 0 0 0 1 0 2 3 3 0 0 0 0 1 0 2
12528 12528 389 0 0 0 1 0 2 0 0 0 1 0 2 0 0 0 49613 49613 635 0 0 0 1 0 2 44 44 0 0 0 0 1 0 2 3 3 0 0 0 0 1 0 2 2 2 0 0 0 0 1 0 2 1789 1789 53 0 0 0 1 0 2 0 0 0 1 0 2 0 0 0 6402 6402 51 0 0 0 1 0 2 44 44 0 0 0 0 1 0 2 3 3 0 0 0 0 1 0 2 2 2 0 0 0 0 1 0 2
12652 12652 265 0 0 0 1 0 2 0 0 0 1 0 2 0 0 0 49888 49888 360 0 0 0 1 0 2 43 43 1 0 0 0 1 0 2 3 3 0 0 0 0 1 0 2 2 2 0 0 0 0 1 0 2 1831 1831 11 0 0 0 1 0 2 0 0 0 1 0 2 0 0 0 6449 6449 4 0 0 0 1 0 2 43 43 1 0 0 0 1 0 2 3 3 0 0 0 0 1 0 2 2 2 0 0 0 0 1 0 2
12041 12041 346 0 0 0 1 0 2 0 0 0 1 0 2 0 0 0 49233 49233 294 0 0 0 1 0 2 41 41 0 0 0 0 1 0 2 4 4 0 0 0 0 1 0 2 3 3 0 0 0 0 1 0 2 1801 1801 19 0 0 0 1 0 2 0 0 0 1 0 2 0 0 0 6438 6438 6 0 0 0 1 0 2 41 41 0 0 0 0 1 0 2 3 3 0 0 0 0 1 0 2 3 3 0 0 0 0 1 0 2
11699 11699 4 0 0 0 1 0 2 0 0 0 1 0 2 0 0 0 48938 48938 1 0 0 0 1 0 2 41 41 0 0 0 0 1 0 2 3 3 0 0 0 0 1 0 2 3 3 0 0 0 0 1 0 2 1784 1784 2 0 0 0 1 0 2 0 0 0 1 0 2 0 0 0 6431 6431 0 0 0 0 1 0 2 41 41 0 0 0 0 1 0 2 3 3 0 0 0 0 1 0 2 3 3 0 0 0 0 1 0 2
11458 11458 244 0 0 0 1 0 2 0 0 0 1 0 2 0 0 0 48782 48782 154 0 0 0 1 0 2 41 41 1 0 0 0 1 0 2 3 3 0 0 0 0 1 0 2 3 3 0 0 0 0 1 0 2 1757 1757 30 0 0 0 1 0 2 0 0 0 1 0 2 0 0 0 6416 6416 14 0 0 0 1 0 2 41 41 1 0 0 0 1 0 2 3 3 0 0 0 0 1 0 2 3 3 0 0 0 0 1 0 2
11094 11094 120 0 0 0 1 0 2 0 0 0 1 0 2 0 0 0 48593 48593 34 0 0 0 1 0 2 41 41 1 0 0 0 1 0 2 3 3 0 0 0 0 1 0 2 3 3 0 0 0 0 1 0 2 1705 1705 21 0 0 0 1 0 2 0 0 0 1 0 2 0 0 0 6398 6398 4 0 0 0 1 0 2 40 40 0 0 0 0 1 0 2 3 3 0 0 0 0 1 0 2 3 3 0 0 0 0 1 0 2
10093 10093 880 0 0 0 1 0 2 0 0 0 1 0 2 0 0 0 47645 47645 913 0 0 0 1 0 2 42 42 0 0 0 0 1 0 2 3 3 0 0 0 0 1 0 2 3 3 0 0 0 0 1 0 2 1630 1630 54 0 0 0 1 0 2 0 0 0 1 0 2 0 0 0 6368 6368 25 0 0 0 1 0 2 41 41 0 0 0 0 1 0 2 3 3 0 0 0 0 1 0 2 3 3 0 0 0 0 1 0 2
9215 9215 2 0 0 0 1 0 2 0 0 0 1 0 2 0 0 0 46731 46731 0 0 0 0 1 0 2 42 42 0 0 0 0 1 0 2 3 3 0 0 0 0 1 0 2 2 2 0 0 0 0 1 0 2 1578 1578 2 0 0 0 1 0 2 0 0 0 1 0 2 0 0 0 6342 6342 1 0 0 0 1 0 2 41 41 0 0 0 0 1 0 2 3 3 0 0 0 0 1 0 2 2 2 0 0 0 0 1 0 2
9219 9219 1 0 0 0 1 0 2 0 0 0 1 0 2 0 0 0 46731 46731 0 0 0 0 1 0 2 41 41 0 0 0 0 1 0 2 3 3 0 0 0 0 1 0 2 2 2 0 0 0 0 1 0 2 1581 1581 0 0 0 0 1 0 2 0 0 0 1 0 2 0 0 0 6341 6341 0 0 0 0 1 0 2 40 40 0 0 0 0 1 0 2 3 3 0 0 0 0 1 0 2 2 2 0 0 0 0 1 0 2
8135 8135 1084 0 0 0 1 0 2 0 0 0 1 0 2 0 0 0 44803 44803 1928 0 0 0 1 0 2 41 41 0 0 0 0 1 0 2 3 3 0 0 0 0 1 0 2 3 3 0 0 0 0 1 0 2 1420 1420 161 0 0 0 1 0 2 0 0 0 1 0 2 0 0 0 6007 6007 333 0 0 0 1 0 2 40 40 0 0 0 0 1 0 2 3 3 0 0 0 0 1 0 2 3 3 0 0 0 0 1 0 2
7052 7052 1 0 0 0 1 0 2 0 0 0 1 0 2 0 0 0 42874 42874 0 0 0 0 1 0 2 41 41 0 0 0 0 1 0 2 3 3 0 0 0 0 1 0 2 3 3 0 0 0 0 1 0 2 1260 1260 1 0 0 0 1 0 2 27 27 27 1 0 1 1 0 1 5673 5673 0 0 0 0 1 0 2 40 40 0 0 0 0 1 0 2 3 3 0 0 0 0 1 0 2 3 3 0 0 0 0 1 0 2
6097 6097 957 0 0 0 1 0 2 0 0 0 1 0 2 0 0 0 40356 40356 2517 0 0 0 1 0 2 43 43 1 0 0 0 1 0 2 3 3 0 0 0 0 1 0 2 3 3 0 0 0 0 1 0 2 1154 1154 108 0 0 0 1 0 2 54 54 0 0 0 0 1 0 2 5525 5525 148 0 0 0 1 0 2 42 42 1 0 0 0 1 0 2 3 3 0 0 0 0 1 0 2 3 3 0 0 0 0 1 0 2
4543 4543 597 0 0 0 1 0 2 0 0 0 1 0 2 0 0 0 35301 35301 2537 0 0 0 1 0 2 46 46 1 0 0 0 1 0 2 3 3 0 0 0 0 1 0 2 3 3 0 0 0 0 1 0 2 970 970 75 0 0 0 1 0 2 40 40 13 0 0 0 1 0 2 5144 5144 233 0 0 0 1 0 2 45 45 1 0 0 0 1 0 2 3 3 0 0 0 0 1 0 2 3 3 0 0 0 0 1 0 2
2552 2552 1394 0 0 0 1 0 2 0 0 0 1 0 2 0 0 0 22473 22473 10290 0 0 0 1 0 2 48 48 1 0 0 0 1 0 2 3 3 0 0 0 0 1 0 2 3 3 0 0 0 0 1 0 2 596 596 299 0 0 0 1 0 2 13 13 13 1 0 1 1 0 1 3182 3182 1728 0 0 0 1 0 2 47 47 1 0 0 0 1 0 2 3 3 0 0 0 0 1 0 2 3 3 0 0 0 0 1 0 2
1093 1093 64 0 0 0 1 0 2 0 0 0 1 0 2 0 0 0 12156 12156 27 0 0 0 1 0 2 48 48 1 0 0 0 1 0 2 3 3 0 0 0 0 1 0 2 3 3 0 0 0 0 1 0 2 276 276 20 0 0 0 1 0 2 0 0 0 1 0 2 0 0 0 1432 1432 21 0 0 0 1 0 2 47 47 1 0 0 0 1 0 2 3 3 0 0 0 0 1 0 2 3 3 0 0 0 0 1 0 2
639 639 390 0 0 0 1 0 2 0 0 0 1 0 2 0 0 0 6870 6870 5258 0 0 0 1 0 2 46 46 1 0 0 0 1 0 2 3 3 0 0 0 0 1 0 2 5 5 1 0 0 0 1 0 2 201 201 54 0 0 0 1 0 2 0 0 0 1 0 2 0 0 0 998 998 412 0 0 0 1 0 2 45 45 1 0 0 0 1 0 2 3 3 0 0 0 0 1 0 2 5 5 1 0 0 0 1 0 2
246 246 3 0 0 0 1 0 2 0 0 0 1 0 2 0 0 0 1612 1612 0 0 0 0 1 0 2 44 44 1 0 0 0 1 0 2 4 4 0 0 0 0 1 0 2 7 7 1 0 0 0 1 0 2 144 144 3 0 0 0 1 0 2 0 0 0 1 0 2 0 0 0 586 586 0 0 0 0 1 0 2 43 43 1 0 0 0 1 0 2 4 4 0 0 0 0 1 0 2 8 8 1 0 0 0 1 0 2
236 236 6 0 0 0 1 0 2 0 0 0 1 0 2 0 0 0 1611 1611 0 0 0 0 1 0 2 41 41 1 0 0 0 1 0 2 4 4 0 0 0 0 1 0 2 11 11 2 0 0 0 1 0 2 135 135 5 0 0 0 1 0 2 0 0 0 1 0 2 0 0 0 584 584 2 0 0 0 1 0 2 40 40 1 0 0 0 1 0 2 4 4 0 0 0 0 1 0 2 11 11 1 0 0 0 1 0 2
1337 1337 1107 0 0 0 1 0 2 0 0 0 1 0 2 0 0 0 13294 13294 11683 0 0 0 1 0 2 39 39 1 0 0 0 1 0 2 5 5 0 0 0 0 1 0 2 14 14 1 0 0 0 1 0 2 203 203 73 0 0 0 1 0 2 0 0 0 1 0 2 0 0 0 1082 1082 500 0 0 0 1 0 2 38 38 1 0 0 0 1 0 2 5 5 0 0 0 0 1 0 2 14 14 1 0 0 0 1 0 2
2415 2415 29 0 0 0 1 0 2 0 0 0 1 0 2 0 0 0 24973 24973 4 0 0 0 1 0 2 38 38 0 0 0 0 1 0 2 5 5 0 0 0 0 1 0 2 15 15 0 0 0 0 1 0 2 267 267 10 0 0 0 1 0 2 0 0 0 1 0 2 0 0 0 1578 1578 5 0 0 0 1 0 2 37 37 0 0 0 0 1 0 2 5 5 0 0 0 0 1 0 2 15 15 0 0 0 0 1 0 2
2384 2384 1 0 0 0 1 0 2 0 0 0 1 0 2 0 0 0 24969 24969 0 0 0 0 1 0 2 36 36 1 0 0 0 1 0 2 5 5 0 0 0 0 1 0 2 15 15 0 0 0 0 1 0 2 256 256 0 0 0 0 1 0 2 0 0 0 1 0 2 0 0 0 1573 1573 0 0 0 0 1 0 2 37 37 1 0 0 0 1 0 2 5 5 0 0 0 0 1 0 2 15 15 0 0 0 0 1 0 2
2407 2407 24 0 0 0 1 0 2 0 0 0 1 0 2 0 0 0 24973 24973 4 0 0 0 1 0 2 35 35 0 0 0 0 1 0 2 6 6 0 0 0 0 1 0 2 15 15 0 0 0 0 1 0 2 264 264 8 0 0 0 1 0 2 0 0 0 1 0 2 0 0 0 1584 1584 10 0 0 0 1 0 2 36 36 0 0 0 0 1 0 2 5 5 0 0 0 0 1 0 2 15 15 0 0 0 0 1 0 2
2427 2427 4 0 0 0 1 0 2 0 0 0 1 0 2 0 0 0 24978 24978 0 0 0 0 1 0 2 35 35 0 0 0 0 1 0 2 6 6 0 0 0 0 1 0 2 15 15 0 0 0 0 1 0 2 269 269 3 0 0 0 1 0 2 0 0 0 1 0 2 0 0 0 1594 1594 0 0 0 0 1 0 2 36 36 0 0 0 0 1 0 2 5 5 0 0 0 0 1 0 2 15 15 0 0 0 0 1 0 2
2423 2423 0 0 0 0 1 0 2 0 0 0 1 0 2 0 0 0 24978 24978 0 0 0 0 1 0 2 34 34 0 0 0 0 1 0 2 6 6 0 0 0 0 1 0 2 16 16 0 0 0 0 1 0 2 267 267 1 0 0 0 1 0 2 0 0 0 1 0 2 0 0 0 1595 1595 0 0 0 0 1 0 2 35 35 0 0 0 0 1 0 2 6 6 0 0 0 0 1 0 2 15 15 0 0 0 0 1 0 2
2420 2420 3 0 0 0 1 0 2 0 0 0 1 0 2 0 0 0 24978 24978 0 0 0 0 1 0 2 33 33 1 0 0 0 1 0 2 6 6 0 0 0 0 1 0 2 16 16 0 0 0 0 1 0 2 267 267 2 0 0 0 1 0 2 0 0 0 1 0 2 0 0 0 1595 1595 0 0 0 0 1 0 2 34 34 1 0 0 0 1 0 2 6 6 0 0 0 0 1 0 2 16 16 0 0 0 0 1 0 2
2681 2681 264 0 0 0 1 0 2 0 0 0 1 0 2 0 0 0 25370 25370 391 0 0 0 1 0 2 32 32 0 0 0 0 1 0 2 7 7 0 0 0 0 1 0 2 17 17 0 0 0 0 1 0 2 277 277 12 0 0 0 1 0 2 0 0 0 1 0 2 0 0 0 1601 1601 5 0 0 0 1 0 2 33 33 0 0 0 0 1 0 2 7 7 0 0 0 0 1 0 2 17 17 0 0 0 0 1 0 2
3086 3086 141 0 0 0 1 0 2 0 0 0 1 0 2 0 0 0 25823 25823 62 0 0 0 1 0 2 31 31 0 0 0 0 1 0 2 7 7 0 0 0 0 1 0 2 17 17 0 0 0 0 1 0 2 323 323 33 0 0 0 1 0 2 0 0 0 1 0 2 0 0 0 1642 1642 36 0 0 0 1 0 2 32 32 0 0 0 0 1 0 2 7 7 0 0 0 0 1 0 2 17 17 0 0 0 0 1 0 2
3313 3313 86 0 0 0 1 0 2 0 0 0 1 0 2 0 0 0 25903 25903 17 0 0 0 1 0 2 30 30 1 0 0 0 1 0 2 7 7 0 0 0 0 1 0 2 17 17 0 0 0 0 1 0 2 383 383 26 0 0 0 1 0 2 0 0 0 1 0 2 0 0 0 1682 1682 3 0 0 0 1 0 2 31 31 1 0 0 0 1 0 2 7 7 0 0 0 0 1 0 2 17 17 0 0 0 0 1 0 2
3474 3474 74 0 0 0 1 0 2 0 0 0 1 0 2 0 0 0 25940 25940 20 0 0 0 1 0 2 29 29 0 0 0 0 1 0 2 7 7 0 0 0 0 1 0 2 17 17 1 0 0 0 1 0 2 419 419 9 0 0 0 1 0 2 0 0 0 1 0 2 0 0 0 1690 1690 5 0 0 0 1 0 2 30 30 0 0 0 0 1 0 2 7 7 0 0 0 0 1 0 2 16 16 0 0 0 0 1 0 2
3602 3602 53 0 0 0 1 0 2 0 0 0 1 0 2 0 0 0 25969 25969 9 0 0 0 1 0 2 31 31 1 0 0 0 1 0 2 6 6 0 0 0 0 1 0 2 14 14 2 0 0 0 1 0 2 438 438 9 0 0 0 1 0 2 0 0 0 1 0 2 0 0 0 1700 1700 4 0 0 0 1 0 2 32 32 1 0 0 0 1 0 2 6 6 0 0 0 0 1 0 2 14 14 2 0 0 0 1 0 2
3716 3716 60 0 0 0 1 0 2 0 0 0 1 0 2 0 0 0 25984 25984 6 0 0 0 1 0 2 35 35 2 0 0 0 1 0 2 5 5 0 0 0 0 1 0 2 10 10 1 0 0 0 1 0 2 461 461 13 0 0 0 1 0 2 0 0 0 1 0 2 0 0 0 1708 1708 3 0 0 0 1 0 2 36 36 2 0 0 0 1 0 2 5 5 0 0 0 0 1 0 2 10 10 1 0 0 0 1 0 2
3781 3781 5 0 0 0 1 0 2 0 0 0 1 0 2 0 0 0 25990 25990 0 0 0 0 1 0 2 38 38 1 0 0 0 1 0 2 5 5 0 0 0 0 1 0 2 8 8 1 0 0 0 1 0 2 480 480 5 0 0 0 1 0 2 0 0 0 1 0 2 0 0 0 1711 1711 0 0 0 0 1 0 2 39 39 1 0 0 0 1 0 2 5 5 0 0 0 0 1 0 2 7 7 1 0 0 0 1 0 2
3858 3858 71 0 0 0 1 0 2 0 0 0 1 0 2 0 0 0 26005 26005 15 0 0 0 1 0 2 41 41 1 0 0 0 1 0 2 4 4 0 0 0 0 1 0 2 6 6 1 0 0 0 1 0 2 493 493 8 0 0 0 1 0 2 0 0 0 1 0 2 0 0 0 1712 1712 1 0 0 0 1 0 2 42 42 1 0 0 0 1 0 2 4 4 0 0 0 0 1 0 2 5 5 0 0 0 0 1 0 2
2885 2885 1043 0 0 0 1 0 2 0 0 0 1 0 2 0 0 0 17034 17034 8986 0 0 0 1 0 2 44 44 1 0 0 0 1 0 2 4 4 0 0 0 0 1 0 2 5 5 0 0 0 0 1 0 2 431 431 69 0 0 0 1 0 2 0 0 0 1 0 2 0 0 0 1319 1319 394 0 0 0 1 0 2 44 44 0 0 0 0 1 0 2 4 4 0 0 0 0 1 0 2 5 5 0 0 0 0 1 0 2
1877 1877 35 0 0 0 1 0 2 0 0 0 1 0 2 0 0 0 8088 8088 40 0 0 0 1 0 2 44 44 0 0 0 0 1 0 2 4 4 0 0 0 0 1 0 2 5 5 0 0 0 0 1 0 2 364 364 2 0 0 0 1 0 2 0 0 0 1 0 2 0 0 0 928 928 3 0 0 0 1 0 2 44 44 1 0 0 0 1 0 2 4 4 0 0 0 0 1 0 2 5 5 0 0 0 0 1 0 2
1988 1988 76 0 0 0 1 0 2 0 0 0 1 0 2 0 0 0 8161 8161 33 0 0 0 1 0 2 44 44 0 0 0 0 1 0 2 4 4 0 0 0 0 1 0 2 5 5 0 0 0 0 1 0 2 398 398 31 0 0 0 1 0 2 0 0 0 1 0 2 0 0 0 960 960 29 0 0 0 1 0 2 43 43 0 0 0 0 1 0 2 4 4 0 0 0 0 1 0 2 5 5 0 0 0 0 1 0 2
2114 2114 49 0 0 0 1 0 2 0 0 0 1 0 2 0 0 0 8266 8266 72 0 0 0 1 0 2 43 43 1 0 0 0 1 0 2 4 4 0 0 0 0 1 0 2 5 5 0 0 0 0 1 0 2 438 438 8 0 0 0 1 0 2 0 0 0 1 0 2 0 0 0 1019 1019 29 0 0 0 1 0 2 42 42 1 0 0 0 1 0 2 4 4 0 0 0 0 1 0 2 5 5 0 0 0 0 1 0 2
