1.0 849.0 1.0 516.0

0.5 86.5 1.0 346.5

0.0 0.0 0.0 0.0

0.0 0.0 0.0 0.0

0.0 0.0 0.0 0.0

0.0 0.0 0.0 0.0

0.0 0.0 0.0 0.0

0.0 0.0 0.0 0.0

0.0 0.0 0.0 0.0

0.0 0.0 0.0 0.0

0.0 0.0 0.0 0.0

0.0 0.0 0.0 0.0

0.0 0.0 0.0 0.0

0.0 0.0 0.0 0.0

0.0 0.0 0.0 0.0

0.0 0.0 0.0 0.0

0.0 0.0 0.0 0.0

0.0 0.0 0.0 0.0

0.0 0.0 0.0 0.0

0.0 0.0 0.0 0.0

0.0 0.0 0.0 0.0

0.0 0.0 0.0 0.0

0.0 0.0 0.0 0.0

0.0 0.0 0.0 0.0

0.0 0.0 0.0 0.0

0.0 0.0 0.0 0.0

1.0 923.0 1.0 301.0

1.0 907.0 1.0 301.0

0.0 0.0 0.0 0.0

0.0 0.0 0.0 0.0

0.5 101.0 0.0 0.0

0.0 0.0 0.0 0.0

0.0 0.0 0.0 0.0

0.0 0.0 0.0 0.0

0.0 0.0 0.0 0.0

0.0 0.0 0.0 0.0

0.0 0.0 0.0 0.0

0.0 0.0 0.0 0.0

0.0 0.0 0.0 0.0

0.0 0.0 0.0 0.0

0.5 112.5 0.5 154.5

1.0 225.0 1.0 317.0

1.0 682.5 1.0 333.5

1.0 337.5 1.0 333.5

1.0 225.0 1.0 333.5

0.5 225.0 0.5 162.5

0.5 225.0 0.5 162.5

0.0 0.0 0.0 0.0

0.0 0.0 0.0 0.0

1.0 963.0 1.0 325.0

0.5 457.5 1.0 317.0

0.5 457.5 1.0 309.0

1.0 915.0 1.0 317.0

1.0 915.0 1.0 309.0

0.0 0.0 0.0 0.0

1.0 923.0 1.0 309.0

1.0 939.0 1.0 309.0

1.0 931.0 1.0 317.0

0.5 465.5 1.0 317.0

1.0 939.0 1.0 333.5

1.0 939.0 1.0 363.0

0.5 218.0 1.0 354.5

0.0 0.0 0.5 162.5

0.0 0.0 0.5 162.5

0.0 0.0 0.5 154.5

0.0 0.0 0.5 154.5

0.0 0.0 0.5 154.5

0.0 0.0 0.0 0.0

0.0 0.0 0.5 154.5

0.0 0.0 0.0 0.0

0.0 0.0 0.0 0.0

0.0 0.0 0.0 0.0

0.0 0.0 0.0 0.0

0.0 0.0 0.0 0.0

0.0 0.0 0.0 0.0

0.0 0.0 0.0 0.0

0.0 0.0 0.0 0.0

1.0 551.5 1.0 309.0

0.5 94.0 0.5 171.0

0.0 0.0 0.0 0.0

0.5 86.5 0.0 0.0

1.0 173.0 0.0 0.0

1.0 173.0 0.0 0.0

1.0 173.0 0.0 0.0

1.0 560.0 1.0 258.0

0.5 473.5 1.0 259.5

1.0 961.5 1.0 315.0

0.0 0.0 1.0 208.5

0.0 0.0 1.0 182.5

2.5 987.0 3.5 1222.5

3.0 1509.5 1.5 381.0

2.5 1151.5 1.5 481.0

1.0 500.0 0.5 75.5

0.5 473.5 0.5 75.5

0.0 0.0 0.0 0.0

0.0 0.0 0.5 75.5

0.5 466.0 1.0 317.0

1.0 1105.0 2.5 998.0

1.0 998.5 3.0 1039.0

1.0 998.5 3.0 1038.0

1.0 948.0 2.5 940.5

1.5 948.0 2.5 940.5

2.0 998.5 2.5 1121.0

3.5 3620.0 2.0 870.0

5.0 5412.5 4.5 2270.5

7.0 6543.5 5.0 3787.5

3.5 3315.5 2.5 644.0

0.0 0.0 0.0 0.0

0.0 0.0 0.0 0.0

0.0 0.0 0.0 0.0

0.0 0.0 0.0 0.0

0.0 0.0 0.0 0.0

0.0 0.0 0.5 135.0

1.0 191.0 1.0 297.5

1.0 215.5 1.0 290.5

1.5 1267.0 1.0 326.5

1.0 870.5 1.0 282.5

1.0 205.5 1.0 243.5

1.0 205.5 0.0 0.0

0.5 412.5 0.0 0.0

0.0 0.0 0.0 0.0

0.5 458.0 0.5 127.0

1.0 638.5 0.5 102.5

1.0 638.5 0.5 102.5

1.5 1054.5 1.0 257.0

0.0 0.0 0.0 0.0

0.0 0.0 0.0 0.0

0.0 0.0 0.0 0.0

0.0 0.0 0.0 0.0

0.0 0.0 0.0 0.0

0.0 0.0 0.0 0.0

0.5 175.5 0.0 0.0

0.5 101.0 0.5 154.5

0.0 0.0 0.0 0.0

0.5 101.0 0.5 154.5

0.0 0.0 1.0 333.5

0.0 0.0 0.0 0.0

0.0 0.0 0.0 0.0

0.0 0.0 0.0 0.0

0.0 0.0 0.0 0.0

0.0 0.0 0.0 0.0

0.0 0.0 0.0 0.0

0.5 458.0 0.0 0.0

1.0 916.0 0.0 0.0

0.0 0.0 0.0 0.0

0.0 0.0 0.0 0.0

0.0 0.0 0.0 0.0

0.0 0.0 0.0 0.0

0.0 0.0 0.0 0.0

0.0 0.0 0.0 0.0

0.0 0.0 0.0 0.0

0.0 0.0 0.0 0.0

0.0 0.0 0.0 0.0

0.0 0.0 0.0 0.0

0.0 0.0 0.0 0.0

0.0 0.0 0.0 0.0

0.0 0.0 0.0 0.0

0.0 0.0 0.0 0.0

0.0 0.0 0.0 0.0

0.0 0.0 0.0 0.0

0.0 0.0 0.0 0.0

0.0 0.0 0.0 0.0

0.0 0.0 0.0 0.0

0.0 0.0 0.0 0.0

0.0 0.0 0.0 0.0

0.0 0.0 0.0 0.0

0.5 272.0 0.5 162.5

0.0 0.0 0.0 0.0

0.5 110.0 0.0 0.0

1.0 220.0 0.5 162.5

0.0 0.0 0.0 0.0

0.0 0.0 0.0 0.0

0.5 110.0 0.0 0.0

0.5 474.0 0.5 162.5

0.0 0.0 0.0 0.0

0.0 0.0 0.0 0.0

2.0 1341.0 0.0 0.0

0.0 0.0 0.0 0.0

0.0 0.0 0.0 0.0

0.0 0.0 0.0 0.0

0.0 0.0 0.0 0.0

0.0 0.0 0.0 0.0

0.0 0.0 0.0 0.0

0.0 0.0 0.0 0.0

0.0 0.0 0.0 0.0

0.0 0.0 0.0 0.0

0.0 0.0 0.0 0.0

0.0 0.0 0.0 0.0

0.0 0.0 0.0 0.0

0.0 0.0 0.0 0.0

0.0 0.0 0.0 0.0

0.0 0.0 0.0 0.0

0.0 0.0 0.0 0.0

0.0 0.0 0.0 0.0

0.0 0.0 0.0 0.0

0.0 0.0 0.0 0.0

0.0 0.0 0.0 0.0

0.0 0.0 0.0 0.0

0.0 0.0 0.0 0.0

0.0 0.0 0.0 0.0

0.0 0.0 0.0 0.0

0.0 0.0 0.0 0.0

0.0 0.0 0.0 0.0

0.0 0.0 0.0 0.0

0.0 0.0 0.0 0.0

0.0 0.0 0.0 0.0

0.0 0.0 0.0 0.0

0.0 0.0 0.0 0.0

0.0 0.0 0.0 0.0

0.0 0.0 0.0 0.0

0.0 0.0 0.0 0.0

0.0 0.0 0.0 0.0

0.0 0.0 0.0 0.0

0.0 0.0 0.0 0.0

0.0 0.0 0.0 0.0

0.0 0.0 0.0 0.0

0.0 0.0 0.0 0.0

0.0 0.0 0.0 0.0

0.0 0.0 0.0 0.0

0.0 0.0 0.0 0.0

0.5 198.5 0.0 0.0

1.0 932.0 0.5 154.5

1.0 948.0 0.0 0.0

1.0 948.0 0.5 154.5

1.0 932.0 0.5 154.5

1.0 932.0 0.0 0.0

1.0 956.0 0.0 0.0

1.0 544.5 0.5 85.5

1.0 544.5 1.0 178.5

0.5 86.5 0.0 0.0

1.0 173.0 1.0 178.5

1.0 173.0 0.5 85.5

1.0 294.0 0.5 93.0

0.5 207.5 0.0 0.0

1.0 933.0 1.0 309.0

0.5 458.5 0.0 0.0

0.0 0.0 0.0 0.0

0.0 0.0 0.0 0.0

0.0 0.0 0.0 0.0

0.0 0.0 0.0 0.0

0.0 0.0 0.0 0.0

0.5 458.5 0.0 0.0

0.5 458.5 0.0 0.0

0.0 0.0 0.0 0.0

0.0 0.0 0.0 0.0

0.0 0.0 0.0 0.0

0.0 0.0 0.0 0.0

0.0 0.0 0.0 0.0

0.0 0.0 0.0 0.0

0.0 0.0 0.0 0.0

0.0 0.0 0.0 0.0

0.0 0.0 0.0 0.0

1.0 682.5 1.0 325.0

