10 12929 402 504696

5 6182 402 504696

5 6182 402 504696

5 6182 402 504696

4 3060 168 208361

4 2631 8 2794

4 2631 8 2794

15 13012 10 9112

15 13012 10 9112

15 13012 10 9112

15 13012 10 9112

15 13012 10 9112

8 5336 7 5532

8 5336 7 5532

5 4603 6 2266

1 1432 1 644

4 2290 8 2868

4 2324 8 2868

4 2324 8 2868

4 4744 8 2868

4 4744 8 2868

4 4744 2 1021

4 4744 2 1021

4 4744 7 1841

3 3111 7 1841

4 4640 7 1841

4 4640 7 1841

4 4640 7 1841

4 4640 1 728

4 4640 5 1841

3 1780 5 1841

10 14054 5 1841

10 14054 5 1841

10 14054 5 1841

10 14054 2 797

10 14054 3 1060

2 2347 3 1060

2 2347 3 1060

3 2032 11 6333

3 2032 11 6333

3 2032 11 6333

3 2032 11 6333

3 2864 11 6333

3 2874 6 3821

3 2874 6 3821

4 5459 6 3821

4 5459 6 3821

4 5459 5 3821

5 5459 51 51878

5 5459 51 51878

5 3852 51 51878

5 3852 51 51878

5 3852 51 51878

4 3852 5 3821

2 2228 1 728

3 2228 5 1841

3 2885 8 4783

3 2885 8 4783

4 3566 10 9011

7 8576 10 9011

7 8576 12 9011

7 8576 12 9011

7 8576 12 9011

7 8576 12 4764

3 2745 12 4764

3 2745 11 4764

3 1716 5 1841

3 1404 5 1411

3 1226 5 1411

3 2388 5 1840

3 2388 5 1840

3 2388 5 1840

4 4748 5 1840

7 4852 5 3523

7 4852 6 3523

7 4852 6 3523

7 4852 6 3523

7 4852 6 3523

5 7160 6 2166

5 7160 3 1417

5 7160 3 1417

5 7160 3 1417

156 118990 5218 6518856

156 181015 5218 6518856

156 181015 5218 6518856

156 181015 5218 6518856

156 181015 5218 6518856

128 181015 151 172630

54 49192 967 1195177

72 65412 967 1195177

72 65412 967 1195177

72 65412 967 1195177

72 65412 967 1195177

72 65412 689 847404

5 6187 4 1366

5 6187 4 1366

6 6271 7 4265

6 6271 11 6063

6 6271 11 6063

6 6271 11 6063

6 6271 11 6063

120 135634 5949 7430603

120 135634 5949 7430603

120 135634 5949 7430603

120 135634 5949 7430603

120 135634 5949 7430603

70 77724 90 94890

20 19757 40 38145

8 8553 11 6029

8 8553 6 5281

6 6575 6 5281

6 6575 3 1150

59 80883 124 151048

59 80883 124 151048

59 80883 124 151048

59 80883 124 151048

59 80883 124 151048

6 6299 10 8573

8 7403 13 13004

8 7403 13 13004

14 12607 19 17552

14 12607 63 54060

14 12607 63 54060

14 12607 63 54060

26 36121 63 54060

26 36121 63 54060

26 36121 7 5990

26 36121 7 5990

26 36121 7 5990

5 6188 6 2824

5 6188 6 2824

5 6188 6 3820

14 13443 6 4169

14 13443 7 7795

14 13443 7 7795

14 13443 7 7795

14 13443 7 7795

5 4355 7 7795

5 4355 5 1841

5 4355 5 3821

5 4355 5 3821

5 4355 5 3821

5 4525 6 5259

5 4525 6 5259

5 4525 6 5259

5 4525 6 5259

7 6610 6 6280

21 21350 70 77146

21 21350 70 77146

21 21350 70 77146

21 21350 70 77146

21 21350 70 77146

5 3467 6 2199

5 3467 6 2199

5 3467 6 2199

5 3790 10 8908

5 3790 10 8908

5 3790 10 8908

5 3790 10 8908

5 3790 10 8908

3 2261 5 1841

3 2261 5 1841

4 5598 5 1841

4 5598 5 1841

4 5598 4 1768

4 5598 5 1533

4 5598 5 1533

4 3856 5 2240

4 4580 5 2240

4 4580 5 2240

4 4580 4 2240

4 4580 4 2240

98 104414 170 211210

98 104414 170 211210

98 104414 170 211210

98 104414 170 211210

98 104414 170 211210

13 14250 33 29248

4 4901 1 680

4 4901 1 680

5 4901 5 1841

6 5563 7 5621

6 5563 7 5621

6 5563 7 5621

6 5563 7 5621

6 5563 7 5621

4 5674 4 2566

5 5674 7 2566

5 5674 7 2566

5 5674 11 9961

5 5674 11 9961

6 6228 11 9961

6 6228 11 9961

6 6228 11 9961

6 6228 6 5260

6 6228 7 2834

5 4057 7 2834

5 4057 7 2834

5 4565 7 2834

8 8557 7 5824

8 8557 7 5824

8 8557 7 5824

8 8557 7 5824

8 8557 7 5824

3 3557 5 1841

3 3557 5 1841

3 3557 5 2240

3 3761 5 2240

8 6747 5 4941

8 6747 5 4941

8 6747 8 4989

8 6747 8 4989

8 6747 8 4989

5 6027 8 4989

5 6027 8 4989

5 6735 4 1216

5 6735 3 1216

5 6735 6 5271

5 6735 6 5271

5 6735 8 5590

5 5457 8 5590

9 7984 8 5590

9 7984 8 5590

9 7984 8 5590

9 7984 7 4983

9 7984 9 9157

7 6384 9 9157

7 6384 9 9157

7 6384 9 9157

7 6384 9 9157

5 4649 6 3821

5 4649 5 3821

5 4649 5 3821

5 5560 5 3821

5 5560 8 7845

5 5560 8 7845

8 5667 8 7845

8 5667 8 7845

8 5958 8 7845

8 5958 7 5663

8 5958 7 5663

5 5958 5 1528

6 5958 7 3001

6 4447 7 7832

6 4447 7 7832

6 4447 7 7832

6 4447 7 7832

5 4447 7 7832

3 3812 2 776

3 3812 2 776

3 3812 6 1465

7 4929 6 3527

7 4929 10 9101

