2.3748684174075834 2989.4866260781296 130.39719130410745 163887.59701792567

1.445683229480096 1544.7587343983523 113.61817636276334 142663.9683042288

1.3 1479.2757780414036 113.99118386963089 143019.52979606492

1.4654350889752845 1520.194838663781 92.70765879904418 116406.28817184876

1.1445523142259595 953.6032246170314 36.4859904620938 45357.70420278676

1.0677078252031311 832.9642534346837 1.7776388834631178 620.1984279244831

1.02469507659596 781.9159465697064 1.7684739183827394 619.7664802165411

3.3056769352131194 2849.6974624510585 2.6758176320519302 2022.527945418802

3.271085446759225 2850.4155008524626 2.17428149051589 1977.857433562894

3.5843409436045564 2987.1578946383133 2.5588083163847974 2244.635321717093

3.6806928695559478 3087.3807713821116 2.790609252475165 2270.4778770117973

3.6660605559646724 3079.7277067136943 2.776688675382964 2261.9355671636617

1.9817921182606408 1489.3428920164758 1.9306734576307818 1265.174433625656

1.9615045245933034 1472.4599281474518 1.9098429254784282 1256.7199320055363

1.1169153951844335 1034.6683333319907 1.3190905958272916 503.4589829370415

0.48989794855663565 505.1765631935037 0.48989794855663565 205.80631671549833

0.9165151389911681 656.8627786684217 1.7204650534085253 618.1568652049413

0.9630680142129111 758.1236772453424 1.7204650534085253 627.2470007899599

0.9733961166965891 769.0057607066412 1.7349351572897473 634.010417895479

1.2196310917650468 1187.8014259546921 1.7349351572897476 633.3780446936886

1.3143439428094914 1289.9091935093725 1.7571283390805579 652.6271121398499

1.1135528725660042 1261.4743071105331 0.5567764362830021 280.40065531307164

1.1135528725660042 1224.7113486450594 0.5361902647381804 241.7685049794534

1.1947803145348521 1218.662458394448 1.8138357147217055 518.4996890066569

0.9937303457175896 886.7869684991995 1.8138357147217055 527.5472395909205

1.1224972160321824 1130.9088115316813 1.786057109949175 498.83272747485205

1.0712142642814275 1083.985844003509 1.7457090250096088 483.9094026778153

1.0908712114635715 1108.1450029215493 1.7457090250096088 486.8075184300259

1.0049875621120887 1120.7277222858365 0.48989794855663565 228.53999103001647

1.0897247358851685 1098.1365762053465 1.1079259903080168 413.7408730111155

0.7921489758877431 605.2028151785152 1.1079259903080168 411.0773771444982

2.2017038856303994 3023.8314106444495 1.1169153951844337 414.83436152276494

2.2017038856304 3030.525063417229 1.1169153951844337 423.56433690762975

2.211334438749598 3033.025213792328 1.152171862180291 439.08807772473176

2.1788758569500932 3032.2407931264293 0.5830951894845301 246.90023795047262

2.2017038856304003 3048.0404951378177 0.8660254037844386 341.4272799587051

0.852936105461599 825.1128953058483 0.8645808232895293 349.39454417606464

0.7999999999999998 746.0263333153863 0.8645808232895293 331.6275433374013

0.9 705.3338571201583 2.418160457868749 1369.7302800186612

0.852936105461599 664.0114456844851 2.414021540914662 1365.1924507189453

0.7921489758877431 640.5375301260652 2.3932195887548637 1365.890076104223

0.8874119674649424 622.3020247436128 2.539685019840059 1401.4408085966381

0.9205976319760983 768.8821414885379 2.662705391138869 1423.0900981666616

0.9433981132056605 871.944843439079 1.894069692487581 995.3141463879633

0.99498743710662 931.5671527055898 1.930673457630782 1005.0710559457974

1.3 1515.4576899405672 1.9615045245933034 1017.5990013261608

1.2439855304624727 1514.0801654800186 1.7399712641305312 965.4532407113255

1.2359207094308275 1489.561630144923 1.1575836902790226 845.8138033870105

1.5132745950421558 1540.9892439598661 11.017599557072312 11246.183472071758

1.5620499351813306 1576.3600477048383 10.954907576059233 11214.527862999852

1.4309088021254184 1150.2208603133572 10.969389226388135 11223.66713289378

1.4142135623730951 1138.183037784345 10.969389226388136 11226.195318428232

1.4106735979665883 1154.1093102475172 10.964830140043215 11224.340343534674

0.9797958971132713 946.4676156636316 1.1947803145348523 833.7396236235865

0.5916079783099616 617.5008097160683 0.49749371855331004 204.5988514141758

0.7810249675906654 654.7304235332278 1.107925990308017 405.79827500865497

0.9273618495495705 817.0770220731947 1.9131126469708992 1059.2470568757792

0.8874119674649424 749.9232627409287 1.9000000000000001 1054.1226150216112

1.1521718621802912 992.6650631003391 2.7037011669191546 2128.9465205824217

1.7571283390805579 1957.945133935065 2.6438608132804573 2109.1176140746634

1.7109938632268673 1953.5794941593751 3.3893214660164652 2206.6112163224407

1.7571283390805579 1985.536498657227 3.74299345444258 2219.8635791417455

1.8193405398660252 2005.8701976947561 3.837642505497353 2239.4743579688516

1.7109938632268669 1931.1562184349557 3.420526275297414 1336.528618286941

1.1357816691600546 848.3690986239423 3.476708213238494 1339.1133437838635

1.061838029079765 761.9078208681152 2.662235902394827 1088.5678883285138

0.9205976319760986 578.9386323264322 1.6085707942145413 544.0822433235622

0.7348469228349535 498.76782173672746 1.378404875209022 444.8028327247928

0.7399324293474372 474.3526009204545 1.2835497652993437 395.1878161077337

0.8645808232895291 740.8375395456145 1.1779218989389746 456.7426408821493

0.8660254037844386 728.8712437735489 1.118033988749895 434.0291004068736

0.8645808232895293 719.3180728996039 1.116915395184434 434.88813504164494

1.1445523142259597 1181.1098551785942 1.1575836902790224 456.6202579824947

1.8674849396983098 1689.8361044787744 1.479864858694874 837.1196375070889

1.9390719429665315 1726.3033771617318 1.6575584454250776 870.9366452274242

1.920286436967152 1707.506928243631 1.6431676725154984 865.1427107708877

1.920286436967152 1707.5069282436311 1.6431676725154984 865.1427107708877

1.7965244223221681 1495.9176606685273 1.6515144564913744 870.1429825034503

1.395528573695286 1650.1306130121943 1.4832396974191326 558.4899170978828

1.2083045973594573 1598.9236215341869 0.9165151389911679 380.0995922123569

1.1947803145348523 1594.1132480159622 0.9165151389911679 379.4368821029396

1.1789826122551597 1583.918498534568 0.9096702699330124 375.3933936552427

43.006133283521315 30847.23643845587 1257.7034070081866 1582046.5742356353

48.99346895250427 47819.06141955841 1255.8949956106999 1579964.0132353292

48.97129261107981 47782.376406448224 1255.8576392250836 1579950.879889514

48.75743533041909 47581.869135496345 1253.4627986103137 1577135.1642063174

48.53480709758719 47373.0791627481 1253.3304592165628 1577049.5905563529

27.96153608083791 39137.78227783864 37.86749925727866 43595.82195107691

13.29840215965813 12237.704373267887 211.12220986907087 260896.33473845504

19.96346663282707 18210.311890519613 250.1681434555567 309108.9447532051

19.45578320191711 17705.666158323445 250.81116402584635 309930.0127739164

19.580283450450864 17796.690519307238 250.86248723155083 309984.3292141515

19.863030987238577 18010.104687299845 251.12616351149077 310146.1423853439

17.09232283804633 15381.147683040428 151.1211103717809 185644.40106754497

1.4798648586948744 1907.5876093904574 1.1079259903080168 416.4211660086456

1.299038105676658 1489.5506839312313 1.2031209415515964 463.07127961038566

1.7284386017443605 1863.9499215375934 2.1418449990603894 1377.3531500671859

1.9467922333931784 2125.8294022569166 2.9664793948382653 1757.6597359841865

1.8193405398660252 1900.2757984040102 3.0016662039607267 1943.1755935838635

1.805547008526779 1934.980110362895 2.8718460961548757 1898.2188987311235

1.7853571071357126 1929.2009200702762 2.9681644159311658 1940.9271598903447

41.399607486061996 42933.59011947987 1322.7390521187465 1652602.1639430185

42.0601949591297 44026.617398427275 1320.7720270735597 1650088.3811301892

41.63517142993409 43555.61501675186 1320.297673822082 1649595.5895150665

41.35804033075068 43272.16284414266 1320.1318295912724 1649514.1900673395

41.12818376733891 43024.02881353047 1320.0147688567731 1649437.0134333489

15.331258917649262 17180.633067497834 22.88776965979866 25751.37000743844

4.773887304912006 4778.97699303941 8.827655407864537 8299.361391697554

2.7179955849853767 2759.0960199855317 2.9201883500897674 1828.9637612593644

2.3296995514443495 2404.3944331161642 1.8834808201837367 1414.5266027897821

1.8296174463531987 1913.9706241214883 1.3219304066402287 1141.0045256264325

1.7860571099491753 2069.291117146159 0.7348469228349535 272.225072320681

12.717704195333372 17447.240539624025 26.873546472321067 32835.16762904523

12.635663813191613 17382.424942740297 26.811191693022522 32808.447676475036

12.58133538222394 17372.16411792152 26.78451044913832 32802.4365519926

12.497499749949988 17301.69276075321 26.74373758471317 32745.881388504415

12.549900398011133 17342.868641317677 26.780589986032794 32761.0669787707

1.98997487421324 2186.2585042716246 2.384848003542364 1864.1332328994083

2.3579652245103193 2468.882639474789 3.398529093593286 3275.2515491180216

2.290742237791062 2255.072417905909 3.427462618322773 3272.86098696538

3.8781438859330635 3520.1418380514156 5.161395160225576 4774.725963602519

4.6303347611160905 3552.7007680777174 14.057026712644463 12235.674691246086

4.550824101193101 3436.399072794078 14.057026712644463 12240.61848468042

4.44156503948777 3353.2848264798504 14.00142849854971 12128.997515355504

6.603786792439624 8048.8318189660295 13.935207210515388 12067.543931968925

6.299801584177076 7886.933428779528 13.645878498652985 11739.069781716093

5.720795399243011 7871.576880619283 1.9098429254784282 1709.4425114638984

5.748912940721924 7901.950641930132 1.9235384061671346 1707.032363489339

5.71314274283428 7871.834556823456 2.094636006565341 1757.8983076389834

1.5644487847162016 1489.3107331917004 1.6515144564913744 731.2551179308081

1.5898113095584643 1639.8843831197369 1.6401219466856727 726.7043742127879

1.6085707942145413 1633.0373380605847 1.8513508581573617 1040.2615536488888

3.134884367883447 2978.5893351551504 2.197157254271983 1310.8260944915614

3.241913015489465 3064.2714729605796 2.4103941586387903 1976.3085253826134

3.1480152477394383 3070.1732100974377 2.178875856950093 1955.4749365563346

3.1527765540868895 3025.248457151908 2.151162476429895 1940.3209341498118

3.168595903550973 3033.009732922068 2.0560885194952094 1855.4610714051644

1.6093476939431082 1424.6865585103271 1.8296174463531991 1705.1753362924294

1.3369741957120937 1198.8737329260325 1.194780314534852 443.91297288995736

1.3883443376914821 1336.0803297332088 1.5132745950421556 916.9162161833544

1.388344337691482 1370.4360109103964 1.5124483462254175 926.0480697566405

1.3592277219068187 1339.8459090507388 1.4924811556599298 917.2458708001907

1.3416407864998738 1343.8822902322956 1.627114009527298 1364.6461775859705

1.3219304066402287 1356.4181462587412 1.627114009527298 1363.5193242121657

1.1779218989389746 1181.668433825665 1.3219304066402289 1136.4446873913398

1.2489995996796797 1133.4716703561674 1.6309506430300091 1178.2894975344557

1.8567444627627139 1729.5265963551992 2.0 1738.1708632927891

5.36912469588852 5598.810917507395 15.142242238189164 16710.345634067537

5.390732788777422 5624.999355333297 15.142242238189164 16711.626376268712

5.390732788777423 5608.277386818524 15.128119513012843 16706.696023151915

5.390732788777423 5603.676565434518 15.140260896034793 16715.42637475933

5.351635264103861 5578.967938606567 15.182555779578085 16746.581142057013

1.2806248474865698 1041.2745303232957 1.3592277219068187 512.6799464578266

1.2439855304624727 979.7400101557556 1.359227721906819 512.0866723514682

1.2439855304624727 976.4074661738307 1.359227721906819 511.6543242268162

1.5124483462254175 1099.6475298931016 2.776688675382964 2116.6769805522995

1.49248115565993 1094.1719060549854 2.7617928959282954 2111.008619120253

1.194780314534852 892.5881623122725 2.558808316384797 2094.5696998429057

1.2288205727444506 962.633216754959 2.5588083163847974 2092.3951467158395

1.32664991614216 991.1816735593932 2.6995369973386176 2103.184540167601

0.9165151389911681 758.3679367562951 1.3518505834595773 554.9309326393691

0.9219544457292888 749.2754416768242 1.3564659966250536 557.9906898864891

1.2083045973594573 1375.2505189964481 1.3453624047073713 556.8221798743293

1.2083045973594573 1380.2213409449948 1.3738631664034087 558.768008658334

1.0999999999999999 1364.196843384414 0.9733961166965891 438.5876736754011

1.2884098726725126 1367.407410942328 1.1521718621802912 390.0869742762504

1.4239030865898141 1504.0261300921604 1.1346805717910218 392.9826204808554

1.2489995996796799 1090.7660553482583 1.3638181696985856 584.9934935535608

1.378404875209022 1326.5006370145475 1.32664991614216 572.2694710536286

1.3592277219068185 1311.8828682470094 1.3143439428094914 566.8986924486595

1.2083045973594573 1292.0769365637634 0.9219544457292888 501.98195933718574

0.9219544457292888 1024.40530431075 0.9205976319760986 491.09950875560855

24.269064670893272 24267.153422888314 52.92001039304509 60778.428480094815

24.09330819958106 24120.249136099323 52.52580318281673 60330.41235966733

24.135606476738882 24160.522980473743 52.57195069616496 60345.64058065834

24.06299025474598 24085.930961663078 52.54890579260428 60337.309630609154

23.934493936576146 23947.63647309479 52.571950696164954 60344.556085429125

3.391164991562634 3620.6131424801524 7.424789559307389 6525.891062529318

1.469693845669907 1666.6373113248126 0.3570714214271425 197.23313616124443

1.51657508881031 1695.615772367077 0.4000000000000001 203.2445509724676

1.6093476939431082 1687.6532523003652 1.116915395184434 428.6372913081641

1.7168284713389397 1601.1432977719392 1.7965244223221684 1252.9911522033985

1.6874537030686203 1578.1007857548263 1.786057109949175 1248.7738496221004

1.7291616465790585 1667.4038772894828 1.7965244223221681 1252.434560166718

1.6874537030686203 1624.386773524089 1.786057109949175 1248.4934481205742

1.4585952145814818 1433.9343639093113 1.5256146302392357 1212.755193763358

1.1445523142259597 1464.0463406258696 0.9205976319760986 566.360044494666

1.5256146302392357 1749.1176089674473 1.816590212458495 729.2620585221749

1.4832396974191326 1671.3460286547486 1.816590212458495 729.2620585221749

1.4991664350564955 1705.3330136662457 2.854382595238417 2209.416472170876

1.7109938632268673 1855.772426780827 3.0045798375147235 2393.581843179798

1.920286436967152 1925.1829549422052 2.9643717715563276 2374.328934141182

1.7000000000000002 1739.9933584643363 2.7179955849853767 2386.925828340713

1.70293863659264 1748.1070447772927 2.7037011669191546 2377.6311131039647

1.7000000000000004 1733.7079338804447 1.5451537140362444 1192.4224199083149

1.710993863226867 1685.2278918591396 1.6515144564913744 682.5460131009484

1.2757350822173072 1225.1369096962185 1.6271140095272982 677.8541786402146

1.2041594578792296 1098.7749815135035 1.5321553446044562 630.5360893715759

1.388344337691482 1360.6839998691835 1.5321553446044565 618.5558260981784

2.108909670896314 2182.743848920436 2.08806130178211 1375.0827575095252

1.894729532149642 2062.792357461119 1.5321553446044565 1260.9961330234125

1.8781639970992943 2033.2394466712476 1.5297058540778352 1258.3032812084693

1.9358460682605942 2113.584171496371 1.5297058540778352 1258.3326825605377

1.8439088914585775 1939.8778028525403 1.7741194999210175 1285.7830454629582

0.9096702699330126 877.0937749180529 1.1079259903080168 405.6090605496874

0.9630680142129112 997.3181275300274 1.1169153951844337 409.37177174299654

0.9937303457175896 1005.0852438972527 1.3518505834595773 670.163746781337

0.9937303457175896 1034.1456993576874 1.3638181696985856 675.6197229211118

1.8513508581573617 1695.837303517056 1.469693845669907 1182.6457743128328

1.8947295321496416 1851.8496672246374 1.5459624833740309 1187.929411833885

2.051828452868319 2088.66298382482 2.15580611373101 1497.2397603590414

2.1511624764298953 2128.0039115330596 2.179449471770337 1464.0125682520625

2.1324868112136124 2055.511082431812 2.17428149051589 1454.2036171045647

1.532155344604456 1672.9896435722494 2.0463381929681126 1129.7679617956953

1.4585952145814818 1466.0561815633125 1.9899748742132395 1119.007703280009

1.4696938456699071 1603.7680630315594 1.1135528725660042 401.8614531153741

1.3076696830622019 1549.6558093654214 0.8 290.4006327472446

1.5124483462254175 1711.0262848653144 1.3564659966250536 1139.0065012983903

1.5256146302392357 1747.3620718099614 1.3564659966250536 1139.0065012983903

1.9849433241279208 2075.710651800968 2.368543856465402 1641.7042752883358

1.8567444627627143 1880.247217788129 2.3510635891017495 1637.1709829764268

2.4269322199023193 2292.814132785298 2.6052830940226053 1855.0026489199417

2.3874672772626644 2383.4079801829985 2.43874967965144 1591.6477782474362

2.3664319132398464 2385.1196531830433 2.4186773244895647 1585.3346925807182

2.1330729007701543 2225.459921005094 1.5256146302392355 1065.1702622116334

2.414021540914662 2343.2718024164415 2.357965224510319 2187.3560501207844

1.8275666882497066 1867.5616154494073 2.233830790368868 2002.504838321246

1.6401219466856725 1492.5939459544916 2.219797288042311 2000.0756054459534

1.691153452528776 1594.0226935335645 2.2045407685048604 1997.4147860421979

1.9261360284258222 1812.4572898416118 2.2338307903688674 2006.2972337118945

1.4585952145814822 1365.7962110066055 1.5811388300841898 911.6237491421557

1.3219304066402287 1347.1320981997274 1.0999999999999999 816.2271681339698

1.3379088160259653 1360.6921069808557 1.1346805717910218 819.8285354267686

1.445683229480096 1605.0880186145557 1.1445523142259593 823.1423084740571

1.624807680927192 1643.3727049881288 2.3124662159694354 1875.5525979028153

1.6695807857064 1719.683441799682 2.1971572542719833 1762.9211525193068

2.2466641938660974 1982.3817240884764 2.5391927851189244 2061.982868503034

2.2693611435820435 2007.8747589179957 2.5548972582082436 2069.3638509213406

2.308137777516758 2036.4807511980073 2.570992026436488 2077.402644529943

2.0396078054371136 1867.6774105824597 1.5297058540778352 1228.64807817373

2.0760539492026693 1791.2815098414876 1.7965244223221677 1248.4620889318185

1.4106735979665888 1467.2691053450283 1.1575836902790226 368.57610815135587

1.76351920885484 1597.7799566899066 1.8138357147217052 707.9361270623219

1.7776388834631176 1365.750401793827 2.2332711434127295 1778.5585062066416

1.8055470085267786 1429.8561291262838 2.2643983748448506 1788.455324435028

1.70293863659264 1409.653853788227 2.0952326839756967 1783.203927625778

1.6911534525287764 1404.7177616873787 2.08806130178211 1788.0428658172605

1.2041594578792296 1174.6740601119957 1.5321553446044565 1703.8520556374597

0.8602325267042628 1072.0963855922657 0.5099019513592785 233.36308084185038

0.8660254037844386 1046.5672744740302 0.5722761571129799 278.50159784101777

0.9205976319760987 1058.3981044484158 1.3564659966250538 397.1545542984494

1.70293863659264 1478.6621613810235 1.70293863659264 843.0784067926304

2.011839953873071 1781.6459272257212 2.706935536727833 2246.5329393311818

