1.6 1658.25 65.65 81722.3

1.1 1014.95 48.1 59622.3

0.9 858.15 47.1 58641.75

1.05 981.05 30.7 37661.95

0.7 606.7 9.15 10669.55

0.6 502.55 0.8 283.1

0.5 411.55 0.65 233.1

1.35 1175.15 1.2 725.9

1.0 906.35 0.65 539.85

1.45 1244.75 1.05 840.85

1.55 1332.15 1.25 907.1

1.6 1352.95 1.3 939.3

0.85 687.5 0.85 479.05

0.95 780.6 0.95 510.75

0.55 501.8 0.6 230.05

0.4 388.2 0.4 157.4

0.6 536.7 0.8 287.3

0.65 601.3 0.8 309.0

0.55 508.2 0.7 277.3

0.75 732.35 0.7 272.45

0.85 822.15 0.75 299.95

0.6 652.85 0.3 137.85

0.6 621.75 0.25 100.7

0.85 814.75 0.9 282.15

0.75 685.35 0.9 303.1

0.8 775.6 0.9 291.1

0.95 922.7 1.05 340.7

0.9 880.05 1.05 352.8

0.7 697.15 0.4 171.35

0.75 682.6 0.65 245.7

0.65 526.45 0.65 236.7

1.05 1127.0 0.55 202.55

1.05 1150.2 0.55 210.55

1.1 1257.45 0.65 250.4

1.05 1253.85 0.4 158.35

1.05 1200.8 0.5 203.25

0.65 591.9 0.55 234.05

0.6 536.9 0.55 216.35

0.7 568.5 1.05 509.4

0.65 527.0 1.15 537.85

0.65 507.85 1.15 547.0

0.75 551.3 1.5 687.4

0.95 707.95 2.1 938.35

0.9 702.7 1.75 796.5

0.9 709.8 1.65 783.35

1.1 1100.7 1.45 719.35

1.05 1095.95 1.15 591.2

0.85 952.5 0.6 369.1

1.1 1077.5 3.25 2899.25

1.4 1342.0 3.7 3146.9

1.05 882.85 3.65 3109.7

1.0 846.65 3.65 3099.15

1.1 935.0 3.65 3103.45

0.8 764.45 0.85 414.8

0.5 503.5 0.45 168.1

0.7 639.85 0.85 294.4

0.8 739.2 1.2 518.15

0.75 685.0 1.3 542.25

0.85 765.15 1.7 960.25

1.25 1220.95 1.9 1021.7

1.35 1300.6 2.25 1186.2

1.25 1197.25 2.3 1152.7

1.3 1178.5 2.35 1168.0

1.15 1070.4 2.0 776.45

0.9 635.35 2.25 843.55

0.65 480.65 1.75 653.55

0.55 397.4 1.25 433.25

0.4 311.6 1.0 341.2

0.45 336.9 0.95 314.7

0.55 500.2 0.75 309.6

0.5 438.9 0.5 208.8

0.45 384.9 0.45 190.9

0.7 677.9 0.6 254.8

1.25 1158.8 0.9 461.75

1.2 1109.5 0.95 446.6

1.25 1164.3 1.0 465.3

1.25 1164.3 1.0 465.3

1.35 1142.45 1.15 544.7

1.05 1021.4 1.0 391.25

0.8 789.95 0.6 248.0

0.85 791.95 0.6 245.55

0.9 839.3 0.65 261.0

16.15 11465.1 464.2 591223.7

23.2 21045.05 469.6 597310.75

23.25 21132.55 469.7 597345.5

24.75 22501.85 477.25 605971.25

25.35 23142.8 477.6 606194.8

10.95 13475.35 14.55 15566.1

6.45 5949.65 57.75 69671.8

12.6 11212.5 100.0 119938.4

11.35 10276.7 92.4 111296.4

10.75 9641.6 92.25 111140.55

9.6 8459.45 91.5 110678.7

7.05 6358.95 42.9 50486.15

0.9 1096.25 0.65 234.75

0.75 795.4 0.95 353.7

1.25 1262.3 1.75 975.0

1.9 1872.45 3.0 1614.45

1.7 1538.3 3.3 1909.75

1.8 1624.65 3.45 1962.25

1.75 1505.1 3.3 1901.6

21.85 21230.55 436.0 540612.55

26.2 26273.05 442.55 548895.55

27.25 27424.75 444.05 550439.2

27.75 27951.3 444.55 550684.7

28.15 28398.05 444.9 550916.65

7.95 8574.0 11.5 11783.2

2.9 2874.0 3.65 2845.3

1.75 1695.55 1.65 936.4

1.35 1315.1 0.95 604.7

1.05 1087.5 0.55 346.65

0.9 983.35 0.4 140.1

4.4 5556.45 7.25 8324.85

4.8 5857.1 7.6 8442.4

4.9 5861.6 7.7 8466.05

5.25 6164.25 8.15 8891.7

5.0 5892.7 8.0 8831.75

1.8 1634.55 1.25 691.3

1.8 1719.75 1.5 1207.7

1.55 1487.7 1.55 1228.4

2.4 2168.8 2.6 2084.65

3.4 2557.05 6.0 4874.5

3.3 2366.25 6.0 4860.75

3.15 2297.15 5.4 4230.85

4.7 4393.5 5.9 4764.5

3.25 3120.7 4.3 3450.4

2.35 2881.75 0.95 689.0

2.5 3084.55 1.0 700.1

2.4 2886.9 1.25 847.8

0.95 793.2 0.85 356.45

1.15 1057.9 0.9 373.55

1.25 1105.55 1.15 554.0

1.65 1460.85 1.65 875.5

1.7 1511.2 1.7 1097.25

1.7 1589.4 1.55 1057.65

1.6 1415.35 1.65 1097.35

1.4 1222.6 1.35 889.25

0.9 758.1 0.95 618.15

0.75 636.85 0.65 244.65

0.85 828.95 0.9 461.45

0.85 864.2 0.75 404.65

0.95 953.2 0.85 434.75

1.0 1008.3 0.95 621.9

1.05 1111.25 0.95 628.45

0.75 745.75 0.55 348.35

0.8 705.65 0.8 440.4

1.05 942.95 1.0 723.5

2.85 2765.9 4.75 4777.3

2.8 2673.05 4.75 4772.4

2.8 2718.45 4.8 4790.3

2.8 2779.5 4.65 4746.9

2.4 2403.2 4.3 4417.45

0.6 528.95 0.55 210.65

0.55 468.25 0.55 208.2

0.55 462.4 0.55 206.55

0.75 566.9 1.3 818.4

0.85 632.8 1.35 837.1

0.65 468.85 1.05 726.35

0.7 531.3 1.05 746.5

0.8 567.3 1.25 822.3

0.6 437.65 0.65 287.4

0.5 371.75 0.6 268.7

0.8 719.9 0.7 327.6

0.8 724.5 0.75 330.25

0.7 689.35 0.55 254.45

0.8 735.15 0.65 253.95

1.15 1086.0 0.75 306.6

0.8 691.25 0.8 344.25

1.0 866.6 0.8 340.95

1.05 918.2 0.85 358.85

0.8 750.7 0.5 233.75

0.5 449.85 0.45 197.35

9.75 9171.5 22.65 25164.3

10.75 10214.75 24.8 27094.25

10.65 10114.1 24.7 27060.1

10.85 10339.9 24.75 27078.8

11.2 10755.45 24.7 27062.55

2.0 2107.85 2.35 2011.2

0.8 879.85 0.15 80.3

1.0 1076.05 0.2 96.55

1.1 1129.0 0.45 186.15

1.05 988.2 0.85 482.65

1.05 1011.1 0.9 491.65

1.1 1090.9 0.85 457.65

1.05 1036.9 0.9 473.9

0.85 852.8 0.65 397.2

0.7 811.75 0.45 229.0

1.15 1198.3 1.0 412.5

1.0 1015.05 1.0 412.5

0.95 995.25 1.45 878.05

1.15 1200.0 1.85 1189.6

1.25 1227.7 1.75 1096.75

0.9 965.75 1.25 943.7

1.0 1080.4 1.3 981.7

0.9 958.0 0.75 483.65

0.85 861.45 0.65 282.2

0.65 675.45 0.55 246.75

0.5 492.8 0.45 196.8

0.65 660.45 0.45 176.7

1.05 1088.3 0.8 467.9

0.9 983.7 0.55 359.55

0.85 911.55 0.6 377.45

0.95 1039.5 0.6 376.6

1.0 1004.9 0.95 504.4

0.65 627.9 0.65 230.3

0.65 665.95 0.55 196.95

0.75 748.95 0.85 396.55

0.75 759.15 0.8 380.3

0.85 848.8 0.8 529.85

1.1 1191.1 0.9 567.25

1.3 1410.2 1.55 923.0

1.35 1403.95 1.5 813.0

1.45 1428.3 1.65 873.8

1.05 1090.95 1.25 578.55

0.85 797.65 1.2 557.4

0.8 779.0 0.6 222.85

0.7 668.85 0.4 136.35

0.75 747.05 0.6 360.3

0.85 876.7 0.6 360.3

1.4 1368.7 1.3 753.35

1.45 1398.0 1.35 763.85

1.9 1870.55 1.75 1039.15

2.0 2072.0 1.45 771.5

2.0 1999.2 1.5 787.75

1.5 1556.2 0.85 411.75

1.65 1641.4 1.2 837.9

1.4 1389.25 1.1 685.65

1.1 953.25 1.15 693.35

1.2 1081.05 1.2 701.85

1.3 1164.65 1.1 666.9

1.15 926.1 1.0 431.8

1.05 916.1 0.7 321.9

1.1 1023.7 0.75 352.35

1.1 1117.05 0.7 351.2

1.4 1346.55 1.45 891.55

1.25 1311.6 1.15 685.9

1.55 1485.0 1.45 974.5

1.5 1428.05 1.35 954.05

1.65 1577.5 1.3 930.45

1.2 1214.7 0.6 408.0

1.3 1200.05 0.85 482.75

1.1 1061.65 0.6 205.95

1.3 1160.9 0.9 321.2

1.2 955.8 1.25 712.8

1.2 986.5 1.15 679.45

1.0 869.25 0.9 603.05

0.8 721.9 0.8 595.9

0.5 515.95 0.45 445.85

0.4 484.2 0.2 91.65

0.5 572.2 0.35 164.6

0.55 594.55 0.6 222.4

1.0 918.75 1.0 450.0

1.55 1428.7 1.85 1185.05

