1.3333333333333333 1.3333333333333333 1.1428571428571428 1.1428571428571428

1.4285714285714286 1.4285714285714286 1.125 1.125

2.2 2.2 1.7142857142857142 1.7142857142857142

2.2 2.2 1.8333333333333333 1.8333333333333333

3.25 3.25 2.6 2.6

3.5 3.5 3.25 3.25

5.0 5.0 5.0 5.0

3.25 3.25 3.25 3.25

5.333333333333333 5.333333333333333 5.333333333333333 5.333333333333333

3.5 3.5 3.5 3.5

3.75 3.75 3.75 3.75

2.8 2.8 2.8 2.8

3.5 3.5 3.5 3.5

2.4 2.4 2.4 2.4

2.1666666666666665 2.1666666666666665 2.1666666666666665 2.1666666666666665

2.4 2.4 2.4 2.4

1.5714285714285714 1.5714285714285714 1.5714285714285714 1.5714285714285714

1.375 1.375 1.5714285714285714 1.5714285714285714

1.8571428571428572 1.8571428571428572 2.1666666666666665 2.1666666666666665

2.0 2.0 2.1666666666666665 2.1666666666666665

2.0 2.0 2.1666666666666665 2.1666666666666665

2.8 2.8 3.0 3.0

3.5 3.5 3.2 3.2

2.2 2.2 2.1666666666666665 2.1666666666666665

2.2 2.2 2.6 2.6

2.2 2.2 2.4 2.4

1.6 1.6 1.8 1.8

1.5 1.5 1.5 1.5

1.8333333333333333 1.8333333333333333 2.4 2.4

1.8333333333333333 1.8333333333333333 2.2 2.2

1.6666666666666667 1.6666666666666667 2.2 2.2

1.5714285714285714 1.5714285714285714 2.1666666666666665 2.1666666666666665

1.8333333333333333 1.8333333333333333 2.1666666666666665 2.1666666666666665

1.5714285714285714 1.5714285714285714 1.7142857142857142 1.7142857142857142

1.5714285714285714 1.5714285714285714 2.1666666666666665 2.1666666666666665

1.7142857142857142 1.7142857142857142 2.3333333333333335 2.3333333333333335

2.0 2.0 2.6 2.6

2.0 2.0 2.6 2.6

1.8333333333333333 1.8333333333333333 2.4 2.4

1.8333333333333333 1.8333333333333333 1.8333333333333333 1.8333333333333333

1.6666666666666667 1.6666666666666667 1.6666666666666667 1.6666666666666667

1.8 1.8 1.8 1.8

1.1666666666666667 1.1666666666666667 1.2 1.2

1.6 1.6 1.75 1.75

1.8 1.8 2.0 2.0

2.0 2.0 2.5 2.5

2.0 2.0 2.5 2.5

2.4 2.4 2.6 2.6

2.2 2.2 2.2 2.2

2.0 2.0 2.0 2.0

2.5 2.5 2.25 2.25

2.5 2.5 2.25 2.25

1.8 1.8 1.6 1.6

1.8 1.8 1.8 1.8

1.8333333333333333 1.8333333333333333 1.8333333333333333 1.8333333333333333

1.5 1.5 1.3333333333333333 1.3333333333333333

1.5 1.5 1.3333333333333333 1.3333333333333333

1.8 1.8 1.4 1.4

2.0 2.0 1.6 1.6

1.8 1.8 1.5 1.5

1.6 1.6 1.5 1.5

2.0 2.0 2.0 2.0

1.8333333333333333 1.8333333333333333 2.0 2.0

1.8333333333333333 1.8333333333333333 2.0 2.0

1.8333333333333333 1.8333333333333333 2.0 2.0

2.1666666666666665 2.1666666666666665 2.0 2.0

2.1666666666666665 2.1666666666666665 2.0 2.0

2.8 2.8 2.75 2.75

2.6 2.6 2.5 2.5

2.6 2.6 2.2 2.2

3.5 3.5 3.5 3.5

5.0 5.0 5.0 5.0

4.333333333333333 4.333333333333333 4.333333333333333 4.333333333333333

5.5 5.5 5.5 5.5

3.0 3.0 3.0 3.0

2.2 2.2 2.2 2.2

2.75 2.75 2.75 2.75

3.0 3.0 3.0 3.0

2.5 2.5 2.5 2.5

2.75 2.75 4.0 4.0

2.0 2.0 4.0 4.0

1.8 1.8 3.6666666666666665 3.6666666666666665

1.8 1.8 3.6666666666666665 3.6666666666666665

1.8 1.8 3.6666666666666665 3.6666666666666665

2.25 2.25 1.8 1.8

2.5 2.5 1.6 1.6

2.5 2.5 1.4 1.4

2.2 2.2 1.3333333333333333 1.3333333333333333

2.75 2.75 1.8 1.8

2.0 2.0 2.3333333333333335 2.3333333333333335

1.75 1.75 2.25 2.25

1.75 1.75 2.6666666666666665 2.6666666666666665

1.8 1.8 2.5 2.5

2.0 2.0 2.5 2.5

2.6 2.6 2.6 2.6

2.1666666666666665 2.1666666666666665 2.0 2.0

2.5 2.5 2.25 2.25

1.75 1.75 1.5 1.5

1.75 1.75 1.25 1.25

1.5 1.5 1.0 1.0

1.5 1.5 1.0 1.0

1.5 1.5 1.0 1.0

1.5 1.5 1.0 1.0

1.5 1.5 1.25 1.25

1.5 1.5 1.5 1.5

2.0 2.0 2.0 2.0

2.3333333333333335 2.3333333333333335 2.6666666666666665 2.6666666666666665

2.75 2.75 3.0 3.0

3.0 3.0 3.25 3.25

2.6 2.6 2.8 2.8

2.6 2.6 3.5 3.5

3.5 3.5 3.5 3.5

2.2 2.2 2.5 2.5

1.8 1.8 2.0 2.0

1.5 1.5 1.5 1.5

1.3333333333333333 1.3333333333333333 1.2 1.2

1.25 1.25 1.1666666666666667 1.1666666666666667

1.75 1.75 1.2857142857142858 1.2857142857142858

2.0 2.0 1.375 1.375

2.0 2.0 1.5 1.5

1.8333333333333333 1.8333333333333333 1.5714285714285714 1.5714285714285714

2.0 2.0 1.6666666666666667 1.6666666666666667

1.8 1.8 1.6666666666666667 1.6666666666666667

2.25 2.25 2.0 2.0

2.0 2.0 1.8 1.8

2.75 2.75 2.4 2.4

2.75 2.75 2.4 2.4

2.2 2.2 2.0 2.0

2.2 2.2 2.2 2.2

2.6 2.6 2.6 2.6

2.75 2.75 3.0 3.0

2.5 2.5 2.75 2.75

2.0 2.0 2.5 2.5

2.75 2.75 3.6666666666666665 3.6666666666666665

2.0 2.0 2.5 2.5

2.2 2.2 3.0 3.0

3.25 3.25 3.6666666666666665 3.6666666666666665

2.8 2.8 2.6 2.6

2.8 2.8 2.6 2.6

2.1666666666666665 2.1666666666666665 2.0 2.0

1.8571428571428572 1.8571428571428572 2.3333333333333335 2.3333333333333335

1.8333333333333333 1.8333333333333333 2.4 2.4

1.6666666666666667 1.6666666666666667 2.2 2.2

1.8 1.8 2.2 2.2

2.2 2.2 3.5 3.5

2.2 2.2 2.6 2.6

2.4 2.4 2.8 2.8

2.2 2.2 2.6 2.6

2.4 2.4 2.6 2.6

2.4 2.4 2.4 2.4

2.0 2.0 2.0 2.0

3.5 3.5 3.5 3.5

2.5 2.5 2.5 2.5

2.5 2.5 2.5 2.5

3.0 3.0 3.0 3.0

2.3333333333333335 2.3333333333333335 2.3333333333333335 2.3333333333333335

1.7142857142857142 1.7142857142857142 1.8571428571428572 1.8571428571428572

1.8571428571428572 1.8571428571428572 2.0 2.0

2.1666666666666665 2.1666666666666665 2.3333333333333335 2.3333333333333335

1.8571428571428572 1.8571428571428572 2.0 2.0

2.1666666666666665 2.1666666666666665 2.3333333333333335 2.3333333333333335

3.0 3.0 3.0 3.0

3.25 3.25 3.25 3.25

2.6 2.6 2.6 2.6

3.25 3.25 2.6 2.6

2.6 2.6 3.0 3.0

2.5 2.5 2.5 2.5

3.0 3.0 3.0 3.0

2.5 2.5 2.2 2.2

1.5 1.5 1.4285714285714286 1.4285714285714286

2.2 2.2 2.1666666666666665 2.1666666666666665

2.6 2.6 2.3333333333333335 2.3333333333333335

2.5 2.5 2.2 2.2

2.5 2.5 2.5 2.5

4.0 4.0 4.0 4.0

2.75 2.75 2.75 2.75

3.3333333333333335 3.3333333333333335 6.0 6.0

2.6 2.6 5.0 5.0

2.5 2.5 4.25 4.25

1.8571428571428572 1.8571428571428572 3.2 3.2

1.7142857142857142 1.7142857142857142 2.5 2.5

2.0 2.0 2.1666666666666665 2.1666666666666665

2.2 2.2 2.4 2.4

1.8333333333333333 1.8333333333333333 2.1666666666666665 2.1666666666666665

1.5714285714285714 1.5714285714285714 2.0 2.0

2.0 2.0 2.6 2.6

1.8571428571428572 1.8571428571428572 2.3333333333333335 2.3333333333333335

1.8333333333333333 1.8333333333333333 2.4 2.4

2.4 2.4 2.4 2.4

2.6 2.6 2.6 2.6

2.4 2.4 2.4 2.4

2.4 2.4 3.0 3.0

2.3333333333333335 2.3333333333333335 2.5 2.5

1.625 1.625 2.0 2.0

2.0 2.0 2.5 2.5

2.5 2.5 3.2 3.2

2.5 2.5 4.25 4.25

3.2 3.2 4.25 4.25

3.0 3.0 4.25 4.25

2.3333333333333335 2.3333333333333335 3.2 3.2

2.6 2.6 3.0 3.0

2.1666666666666665 2.1666666666666665 2.3333333333333335 2.3333333333333335

2.1666666666666665 2.1666666666666665 2.3333333333333335 2.3333333333333335

2.2 2.2 2.2 2.2

1.8333333333333333 1.8333333333333333 1.8333333333333333 1.8333333333333333

2.4 2.4 2.6 2.6

1.8333333333333333 1.8333333333333333 2.2 2.2

2.2 2.2 4.0 4.0

2.3333333333333335 2.3333333333333335 3.5 3.5

2.0 2.0 3.5 3.5

1.8333333333333333 1.8333333333333333 2.75 2.75

2.4 2.4 2.4 2.4

1.8333333333333333 1.8333333333333333 2.2 2.2

2.4 2.4 2.6 2.6

2.1666666666666665 2.1666666666666665 3.0 3.0

2.3333333333333335 2.3333333333333335 2.8 2.8

2.8 2.8 3.75 3.75

2.3333333333333335 2.3333333333333335 2.3333333333333335 2.3333333333333335

2.1666666666666665 2.1666666666666665 2.3333333333333335 2.3333333333333335

2.0 2.0 2.6 2.6

1.6666666666666667 1.6666666666666667 2.4 2.4

1.3333333333333333 1.3333333333333333 2.0 2.0

1.4 1.4 2.2 2.2

1.5 1.5 1.6666666666666667 1.6666666666666667

1.5 1.5 1.6666666666666667 1.6666666666666667

1.4 1.4 1.5714285714285714 1.5714285714285714

1.4 1.4 1.5714285714285714 1.5714285714285714

1.3333333333333333 1.3333333333333333 1.4285714285714286 1.4285714285714286

1.1428571428571428 1.1428571428571428 1.2857142857142858 1.2857142857142858

1.6666666666666667 1.6666666666666667 1.8333333333333333 1.8333333333333333

1.8 1.8 1.8 1.8

1.8 1.8 2.0 2.0

2.25 2.25 2.5 2.5

2.5 2.5 2.2 2.2

2.6666666666666665 2.6666666666666665 2.25 2.25

3.3333333333333335 3.3333333333333335 2.75 2.75

2.2 2.2 1.8333333333333333 1.8333333333333333

2.4 2.4 2.0 2.0

1.8333333333333333 1.8333333333333333 2.6 2.6

2.0 2.0 2.8 2.8

1.8333333333333333 1.8333333333333333 2.6 2.6

1.6666666666666667 1.6666666666666667 2.6 2.6

2.5 2.5 3.25 3.25

2.2 2.2 2.4 2.4

3.0 3.0 3.5 3.5

3.25 3.25 5.0 5.0

2.5 2.5 3.2 3.2

3.2 3.2 4.25 4.25

3.2 3.2 4.25 4.25

3.5 3.5 3.5 3.5

3.5 3.5 3.5 3.5

3.0 3.0 3.0 3.0

2.25 2.25 2.25 2.25

