0.4714045207910317 0.4714045207910317 0.4714045207910317 0.4714045207910317

0.4714045207910317 0.4714045207910317 0.4714045207910317 0.4714045207910317

0.816496580927726 0.816496580927726 0.816496580927726 0.816496580927726

0.5 0.5 0.816496580927726 0.816496580927726

1.0 1.0 0.9428090415820634 0.9428090415820634

0.5 0.5 0.9428090415820634 0.9428090415820634

0.5 0.5 0.9428090415820634 0.9428090415820634

0.5 0.5 0.816496580927726 0.816496580927726

0.5 0.5 0.5 0.5

0.5 0.5 0.5 0.5

0.0 0.0 0.5 0.5

0.0 0.0 0.5 0.5

0.0 0.0 0.0 0.0

0.0 0.0 0.0 0.0

0.5 0.5 0.5 0.5

0.5 0.5 0.0 0.0

0.4714045207910317 0.4714045207910317 0.0 0.0

0.0 0.0 0.0 0.0

0.0 0.0 0.0 0.0

0.0 0.0 0.0 0.0

0.0 0.0 0.0 0.0

0.4714045207910317 0.4714045207910317 0.4714045207910317 0.4714045207910317

0.5 0.5 0.5 0.5

0.4714045207910317 0.4714045207910317 0.4714045207910317 0.4714045207910317

0.4714045207910317 0.4714045207910317 0.4714045207910317 0.4714045207910317

0.816496580927726 0.816496580927726 0.4714045207910317 0.4714045207910317

0.5 0.5 0.0 0.0

0.816496580927726 0.816496580927726 0.4714045207910317 0.4714045207910317

1.0 1.0 0.4714045207910317 0.4714045207910317

0.0 0.0 0.0 0.0

0.0 0.0 0.0 0.0

0.0 0.0 0.0 0.0

0.0 0.0 0.0 0.0

0.8660254037844386 0.8660254037844386 0.8 0.8

0.9428090415820634 0.9428090415820634 0.8660254037844386 0.8660254037844386

0.9428090415820634 0.9428090415820634 1.0 1.0

0.9428090415820634 0.9428090415820634 1.0 1.0

0.0 0.0 0.0 0.0

0.4714045207910317 0.4714045207910317 0.4714045207910317 0.4714045207910317

0.4714045207910317 0.4714045207910317 0.4714045207910317 0.4714045207910317

0.4714045207910317 0.4714045207910317 0.4714045207910317 0.4714045207910317

0.4330127018922193 0.4330127018922193 0.0 0.0

0.0 0.0 0.4714045207910317 0.4714045207910317

0.0 0.0 0.4714045207910317 0.4714045207910317

0.0 0.0 0.4714045207910317 0.4714045207910317

0.0 0.0 0.4714045207910317 0.4714045207910317

0.4714045207910317 0.4714045207910317 0.816496580927726 0.816496580927726

0.0 0.0 0.5 0.5

0.0 0.0 0.0 0.0

0.4714045207910317 0.4714045207910317 0.4714045207910317 0.4714045207910317

0.5 0.5 0.5 0.5

0.4714045207910317 0.4714045207910317 0.4714045207910317 0.4714045207910317

0.4714045207910317 0.4714045207910317 0.4714045207910317 0.4714045207910317

0.4714045207910317 0.4714045207910317 0.4714045207910317 0.4714045207910317

0.0 0.0 0.4714045207910317 0.4714045207910317

0.4714045207910317 0.4714045207910317 0.816496580927726 0.816496580927726

0.4714045207910317 0.4714045207910317 0.816496580927726 0.816496580927726

0.4714045207910317 0.4714045207910317 0.816496580927726 0.816496580927726

0.816496580927726 0.816496580927726 0.4714045207910317 0.4714045207910317

0.5 0.5 0.4330127018922193 0.4330127018922193

0.4714045207910317 0.4714045207910317 0.0 0.0

0.4714045207910317 0.4714045207910317 0.0 0.0

0.4714045207910317 0.4714045207910317 0.0 0.0

0.0 0.0 0.4330127018922193 0.4330127018922193

0.4714045207910317 0.4714045207910317 0.5 0.5

0.0 0.0 0.7071067811865476 0.7071067811865476

0.4714045207910317 0.4714045207910317 0.82915619758885 0.82915619758885

0.4714045207910317 0.4714045207910317 0.82915619758885 0.82915619758885

0.4714045207910317 0.4714045207910317 0.4714045207910317 0.4714045207910317

0.82915619758885 0.82915619758885 0.7071067811865476 0.7071067811865476

0.4714045207910317 0.4714045207910317 0.4714045207910317 0.4714045207910317

0.4714045207910317 0.4714045207910317 0.4714045207910317 0.4714045207910317

0.4714045207910317 0.4714045207910317 0.4714045207910317 0.4714045207910317

0.9428090415820634 0.9428090415820634 0.9428090415820634 0.9428090415820634

0.816496580927726 0.816496580927726 0.816496580927726 0.816496580927726

0.816496580927726 0.816496580927726 0.816496580927726 0.816496580927726

0.5 0.5 0.5 0.5

0.4714045207910317 0.4714045207910317 0.4714045207910317 0.4714045207910317

0.0 0.0 0.0 0.0

0.0 0.0 0.0 0.0

0.4714045207910317 0.4714045207910317 0.0 0.0

0.4714045207910317 0.4714045207910317 0.0 0.0

0.4714045207910317 0.4714045207910317 0.4714045207910317 0.4714045207910317

0.4714045207910317 0.4714045207910317 0.4714045207910317 0.4714045207910317

0.0 0.0 0.5 0.5

0.0 0.0 0.0 0.0

0.4714045207910317 0.4714045207910317 0.5 0.5

0.4714045207910317 0.4714045207910317 0.0 0.0

0.4714045207910317 0.4714045207910317 0.5 0.5

0.0 0.0 0.4714045207910317 0.4714045207910317

0.0 0.0 0.4714045207910317 0.4714045207910317

0.4714045207910317 0.4714045207910317 0.4714045207910317 0.4714045207910317

0.4330127018922193 0.4330127018922193 0.82915619758885 0.82915619758885

0.4714045207910317 0.4714045207910317 0.4714045207910317 0.4714045207910317

0.5 0.5 0.4714045207910317 0.4714045207910317

0.5 0.5 0.4714045207910317 0.4714045207910317

0.0 0.0 0.0 0.0

0.5 0.5 0.4714045207910317 0.4714045207910317

0.5 0.5 0.4714045207910317 0.4714045207910317

0.4714045207910317 0.4714045207910317 0.4714045207910317 0.4714045207910317

0.4714045207910317 0.4714045207910317 0.4330127018922193 0.4330127018922193

0.0 0.0 0.0 0.0

0.0 0.0 0.0 0.0

0.0 0.0 0.0 0.0

0.0 0.0 0.0 0.0

0.4330127018922193 0.4330127018922193 0.4330127018922193 0.4330127018922193

0.4714045207910317 0.4714045207910317 0.4714045207910317 0.4714045207910317

0.4714045207910317 0.4714045207910317 0.4714045207910317 0.4714045207910317

0.5 0.5 0.5 0.5

0.4714045207910317 0.4714045207910317 0.4714045207910317 0.4714045207910317

0.4714045207910317 0.4714045207910317 0.4714045207910317 0.4714045207910317

0.5 0.5 0.5 0.5

0.816496580927726 0.816496580927726 0.816496580927726 0.816496580927726

0.816496580927726 0.816496580927726 0.816496580927726 0.816496580927726

0.816496580927726 0.816496580927726 0.4714045207910317 0.4714045207910317

1.247219128924647 1.247219128924647 0.816496580927726 0.816496580927726

1.118033988749895 1.118033988749895 0.82915619758885 0.82915619758885

1.1661903789690602 1.1661903789690602 1.0 1.0

1.3437096247164249 1.3437096247164249 2.449489742783178 2.449489742783178

1.2583057392117916 1.2583057392117916 2.277608394786075 2.277608394786075

1.5986105077709065 1.5986105077709065 2.6246692913372702 2.6246692913372702

1.674979270186815 1.674979270186815 1.0 1.0

1.7435595774162693 1.7435595774162693 3.7416573867739413 3.7416573867739413

1.6583123951777 1.6583123951777 3.5 3.5

0.82915619758885 0.82915619758885 2.494438257849294 2.494438257849294

1.0 1.0 0.9428090415820634 0.9428090415820634

0.5 0.5 0.816496580927726 0.816496580927726

0.0 0.0 0.4714045207910317 0.4714045207910317

0.5 0.5 0.5 0.5

0.4714045207910317 0.4714045207910317 0.5 0.5

0.4714045207910317 0.4714045207910317 0.5 0.5

0.4714045207910317 0.4714045207910317 0.5 0.5

0.4714045207910317 0.4714045207910317 0.5 0.5

0.4714045207910317 0.4714045207910317 0.4714045207910317 0.4714045207910317

0.0 0.0 0.0 0.0

0.0 0.0 0.0 0.0

0.0 0.0 0.0 0.0

0.0 0.0 0.0 0.0

0.0 0.0 0.0 0.0

0.4714045207910317 0.4714045207910317 0.4714045207910317 0.4714045207910317

0.0 0.0 0.0 0.0

0.0 0.0 0.0 0.0

0.0 0.0 0.0 0.0

0.4714045207910317 0.4714045207910317 0.0 0.0

0.4714045207910317 0.4714045207910317 0.4714045207910317 0.4714045207910317

0.4714045207910317 0.4714045207910317 0.0 0.0

0.5 0.5 0.0 0.0

0.4714045207910317 0.4714045207910317 0.4714045207910317 0.4714045207910317

0.5 0.5 0.5 0.5

0.4714045207910317 0.4714045207910317 0.4714045207910317 0.4714045207910317

0.5 0.5 0.816496580927726 0.816496580927726

0.4714045207910317 0.4714045207910317 0.4714045207910317 0.4714045207910317

0.4714045207910317 0.4714045207910317 0.4714045207910317 0.4714045207910317

0.4714045207910317 0.4714045207910317 0.4714045207910317 0.4714045207910317

0.4714045207910317 0.4714045207910317 0.4714045207910317 0.4714045207910317

0.4714045207910317 0.4714045207910317 0.816496580927726 0.816496580927726

0.0 0.0 0.4714045207910317 0.4714045207910317

0.4714045207910317 0.4714045207910317 0.4714045207910317 0.4714045207910317

0.0 0.0 0.0 0.0

0.4714045207910317 0.4714045207910317 0.4714045207910317 0.4714045207910317

0.4714045207910317 0.4714045207910317 0.4714045207910317 0.4714045207910317

0.4714045207910317 0.4714045207910317 0.4714045207910317 0.4714045207910317

0.9428090415820634 0.9428090415820634 0.9428090415820634 0.9428090415820634

0.4714045207910317 0.4714045207910317 0.4714045207910317 0.4714045207910317

0.816496580927726 0.816496580927726 0.816496580927726 0.816496580927726

0.816496580927726 0.816496580927726 0.816496580927726 0.816496580927726

0.816496580927726 0.816496580927726 0.816496580927726 0.816496580927726

0.816496580927726 0.816496580927726 0.82915619758885 0.82915619758885

0.816496580927726 0.816496580927726 0.9428090415820634 0.9428090415820634

0.816496580927726 0.816496580927726 0.9428090415820634 0.9428090415820634

0.816496580927726 0.816496580927726 0.9428090415820634 0.9428090415820634

0.4714045207910317 0.4714045207910317 0.816496580927726 0.816496580927726

0.5 0.5 0.5 0.5

0.4330127018922193 0.4330127018922193 0.4330127018922193 0.4330127018922193

0.5 0.5 0.5 0.5

0.82915619758885 0.82915619758885 0.82915619758885 0.82915619758885

0.82915619758885 0.82915619758885 1.0 1.0

0.816496580927726 0.816496580927726 0.9428090415820634 0.9428090415820634

0.4714045207910317 0.4714045207910317 0.0 0.0

0.82915619758885 0.82915619758885 1.0 1.0

0.4714045207910317 0.4714045207910317 0.4714045207910317 0.4714045207910317

0.4714045207910317 0.4714045207910317 0.4714045207910317 0.4714045207910317

0.4714045207910317 0.4714045207910317 0.4714045207910317 0.4714045207910317

0.4714045207910317 0.4714045207910317 0.4714045207910317 0.4714045207910317

0.4714045207910317 0.4714045207910317 0.816496580927726 0.816496580927726

0.816496580927726 0.816496580927726 0.4714045207910317 0.4714045207910317

1.0 1.0 0.0 0.0

0.9428090415820634 0.9428090415820634 0.4714045207910317 0.4714045207910317

0.816496580927726 0.816496580927726 0.4714045207910317 0.4714045207910317

0.816496580927726 0.816496580927726 0.4714045207910317 0.4714045207910317

0.5 0.5 0.0 0.0

0.4714045207910317 0.4714045207910317 0.4330127018922193 0.4330127018922193

0.4714045207910317 0.4714045207910317 0.4714045207910317 0.4714045207910317

0.0 0.0 0.4714045207910317 0.4714045207910317

0.0 0.0 0.5 0.5

0.4714045207910317 0.4714045207910317 0.4714045207910317 0.4714045207910317

0.4330127018922193 0.4330127018922193 0.5 0.5

0.4714045207910317 0.4714045207910317 0.5 0.5

0.5 0.5 0.82915619758885 0.82915619758885

0.4330127018922193 0.4330127018922193 0.8660254037844386 0.8660254037844386

0.5 0.5 0.82915619758885 0.82915619758885

0.4714045207910317 0.4714045207910317 0.816496580927726 0.816496580927726

0.5 0.5 0.82915619758885 0.82915619758885

0.4330127018922193 0.4330127018922193 0.4330127018922193 0.4330127018922193

0.5 0.5 0.5 0.5

0.4330127018922193 0.4330127018922193 0.4714045207910317 0.4714045207910317

0.4714045207910317 0.4714045207910317 0.5 0.5

0.816496580927726 0.816496580927726 0.5 0.5

0.9428090415820634 0.9428090415820634 1.0 1.0

0.8660254037844386 0.8660254037844386 0.0 0.0

0.8660254037844386 0.8660254037844386 0.0 0.0

1.0 1.0 0.4714045207910317 0.4714045207910317

0.9428090415820634 0.9428090415820634 0.5 0.5

0.9428090415820634 0.9428090415820634 0.816496580927726 0.816496580927726

0.0 0.0 0.5 0.5

0.5 0.5 0.4714045207910317 0.4714045207910317

0.0 0.0 0.4714045207910317 0.4714045207910317

0.0 0.0 0.4714045207910317 0.4714045207910317

0.4714045207910317 0.4714045207910317 0.4714045207910317 0.4714045207910317

0.4330127018922193 0.4330127018922193 0.4330127018922193 0.4330127018922193

0.4714045207910317 0.4714045207910317 0.0 0.0

0.816496580927726 0.816496580927726 0.4714045207910317 0.4714045207910317

0.816496580927726 0.816496580927726 0.4714045207910317 0.4714045207910317

0.9428090415820634 0.9428090415820634 0.4714045207910317 0.4714045207910317

0.9428090415820634 0.9428090415820634 0.816496580927726 0.816496580927726

0.9428090415820634 0.9428090415820634 0.816496580927726 0.816496580927726

0.0 0.0 0.4714045207910317 0.4714045207910317

0.0 0.0 0.4714045207910317 0.4714045207910317

0.0 0.0 0.4714045207910317 0.4714045207910317

0.0 0.0 0.4714045207910317 0.4714045207910317

0.0 0.0 0.816496580927726 0.816496580927726

0.4714045207910317 0.4714045207910317 0.4714045207910317 0.4714045207910317

0.4330127018922193 0.4330127018922193 0.82915619758885 0.82915619758885

0.4714045207910317 0.4714045207910317 0.4714045207910317 0.4714045207910317

0.4330127018922193 0.4330127018922193 0.7071067811865476 0.7071067811865476

0.4714045207910317 0.4714045207910317 0.4714045207910317 0.4714045207910317

0.0 0.0 0.0 0.0

0.0 0.0 0.4714045207910317 0.4714045207910317

0.4714045207910317 0.4714045207910317 0.0 0.0

0.5 0.5 0.4714045207910317 0.4714045207910317

0.4714045207910317 0.4714045207910317 0.4714045207910317 0.4714045207910317

0.4714045207910317 0.4714045207910317 0.816496580927726 0.816496580927726

0.4714045207910317 0.4714045207910317 0.816496580927726 0.816496580927726

0.4714045207910317 0.4714045207910317 0.9428090415820634 0.9428090415820634

0.4714045207910317 0.4714045207910317 0.4714045207910317 0.4714045207910317

0.9428090415820634 0.9428090415820634 0.9428090415820634 0.9428090415820634

0.9428090415820634 0.9428090415820634 0.9428090415820634 0.9428090415820634

0.816496580927726 0.816496580927726 0.9428090415820634 0.9428090415820634

0.816496580927726 0.816496580927726 0.9428090415820634 0.9428090415820634

0.4714045207910317 0.4714045207910317 0.4714045207910317 0.4714045207910317

0.4714045207910317 0.4714045207910317 0.4714045207910317 0.4714045207910317

0.4714045207910317 0.4714045207910317 0.0 0.0

0.4714045207910317 0.4714045207910317 0.0 0.0

0.4330127018922193 0.4330127018922193 0.4714045207910317 0.4714045207910317

0.4714045207910317 0.4714045207910317 0.4714045207910317 0.4714045207910317

0.4714045207910317 0.4714045207910317 0.4714045207910317 0.4714045207910317

0.5 0.5 0.4330127018922193 0.4330127018922193

0.4330127018922193 0.4330127018922193 0.0 0.0

0.4 0.4 0.4 0.4

0.8660254037844386 0.8660254037844386 0.8660254037844386 0.8660254037844386

0.8660254037844386 0.8660254037844386 0.8660254037844386 0.8660254037844386

0.9428090415820634 0.9428090415820634 0.9428090415820634 0.9428090415820634

0.816496580927726 0.816496580927726 0.816496580927726 0.816496580927726

0.4714045207910317 0.4714045207910317 0.4714045207910317 0.4714045207910317

0.816496580927726 0.816496580927726 0.816496580927726 0.816496580927726

0.816496580927726 0.816496580927726 0.816496580927726 0.816496580927726

0.816496580927726 0.816496580927726 0.4714045207910317 0.4714045207910317

0.9428090415820634 0.9428090415820634 0.816496580927726 0.816496580927726

0.816496580927726 0.816496580927726 0.4714045207910317 0.4714045207910317

0.4714045207910317 0.4714045207910317 0.0 0.0

0.5 0.5 0.4714045207910317 0.4714045207910317

0.816496580927726 0.816496580927726 0.4714045207910317 0.4714045207910317

0.8660254037844386 0.8660254037844386 0.82915619758885 0.82915619758885

0.816496580927726 0.816496580927726 0.4714045207910317 0.4714045207910317

0.4714045207910317 0.4714045207910317 0.4714045207910317 0.4714045207910317

0.4714045207910317 0.4714045207910317 0.4714045207910317 0.4714045207910317

0.4714045207910317 0.4714045207910317 0.4714045207910317 0.4714045207910317

0.4714045207910317 0.4714045207910317 0.0 0.0

0.816496580927726 0.816496580927726 0.4714045207910317 0.4714045207910317

