12 16352 12 8907

12 16352 12 8907

12 16352 8 6682

8 7769 8 6682

8 7769 8 6682

7 7769 8 3011

7 8324 8 3011

34 23524 78 96577

117 74553 2032 2841174

117 74553 2032 2841174

117 74553 2032 2841174

117 74553 2032 2841174

117 74553 2032 2841174

28 25044 112 128767

20 25044 8 5636

20 25044 8 5002

20 25044 7 6567

20 25044 7 6567

20 23572 7 6567

20 23572 12 9205

20 23572 12 9205

20 23572 12 9205

20 23572 24 23809

20 20567 24 23809

20 20567 24 23809

20 20567 24 23809

35 20567 141 178206

35 18749 141 178206

122 114447 2211 2742471

122 114447 2211 2742471

122 114447 2211 2742471

122 114447 2211 2742471

122 114447 2211 2742471

49 44101 405 486700

17 20892 9 4461

17 20892 9 3963

8 7309 9 3674

8 7309 9 3674

9 8782 10 6688

9 8782 10 6688

9 8782 10 6688

9 8782 10 6688

9 8968 10 6688

14 19645 4 2176

14 19645 9 3955

14 19645 9 3955

14 19645 9 5263

14 19645 9 5263

7 6811 9 5263

6 6306 6 5263

6 6306 6 5263

6 6306 7 3106

6 6212 7 3106

6 5604 7 2945

6 7558 7 2945

12 11681 16 14249

12 11681 16 14249

12 13472 16 14249

12 13472 16 14249

12 13472 16 14249

11 13472 7 4314

11 13472 7 4314

9 11874 6 3568

7 6739 6 2058

11 9723 12 11572

11 9723 12 11572

11 10715 12 11572

12 10715 49 62385

12 10916 49 62385

12 10916 49 62385

12 10916 49 62385

12 10916 49 62385

10 10916 7 5082

28 34358 14 12606

28 34358 14 12606

28 34358 14 12606

28 34358 14 12606

28 34358 14 12606

7 8692 10 3368

6 6053 10 3368

6 6496 16 9126

6 6496 16 9126

6 6496 16 9126

6 6690 16 9126

11 9140 16 9126

11 10752 6 5242

11 10752 6 5242

11 10752 6 3864

32 38847 6 3864

32 38847 4 1817

32 38847 6 3362

32 38847 14 8260

32 38847 14 8260

14 16014 14 8260

14 16014 14 8260

14 16014 14 8260

14 16014 9 5489

125 92251 2649 3320622

125 92251 2649 3320622

125 92251 2649 3320622

125 92251 2649 3320622

125 92251 2649 3320622

78 70726 852 1036386

117 160565 203 219182

117 160565 203 219182

117 160565 203 219182

117 160565 203 219182

117 160565 11 10902

29 34090 10 10902

8 7909 10 10902

9 8587 11 11208

9 8964 11 11208

9 8964 11 11208

9 9603 11 11208

9 9603 11 11208

8 9603 5 2419

8 9603 8 9071

8 9603 8 9071

6 5131 8 9071

5 4351 8 9071

5 4351 8 9071

5 5497 7 7849

17 22932 7 7849

17 22932 7 7849

17 22932 5 2039

17 22932 17 11115

17 22932 17 11115

11 8437 17 11115

11 8437 17 11115

11 8437 17 11115

5 5288 8 10301

5 5288 8 10301

9 9712 11 10301

9 9712 11 6943

9 9712 11 6943

9 9712 11 6943

12 12886 11 6943

19 25191 7 5662

19 25191 7 5472

19 25191 7 5472

19 25191 12 5472

19 25191 12 5201

11 11761 12 6466

11 11761 12 6466

11 11761 12 6466

8 8042 7 6466

8 8042 7 6466

6 6904 7 5656

6 6904 7 5656

6 6536 7 5656

6 6750 6 2184

8 8058 9 6411

8 8058 9 6411

21 26424 9 6411

21 26424 9 6411

21 26424 9 6411

21 26424 9 5279

21 26424 9 5279

8 8586 9 5279

8 7492 9 3617

8 8094 9 6474

8 8094 9 6474

8 8094 9 6474

16 18069 9 6474

16 18069 9 6474

16 18069 7 5858

16 18069 7 5858

16 18069 7 5858

11 10800 7 5858

26 34750 8 5280

26 34750 8 5280

26 34750 8 5280

26 34750 8 5280

26 34750 11 7126

10 11187 11 7126

8 6379 11 7126

8 6824 11 7126

8 6824 11 7126

7 6824 8 6045

7 6824 8 6045

7 7613 8 6045

7 7613 9 6045

9 10244 9 6497

9 10244 9 6497

20 28040 9 6497

20 28040 9 6497

20 28040 7 6497

20 28040 6 2059

20 28040 7 6200

10 12984 7 6200

10 12984 11 8100

10 12984 11 8100

10 9475 11 8100

10 9475 11 8100

10 9475 11 8100

7 7868 5 1897

16 16635 11 7079

16 16635 11 7079

16 16635 11 7079

21 26788 11 8507

21 26788 11 8507

21 26788 9 8507

21 26788 9 8507

21 26788 9 8507

17 20300 8 5992

7 7293 8 5992

7 7293 8 5992

7 7293 8 4698

7 6831 8 5949

7 6831 7 5949

7 6831 10 5949

7 6831 10 5949

7 6831 10 5949

7 6308 10 5232

18 22179 10 5272

18 22179 6 5272

18 22179 6 5272

18 22179 8 6046

18 22179 8 6046

7 6155 8 6046

7 6127 9 6046

7 6127 9 6046

7 6116 9 3341

8 7994 9 6433

8 7994 9 6433

8 7994 9 6433

8 7994 9 6433

8 7994 9 6433

6 5839 7 5289

18 22741 7 5289

18 22741 7 5289

18 22741 7 2658

18 22741 8 6229

18 22741 8 6229

7 7412 8 6229

9 9140 9 6520

9 9140 9 6520

9 9140 9 6520

9 9140 9 6520

9 9140 9 6520

6 6680 5 1929

6 6680 6 5260

7 8194 6 5260

7 8194 6 5260

21 25256 13 8483

21 25256 13 8483

21 25256 13 8483

21 25256 13 8483

21 25256 13 8483

7 7835 5 1926

8 7835 7 5592

8 7835 7 5592

8 7835 8 5592

8 7835 11 5610

8 7450 11 5610

7 6815 11 5610

7 6815 11 5610

7 6815 11 5610

6 6931 10 5173

11 10787 10 6573

32 43803 10 6573

32 43803 10 6573

32 43803 9 6573

32 43803 9 6573

32 43803 7 5601

8 8164 7 5601

8 8164 7 5601

6 6491 3 1448

15 13504 11 4324

15 13504 11 6320

15 13504 11 6320

15 13504 11 6448

15 13504 11 6448

8 8785 9 6448

8 8785 9 6448

21 26729 9 6448

21 26729 6 2200

21 26729 6 2200

21 26729 8 6004

