3.1220986531498327 3748.4107152231863 3.047950130825635 2208.807961322125

3.096368841078207 3711.676581748469 2.993325909419153 2210.5057402096922

3.080584360149873 3744.6079180603138 1.8241436346954698 1408.9638604307777

2.405722344743882 2445.760419072154 1.8193405398660252 1414.7519358530667

2.3339880033967613 2277.9639653646846 2.286372673034735 1481.4578723338711

2.132486811213612 2227.322986793788 2.2561028345356955 905.5703989751431

2.118372016431486 2299.8137593074794 2.108909670896314 848.8628790917883

7.224264668462805 5152.297350454455 16.727522231340778 20888.128073800675

30.898665019705945 22038.69043041124 491.72226917234485 688949.431209902

30.68289425722417 21956.56449874388 489.0700870018529 685634.4341612444

30.392268753747224 21630.765707436247 489.00524281443023 685535.4376229284

30.253718779680625 21551.33055399365 488.87989066845444 685462.8729062867

30.10560579028431 21441.672253523044 490.05922856324213 687061.7073408964

7.839642849007856 7573.839040407448 27.124297225919047 31634.164703489485

4.433959855479073 5494.918063765828 1.9261360284258222 1580.3274810937128

4.5329350315220704 5595.726739888215 1.7776388834631176 1227.1715395575307

4.403123891057348 5414.78423831458 1.7168284713389397 1523.7759054401668

4.484417464955732 5470.061716973584 1.7578395831246945 1555.226037429929

4.499722213648305 5208.210824265853 2.33238075793812 2106.5053115290266

4.852576635149619 5563.473205651305 3.0983866769659336 2617.7304535608705

4.769433928675394 5462.415825209575 3.533765696816924 2697.6409189326887

4.675467891024383 5440.963057216984 3.456515586540873 2545.067796248265

5.517925334761245 6234.5959810961285 5.571355310873647 5323.644947542989

4.777813307361433 5112.73704071508 5.697367813297646 5356.932551376767

4.684015371452148 5016.12263506386 5.668112560632507 5389.720137446842

4.763402145525822 5160.7957281314675 5.4580216195980755 5365.885539917899

8.272847151978574 6000.837470720233 30.502909697273143 38692.53855900386

8.189017035029298 5662.155066756826 30.28299853052864 38532.332496099945

26.880987705067685 24626.19859133764 543.3866280099281 677020.2371066079

27.734274823762743 25404.58383717395 543.3201887469304 676816.7173340559

27.819237947866224 25520.60774531045 543.227061181602 676761.6323442453

27.39064621362556 25401.57645752523 544.7835349934871 678772.2399768919

27.631503759296198 25622.35803278067 545.0690414984142 679037.4647897475

11.428473213863695 10558.034641447242 87.57423993389837 105632.70644663043

3.7 4478.85900062728 2.6907248094147422 1367.1773696196115

3.806244868633651 4593.371697076125 2.5865034312755126 1190.1232457186945

2.1971572542719833 2190.5840203014354 2.4899799195977463 1020.1236395653225

2.258317958127243 2289.1015109645095 2.519424537468824 1036.2106675285677

2.67348087705897 2650.6239190047313 2.63581107061944 1557.2028087246697

2.654712790491657 2628.774590469864 2.654712790491657 1571.9549699339357

2.654712790491657 2656.7044223059515 2.650943228362313 1572.355948091907

2.4166091947189146 2484.504137650006 2.336664289109584 1477.8154181087702

2.71062723368596 2831.925553400018 2.2863726730347347 1461.4518628747237

3.418698582794336 4455.960178233194 1.466287829861518 735.5791187900863

3.4698703145794947 4469.475381965986 2.1418449990603894 987.413159472771

3.439113257803528 4433.9262048437395 2.1354156504062622 979.6268218051198

3.374537005279391 4361.902397750321 2.2561028345356955 1349.2815078774333

3.2011716605018226 4208.847722061229 2.2555487137279924 1341.6588090867215

2.2197972880423116 2335.876696232059 2.33238075793812 1379.2866444289236

2.130727575266252 2276.696889684703 1.8439088914585775 1257.1512985714965

2.011839953873071 2138.8302036393634 1.710993863226867 1207.297991384066

2.2715633383201097 2364.3727899804635 1.9235384061671346 905.0618431908397

2.147091055358389 2185.95146961226 1.8834808201837363 890.8986179695196

1.9358460682605938 1921.6762188256375 1.8781639970992947 762.5652414711806

2.085665361461421 2214.056076525615 1.9563997546513852 797.1870843785666

2.95423424934449 2946.011683615664 3.641428291206625 3033.7935406846655

2.930443652418521 3042.036211158572 3.4942810419312296 3007.20735691771

3.9102429592034307 4196.41915774628 3.713152299596665 3056.106043235411

3.967366884975475 4386.261848088871 3.7536648758246924 3101.824342221848

4.001249804748512 4376.5094981617485 3.758656674930554 3100.6168978930623

3.525265947414464 3948.6188674016134 2.3579652245103193 1201.4254564890823

3.5899164335677787 4005.7352817553983 2.4166091947189146 1221.6855272532289

2.654712790491657 3012.640169353121 1.96468827043885 932.409534485786

2.353720459187964 2305.2502922676313 1.8138357147217055 736.1497809549359

2.896118091514916 2745.7441518648457 2.819574435974337 2461.548260749726

2.8124722220850464 2744.353548652214 2.808914381037628 2490.6174836774917

3.0919249667480613 3183.7836653108197 3.0211752680041593 2519.7203470821914

3.8026306683663087 3640.074125618873 13.105247040784846 16486.929963686387

4.011234224026316 3954.684392906721 12.982584488459914 16401.407235661216

3.653765181289022 3711.9754912310505 12.989515002493357 16443.956779315617

3.8223029707232787 3953.1527984002837 12.967266481413883 16430.5371770828

3.6369630187836663 3631.187966767901 13.0033649491199 16461.527523592707

2.8718460961548757 3225.6277978092885 2.1213203435596424 1204.7471052050716

6.085022596506935 7423.792971756418 3.455430508634199 3087.263730231028

6.073508047249135 7418.268479065717 3.4146742157927745 3054.626198080544

6.048966853934646 7386.516204544602 3.3391615714128 3062.708774924577

5.89406481131655 7203.89184330248 3.499642838919423 3026.18548464895

5.970552738231194 7284.9948337318665 3.8288379438153295 3063.375734381925

2.1656407827707715 2469.278385986481 2.9811910371527683 1054.8658812853887

1.8781639970992947 1976.3460596514974 3.0724582991474434 1061.6616033369578

1.9621416870348585 1984.9440445513824 4.249705872175156 2070.9107803089923

1.8275666882497061 1937.7862594981934 4.012480529547776 2017.8473207851976

1.8734993995195197 1942.1552692820414 3.8245914814526274 2164.6934534709526

1.9563997546513852 2040.064854361253 3.4420197558991434 2112.640027903476

2.5860201081971503 2366.461152755312 3.4420197558991443 2151.43081401657

2.7294688127912363 2705.315094402129 1.5321553446044562 1205.7148864885098

2.882707061079915 2889.5259451162574 1.7058722109231983 1251.9417558337127

3.007906248539006 3046.506006476928 1.5256146302392357 858.6816916063832

6.966168243733423 8292.675723040182 1.620956507744733 889.6203277241366

6.876772498781677 8322.63837313625 1.3883443376914821 646.95946356785

6.784357007115707 8217.143282643916 1.661324772583615 840.3803365143666

6.850364953781659 8229.756925328962 3.1559467676119 1842.5453888574903

7.1442284397966995 8595.824261814572 3.653423052426313 2097.010274176071

3.48532638356869 3913.7596195985266 3.713152299596665 2175.3607608854218

3.3015148038438356 3789.047430093743 3.6942522924131747 2154.5301668809375

3.448187929913334 3888.0371638527326 3.6452023263462343 2124.7262476610954

3.277193921634788 3826.5837191939236 2.6476404589747453 1474.74087893433

29.234354790212144 20848.466540971305 633.7551952449778 792083.6007107836

31.55693267730563 23969.08385212084 646.6764473057605 807059.247380581

31.39948247981167 23888.1116685162 646.4072458597599 806889.383513868

31.034295545412334 23540.882872143942 645.9304064680653 806582.594297154

31.00790221862807 23498.70167498622 645.8717268157819 806569.4383782387

20.99785703351654 19289.541714294297 187.294393936391 227614.3087497961

28.529765158514714 36087.598233292 47.416136493814 52929.19185373984

28.573764190249765 36095.58872092267 47.49673673001126 52949.12755286908

29.021156076214467 36559.21894597859 47.84516694505307 53173.418986628094

28.8968423880534 36423.2569373951 47.795684951677394 53143.44722209407

25.116677726164344 34468.45385580851 3.411744421846396 3039.508494395105

6.171507109288622 7301.366510969026 2.785677655436824 2629.8626561096303

2.537715508089904 2725.658313141983 2.6438608132804573 2333.4792028214006

2.7459060435491964 2843.711054238809 3.1160872901765764 3120.196219791313

2.7472713735632306 2944.8224441381863 3.089902911096075 3111.8744287004893

2.7834331319433563 3035.259084493448 2.9 2447.331503393032

3.007906248539007 3269.240789541205 2.6921181251943604 2390.8571768301003

3.0182776545573136 3201.713201943609 2.7363296585024255 2417.295511516951

2.8653097563788803 3154.4968552845316 1.9098429254784284 860.0320866107264

2.662705391138869 2818.8439811383673 2.3932195887548637 2015.7102693591655

2.619160170741759 2774.4475175248854 2.41816045786875 2026.5170761678771

1.7320508075688772 1507.1707691897423 2.127792283095321 1996.077819124294

1.6209565077447325 1418.3787258697869 2.5194245374688253 2550.65659977975

1.6271140095272982 1440.7412189564095 2.5194245374688253 2550.6565997797497

1.499166435056495 1634.2288058897996 1.5644487847162016 1711.9608428641113

3.9230090491866068 5169.462790996759 1.9748417658131499 1753.2926139124638

3.9175885439897846 5152.496335758038 2.051828452868319 1745.5016836141974

3.7878093933037333 5060.601712000263 1.6155494421403511 666.5981248098437

3.924283374069717 4908.461321025155 3.653765181289022 2349.1293259418476

3.968311983702894 4898.811030239889 3.625948151863178 2340.1252375674258

2.4576411454889016 2262.7069629096914 3.556683848755748 2323.544611149095

2.3973944189473704 2141.0618160155955 3.6592348927063973 3023.0414961591246

2.535251466817443 2160.728814543834 3.6779749863205975 3026.5504274668874

1.7635192088548397 1811.4573939234672 1.760681686165901 2140.655145043218

1.8 1777.3165411653604 1.7741194999210173 2140.7496648370634

2.286372673034735 2286.5829746589125 2.8000000000000003 2493.7119540957415

2.5768197453450257 2577.0854055502314 2.8124722220850464 1817.3658815714573

2.5495097567963922 2669.3811506602055 2.7654113618049663 1791.1811996556908

2.7404379212089442 2882.1622659905875 3.004579837514723 1846.4530294594554

3.2155870381627056 3410.7525914378484 3.0244834269673224 1997.4252401529325

4.703987670051868 5823.014462243762 2.3339880033967613 1592.9502652311528

4.635730794599704 5790.010012728821 2.1041625412500817 1245.7970942332463

4.726520919238589 5877.8878117483655 2.127792283095321 1262.2409793696288

4.964876634922564 6035.841626484247 2.8478061731796287 1510.840444090639

4.829855070289376 5958.144152334683 2.8722813232690143 1290.5349123522385

3.1764760348537187 3349.772404208978 2.9 1712.5103174871676

3.1559467676119 3336.0510558892834 2.878801834096956 1704.021111224858

3.0724582991474434 3289.337855480948 2.8155816450602176 1678.8608072142254

2.4181604578687494 2713.179806057829 2.1277922830953213 1748.5679705118703

2.193171219946131 2394.2075724548195 1.8567444627627143 1650.97522316357

1.9868316486305528 2272.940502410919 1.7578395831246945 1215.859527248111

1.8466185312619388 2099.4158449435404 1.8814887722226776 1206.8606578640301

2.0223748416156684 2191.2027154054003 2.0463381929681126 1254.8914893328426

1.8020821290940099 1950.7354324715589 1.6733200530681511 648.445870909824

2.1742814905158903 2255.815681189401 2.2863726730347356 1397.7229661130991

2.3021728866442674 2434.043138483786 2.286372673034735 1397.1474725310857

4.55411901469428 5624.540737695834 2.1041625412500813 1373.2307926929107

4.701063709417263 5757.084526042674 2.246664193866097 1671.2813310451356

4.659399102888698 5723.706577909108 2.2605309110914633 1652.5374572154183

4.774934554525329 5826.16561728209 2.312466215969436 1310.6723951850058

4.7315430886762515 5766.8330815101635 2.277608394786075 1293.120585057712

2.878801834096956 3086.136834296237 2.336664289109584 1313.9517913530922

2.5743931323712 2717.6214213904045 2.2242976419535223 899.753293964518

2.7617928959282954 2888.621728004551 2.6509432283623124 1519.0167741009313

2.5391927851189244 2791.04602747787 2.181742422927143 1405.898609430993

2.3973944189473704 2674.076929989113 2.2466641938660974 1416.4396377890587

3.853245385386194 4357.82016723958 2.4062418831031924 1445.0712404584074

3.8661996844446613 4416.431488204023 2.5377155080899043 1755.8509304607835

4.127953488110059 4607.779068868211 2.1324868112136124 1310.9714060573556

4.127953488110059 4609.279400025562 2.132486811213612 1310.9099234882615

4.104570623098108 4552.0467536592805 2.1277922830953213 1303.7345003872529

3.1380726569026405 3396.8594480784745 1.9646882704388502 1281.653637883496

5.739337940912696 7453.079725187435 2.2197972880423116 1258.87517649686

5.6769269856146645 7431.434322524824 2.2197972880423116 1260.2269428559284

5.629165124598851 7380.096726330894 2.247220505424423 1255.063156777379

5.752173502251127 7527.4631483654575 2.2242976419535223 1259.6953758746597

5.696270709859213 7415.830981757877 2.836811590500857 1784.1449569751892

2.9681644159311653 3109.7724237474354 2.558808316384797 1528.8756089034844

2.3979157616563596 2354.378760416429 2.590366769397723 1539.748111705288

2.5219040425836985 2610.9064762070666 2.554897258208243 1539.8180704226065

2.4181604578687494 2527.1922735518165 2.5154522456210535 1527.1146289653568

2.4181604578687494 2660.467426506102 2.080264406271472 1341.185463498617

2.446936860648431 2644.6931372089275 2.1213203435596424 1356.3114787909155

2.5391927851189244 2825.9901711612515 2.095232683975696 1359.2422254697651

2.4550967394381837 2622.3694528994197 2.5514701644346145 1435.7439674259474

2.7617928959282954 2986.371920910053 2.885740806101615 1873.2880958357684

2.487971060924946 2735.168859503924 2.6153393661244038 1542.4191218666865

4.315958757912314 5934.255810756727 2.5573423705088847 1506.7463124228975

4.465422712353221 6069.767432941727 2.654712790491657 1537.1607422452605

4.319722213291035 5930.038668507989 2.0832666655999654 1414.4757288479714

4.561797891182817 6236.011989043958 1.7776388834631178 641.1171714281251

4.592385001282013 6247.3429734167785 2.08806130178211 1359.2315659960227

2.688401011754013 3172.2891797564735 2.094636006565341 1359.822976530401

2.8530685235374214 3183.722875424304 2.7726341266023544 2035.6976562102732

2.9410882339705484 3280.8979910231897 2.847806173179629 2055.836308537234

2.4550967394381833 2498.0266266595313 2.688401011754013 2017.8713357149409

2.1880356487041066 2242.547691243154 2.5199206336708304 1706.0740488032754

2.268810260907686 2293.7254298411567 2.4954959426935557 1718.0470133264691

1.6881943016134133 1922.5886741578395 1.4991664350564948 580.5708828386074

3.449637662132068 3633.2927142607155 2.5019992006393608 1509.3298314152544

3.4967842369811724 3765.686769700847 2.4979991993593593 1497.2479245268637

3.677974986320598 3965.4632323979504 2.5470571253900056 1514.6783651983678

5.454126877878805 6506.360202717031 2.896118091514916 2207.754109949747

6.212084996198941 7420.236879473593 3.006659275674582 2276.426352860992

5.607807058021879 6914.277817675537 2.4186773244895647 1880.832987667964

5.647123161398199 6942.564085948361 2.5317977802344322 2175.138055388669

5.544366510251645 6838.11662594314 2.3958297101421877 2122.986464276209

3.9175885439897846 4578.198817220587 2.353720459187964 1471.4249182340225

2.244994432064365 2389.8500078456805 2.147091055358389 1576.8714405429505

2.238302928559939 2345.3943991363158 1.9364916731037085 1548.8677243392995

2.3553131426627756 2468.7214686958914 1.8681541692269403 1184.8787902144252

2.3043437243605824 2256.109939697088 2.1540659228538015 1556.0131747514222

2.178875856950093 2199.015168205986 1.841195263952197 1561.3077563376157

2.1330729007701543 2163.3619068477656 2.511971337416094 1577.1725682372235

1.9868316486305528 1962.1842898922619 2.5937424698685874 1604.757965395405

2.1324868112136124 2057.947154326369 2.5937424698685874 1572.1342014917177

2.03654118544163 1955.596586722323 2.471841418861655 1195.2394571800246

3.7696153649941526 4563.215130530228 2.406241883103193 1448.3534616936572

3.793085815006035 4587.437655162193 1.8567444627627143 1159.6185267147125

3.7536648758246924 4538.125109557912 1.909842925478428 1173.2247056723618

3.7851684242580284 4546.004873512566 2.0609463845524947 1560.0354675455299

3.8765319552404054 4629.260907531569 2.085065946199304 1562.0658788924368

2.2338307903688674 2260.2565761435135 2.046948949045872 1323.1310365946374

2.3021728866442674 2171.2441013161097 2.477902338672773 1398.6643950569414

2.414021540914662 2305.8431923051485 2.5019992006393608 1415.3213018604645

2.130727575266252 2181.011666635463 2.142428528562855 825.7482591565059

2.2671568097509267 2319.9632626401653 2.6129485260907837 1478.8758864421316

2.202271554554524 2235.6762125808827 2.5860201081971503 1468.6670351036005

1.9874606914351791 2146.689232283052 2.0976176963403033 1371.3457769650947

1.883480820183736 1932.0735046835046 2.1742814905158903 1632.342580465265

1.9467922333931786 1968.7422863340948 2.2466641938660974 1643.4730382637863

1.6733200530681511 1687.149000533148 2.011839953873071 1201.183878513194

3.5763109484495335 4488.116449024023 2.0591260281974 1214.247185502194

3.721222917267924 4619.981972637989 2.3685438564654024 1283.712054940671

3.789459064299283 4709.114645822503 2.333988003396761 909.8871070083366

3.9022429447690716 4807.117172484981 2.669737814842499 1473.753239182191

3.854867053479276 4772.215774669037 2.418160457868749 1419.8462029388957

2.193171219946131 2311.8296969067596 2.405722344743882 1426.014459954737

2.495495942693556 2622.6966256126534 2.5573423705088847 1815.4647862186698

2.3895606290697042 2540.6228842549613 2.5573423705088847 1797.6545413399094

2.329699551444349 2522.420136991457 2.1418449990603894 1387.209193849291

2.4617067250182343 2635.1315033599367 2.178875856950093 1400.353250969197

2.420743687382041 2592.1645858239785 2.1511624764298958 1382.9850722260167

2.085665361461421 2243.7244126674736 1.6911534525287764 662.4038250946321

2.219797288042311 2344.357892366266 1.760681686165901 1156.8959017560742

2.2825424421026654 2454.7186417184357 1.7860571099491753 1159.059420392242

2.242208732477866 2444.652721246926 1.8241436346954698 1292.1917659542642

4.667708217101836 5425.592368350207 2.8718460961548757 2024.6194432534721

4.735768153108849 5495.765793772512 2.9 2052.4092495162845

4.714604967545001 5479.543990835368 2.8013389655662873 1857.2120880502584

4.716725559114077 5451.3954901474535 2.8857408061016163 1890.0201658977082

4.702127178203498 5450.000004357798 2.8332843133014376 1794.9008740039105

2.021756661915573 2224.771792229486 1.5898113095584643 639.8159794034532

2.26439837484485 2352.4407303904595 1.9209372712298547 1234.3771870866701

2.17428149051589 2240.079870785861 1.9868316486305528 1253.1945738790926

2.4181604578687494 2379.665031049538 2.3510635891017495 1338.3543803866

2.692118125194361 2657.3601350776676 2.971110903349116 1777.9939398096947

2.554897258208243 2450.651486849976 2.9576172842340505 1783.6439800307685

2.244994432064365 2238.8227905531066 2.7290108097990378 1493.1537964992087

2.384848003542364 2413.6382760264637 2.7977669667075564 1505.6144958122582

2.1324868112136124 2278.303804917158 2.908607914449797 1633.3646707027797

2.009975124224178 2271.8744788169965 2.3473389188611002 1134.1116997456643

2.701851217221259 2864.007959136986 2.7472713735632306 1664.0156512184612

6.829348431585549 9252.411901093681 2.8155816450602176 1672.1142454987937

6.828433202426455 9256.259614309658 2.688401011754013 1646.639136999968

6.94334213473598 9347.710347860593 2.368543856465402 1719.3839565379221

6.822572828486334 9235.917623468715 2.224297641953522 1668.0374726006607

6.781592733274389 9266.15607520184 1.7888543819998317 1197.9165194202808

2.179449471770337 2218.148788404421 1.6733200530681511 1182.0792475549174

2.3296995514443486 2377.984924258352 1.7399712641305316 1209.6352962773533

1.9519221295943134 1993.5428914372521 1.2409673645990857 550.83408572818

3.426368339802363 3125.379533352709 2.4550967394381837 989.0122142825134

3.295451410656816 3002.3075337979617 2.7617928959282954 1547.5998021129365

3.2136427928442823 2911.8396843748105 2.754541704167864 1541.649845944273

3.48245602987317 3197.819958581158 3.1999999999999997 1966.2691041665682

3.470950878361721 3228.403510638037 3.168595903550972 1944.3103635993923

2.374868417407584 2514.0389868695356 2.5194245374688244 1831.9915965964472

2.4387496796514396 2579.3759414827455 2.1656407827707715 1397.080262547575

4.748684028233506 5885.781871595311 2.1041625412500813 1382.065211015747

4.521061822182927 5702.011784449414 1.6 621.8833813505552

4.508602887813473 5684.970638446605 1.5124483462254175 583.3268787738141

4.607331114647612 5745.546823410284 2.071231517720798 1310.4390209010107

