3.95 4231.9 3.1 1608.3

3.75 4061.55 2.8 1528.15

3.1 3388.2 1.85 970.2

2.75 2886.85 1.7 917.6

2.95 3024.35 2.15 1104.65

2.45 2628.75 1.9 833.45

2.75 3017.65 2.05 897.75

4.1 3812.25 5.7 5608.85

17.15 13191.25 201.1 277582.05

19.4 15222.25 209.5 287640.7

19.9 15754.9 209.65 287878.8

20.25 16054.55 209.95 288053.6

19.05 15385.15 206.45 283397.75

6.8 7074.3 11.15 11491.75

4.2 4778.65 2.3 1354.55

4.05 4653.55 2.2 1145.75

3.75 4277.55 2.05 1204.3

3.7 4214.75 1.9 1165.85

4.05 4389.9 2.6 1827.65

4.55 4852.3 3.0 2070.35

4.95 5091.05 3.75 2452.65

4.8 5046.9 3.45 2161.75

6.05 6435.55 4.6 3324.85

4.65 4924.45 3.8 2583.2

4.4 4722.1 3.85 2639.8

4.1 4607.55 3.1 2290.65

5.4 4972.5 10.15 11166.4

5.2 4583.0 9.8 10730.1

13.75 12470.8 185.15 229496.75

16.9 15146.6 206.35 254568.95

16.7 14834.1 206.6 254716.95

16.05 15253.65 200.0 246107.05

15.0 14250.2 199.2 245361.25

6.3 6188.1 24.05 26662.4

3.1 3458.95 2.6 1231.2

2.75 3098.95 2.1 948.6

2.15 2273.5 2.0 832.4

2.0 2153.15 1.95 811.95

2.45 2595.2 2.05 1002.75

2.45 2551.95 2.05 1042.15

2.55 2686.25 2.15 1087.85

2.4 2535.7 1.8 923.7

2.95 3118.6 1.85 961.05

3.25 3688.3 1.5 713.4

3.6 4089.1 1.75 793.45

3.65 4141.9 1.8 811.3

3.75 4283.15 2.1 1056.75

3.55 4119.95 2.25 1118.8

3.15 3454.6 2.4 1184.05

2.6 2827.85 2.0 1043.75

3.05 3298.4 2.15 1102.4

2.8 2960.9 2.0 906.6

2.7 2699.35 1.95 872.45

2.45 2366.9 2.15 899.95

2.5 2499.3 2.15 901.55

2.65 2570.6 2.8 1575.45

2.75 2782.3 2.7 1578.25

3.9 4141.45 3.25 1861.55

4.4 4902.0 3.1 1877.5

4.3 4687.25 3.15 1879.45

4.35 4755.8 2.8 1314.15

4.25 4634.55 2.6 1185.35

3.05 3293.9 2.2 955.4

2.6 2656.3 1.9 777.0

3.25 3318.95 2.5 1373.4

2.7 2826.0 2.1 1226.5

2.8 2961.65 2.35 1333.35

3.8 3924.4 6.45 6755.65

4.1 4180.95 6.95 7062.7

3.5 3603.55 6.35 6445.2

3.7 3804.55 6.5 6492.65

3.35 3379.5 6.25 6381.7

2.55 2735.1 2.0 931.75

3.65 4131.75 2.6 1649.4

4.25 4925.15 2.8 1833.3

3.9 4584.4 2.5 1746.4

4.4 5071.9 3.05 1963.25

4.05 4671.35 3.2 1964.1

2.9 3298.45 2.75 1189.85

2.15 2350.55 2.4 956.2

2.5 2661.2 3.2 1382.8

2.4 2624.75 3.0 1297.3

2.7 2889.9 2.85 1400.05

2.85 3021.3 2.55 1300.25

3.25 3346.25 2.95 1505.95

3.5 3706.2 2.45 1223.25

3.3 3508.25 2.3 1171.8

3.45 3733.05 2.15 1009.45

4.65 5251.95 2.15 1010.35

4.1 4782.1 1.65 757.45

3.85 4454.15 1.8 812.3

4.35 4954.5 2.2 1108.7

4.6 5143.6 3.05 1505.9

3.45 3769.2 3.25 1672.4

4.0 4526.65 3.45 1742.6

4.1 4591.75 3.25 1663.35

3.6 4011.8 2.7 1325.2

13.95 11242.7 210.55 260696.8

17.4 14374.3 253.15 312604.7

17.85 14653.75 253.85 313048.1

18.85 15686.0 255.1 313854.35

18.9 15760.3 255.25 313888.25

12.7 12399.55 62.1 71304.45

14.95 17080.45 19.9 19681.9

16.2 18734.3 19.6 19612.7

14.85 17331.6 18.2 18718.15

15.15 17677.15 18.35 18807.95

10.95 13695.3 3.4 2182.25

5.25 5625.35 3.2 1910.1

3.4 3387.4 2.9 1625.1

3.6 3562.8 3.3 2099.5

3.95 4017.65 3.45 2156.2

3.05 3179.7 2.7 1519.75

3.45 3827.4 2.55 1480.4

3.3 3601.65 2.25 1316.1

2.7 3014.7 1.55 696.9

2.1 2158.9 1.65 998.1

2.2 2243.35 1.55 937.2

1.0 918.65 0.85 606.2

0.85 748.3 1.05 948.9

0.95 857.8 1.05 948.9

0.95 979.1 0.45 438.85

2.1 2484.55 1.0 676.1

2.55 2989.1 1.3 786.35

3.05 3606.25 1.3 533.8

4.0 4472.6 2.5 1254.1

3.95 4517.7 2.55 1269.65

3.4 3643.0 2.5 1232.8

3.45 3628.0 2.9 1748.75

3.15 3207.3 2.85 1735.1

2.7 2952.9 2.0 1170.5

2.6 2746.25 2.05 1194.15

2.65 2742.0 2.6 1526.7

2.6 2696.25 2.3 1201.55

3.0 3236.15 2.55 1309.9

2.7 2851.65 2.65 1329.9

3.6 3798.6 3.05 1643.1

4.35 4915.35 2.55 1340.05

4.1 4697.05 2.35 1114.0

3.6 4141.15 2.15 1014.1

4.5 5066.6 2.7 1267.55

3.85 4453.4 2.5 1059.8

2.9 3180.2 2.7 1315.25

3.2 3516.95 2.75 1336.55

3.6 4025.85 2.85 1392.7

2.95 3371.2 2.35 1308.45

3.3 3691.0 2.55 1363.75

2.95 3340.15 1.9 915.9

3.3 3637.9 2.4 1103.55

2.9 3078.4 2.25 1040.5

2.95 3161.15 2.0 788.55

2.85 3010.25 2.15 985.1

3.0 3182.0 2.15 989.2

3.6 4097.7 1.85 886.3

4.0 4587.6 1.95 1060.75

4.3 4945.1 2.3 1212.45

4.0 4589.0 2.05 969.15

4.25 4851.1 2.25 1046.55

3.25 3555.2 2.2 1021.3

2.65 2886.9 1.95 776.1

2.85 3068.75 2.15 997.8

2.55 2829.15 1.8 857.0

2.45 2711.85 2.05 958.95

3.05 3439.7 2.1 966.1

3.55 3944.1 2.6 1300.1

3.6 3906.95 2.45 1117.85

3.6 3895.75 2.45 1113.85

4.05 4381.95 2.35 1069.05

3.55 3785.3 2.2 1026.95

4.6 5238.1 2.35 1104.7

4.65 5400.9 2.35 1098.55

4.75 5514.9 2.5 1153.85

4.25 4929.5 2.45 1145.4

4.55 5136.5 3.05 1513.85

3.3 3489.15 2.55 1165.15

2.5 2568.05 2.3 1034.95

2.8 2961.15 2.15 981.1

3.05 3295.25 2.35 1063.1

2.55 2816.35 1.85 876.05

2.75 2969.1 2.0 964.35

3.05 3369.95 1.9 943.65

2.85 3021.45 2.3 1089.4

3.15 3272.5 2.65 1410.1

3.1 3263.1 2.4 1161.05

4.15 4843.15 2.6 1198.5

3.6 4168.9 2.45 1127.05

3.8 4500.7 2.4 1121.75

3.7 4510.35 1.8 673.85

3.9 4681.85 2.2 1018.5

2.85 3120.4 2.25 1036.65

3.6 3901.45 2.75 1423.55

3.5 3757.85 2.7 1397.35

3.15 3291.85 2.85 1469.15

3.25 3539.55 2.5 1152.8

2.95 3285.55 2.15 1023.4

2.5 2858.7 1.95 755.5

3.0 3348.45 2.2 993.6

3.35 3811.05 2.4 1069.05

2.85 3181.95 2.25 1005.5

4.45 5053.75 2.75 1449.7

4.9 5623.95 2.6 1466.6

4.55 5297.4 2.5 1289.15

3.9 4516.25 2.3 1394.8

4.4 5094.9 2.6 1520.15

3.05 3419.7 2.4 1190.1

2.6 2770.2 2.7 1477.4

2.7 2855.75 2.5 1419.65

2.45 2597.9 2.1 1083.45

2.7 2738.2 2.6 1427.0

2.45 2537.3 2.1 1231.3

2.5 2532.4 2.3 1128.3

2.05 2055.75 2.15 1047.85

2.95 2878.9 2.85 1320.95

2.55 2505.7 2.3 950.8

3.7 3824.85 2.9 1332.5

3.75 4043.4 2.55 1137.15

3.9 4197.3 2.55 1154.3

3.85 4205.7 2.55 1336.2

3.85 4157.5 2.55 1349.7

2.9 3066.9 2.1 1040.6

3.0 3067.95 2.4 1143.1

2.65 2692.35 2.2 1051.75

2.4 2579.1 1.9 766.25

2.6 2813.6 2.15 1003.25

2.5 2702.85 2.25 1032.8

2.5 2780.2 2.0 958.6

2.95 3204.85 2.35 1241.0

3.1 3282.1 2.45 1277.85

3.0 3192.5 2.45 1124.3

3.9 4311.2 2.4 1100.35

4.05 4431.85 2.7 1202.6

3.8 4224.55 2.45 957.05

3.65 4052.3 2.65 1170.7

3.8 4235.0 2.45 1103.6

2.7 2901.95 2.25 1029.4

3.15 3368.1 2.4 1249.1

3.3 3445.6 2.6 1333.5

3.35 3516.95 2.25 1052.05

2.8 2952.4 2.05 966.65

3.2 3349.6 2.35 1090.7

2.5 2631.6 1.8 719.15

2.65 2843.85 2.0 932.85

2.7 2924.7 2.1 970.6

3.15 3387.35 2.35 1164.8

4.25 4609.55 2.95 1581.1

3.85 4176.2 2.7 1478.35

3.85 4253.55 2.55 1297.4

3.55 3931.9 2.35 1230.35

3.3 3593.05 2.15 1073.45

2.25 2431.85 1.65 692.25

2.65 2809.1 1.9 933.4

2.65 2777.65 2.05 995.4

2.55 2548.8 2.15 1020.45

3.05 3133.25 3.15 1613.5

2.85 2901.7 3.05 1571.05

2.6 2630.25 2.95 1397.2

2.75 2789.15 2.85 1340.3

2.95 3086.65 3.2 1556.45

2.6 2786.95 2.3 986.55

3.0 3218.9 2.55 1237.75

4.6 5372.25 2.65 1274.5

4.35 5120.55 2.65 1272.05

4.3 5052.45 2.3 1212.1

4.55 5254.05 2.55 1317.3

3.9 4530.3 2.0 964.75

2.5 2645.55 2.0 981.05

2.65 2787.0 1.85 942.5

2.3 2461.8 1.6 695.9

2.6 2651.85 1.85 788.2

2.8 2951.35 2.15 1050.55

2.85 2993.95 2.25 1086.55

2.65 2732.25 2.4 1272.1

3.05 3135.15 2.6 1355.9

2.6 2828.65 2.05 1142.7

2.45 2634.55 1.9 922.2

3.5 4014.4 1.85 898.45

3.6 4096.9 1.8 731.6

3.35 3842.8 1.75 697.55

3.15 3554.0 1.9 891.85

