4.0 3913.0 2.0 949.0

3.0 3494.0 2.0 852.0

2.5 2758.0 2.0 746.0

2.0 2645.0 2.0 724.0

2.5 2758.0 2.0 730.0

2.0 2434.0 1.0 618.0

2.0 2645.0 2.0 773.0

2.0 2531.0 1.5 642.0

3.5 3812.0 2.0 1006.0

4.5 5047.0 2.0 806.0

4.0 5205.0 2.0 1025.0

5.0 6503.0 3.5 1367.0

4.0 5205.0 3.5 1340.0

4.0 4226.5 2.0 838.0

4.0 3810.5 2.0 838.0

3.0 3081.5 2.0 822.0

3.0 3081.5 2.0 822.0

3.0 3081.5 2.0 822.0

4.0 3763.5 2.5 1113.0

4.0 4009.0 2.5 1097.0

4.5 4440.0 3.0 1453.0

4.0 4009.0 3.0 1227.0

5.0 4451.0 2.5 1170.0

4.0 3787.5 2.0 688.5

3.5 3525.0 2.0 726.0

3.5 3525.0 1.0 390.5

2.5 2805.5 1.5 554.5

2.5 2630.0 1.5 554.5

4.0 4506.5 3.0 1384.0

4.0 4879.5 4.0 1708.5

4.0 4070.0 4.0 1603.0

4.0 4601.5 4.5 2460.0

4.0 3604.0 3.0 1311.0

3.0 3136.0 2.5 1018.5

2.5 2764.5 2.0 799.0

2.0 2174.5 1.5 715.5

2.0 2376.0 2.0 758.0

2.0 2342.0 2.0 758.0

2.0 2424.0 2.0 758.0

2.0 2424.0 1.5 619.5

2.0 2424.0 1.5 619.5

2.0 2334.0 1.0 400.0

3.0 3188.0 1.5 595.5

3.0 3188.0 1.5 554.5

3.5 3838.5 1.5 562.5

3.5 3838.5 2.0 750.0

3.5 3988.5 2.0 750.0

3.5 3988.5 2.0 758.0

3.5 3988.5 2.0 758.0

2.5 2507.0 1.5 578.5

3.0 3601.0 2.0 920.0

2.5 2507.0 1.5 619.5

3.0 2563.5 1.5 586.5

3.0 2372.5 2.0 863.0

3.0 2421.0 2.0 863.0

2.5 2043.5 2.0 758.0

3.0 2405.0 2.0 863.0

3.0 3325.5 3.0 1425.5

4.0 4265.0 2.5 1090.5

3.5 3863.5 2.5 1170.5

4.0 4305.0 3.0 1383.0

4.0 4305.0 2.5 978.5

2.5 2835.5 2.0 750.0

2.0 2318.0 1.5 571.5

3.0 3375.5 2.0 750.0

2.0 2214.0 1.0 408.0

2.0 2214.0 1.5 538.5

3.5 4211.5 1.5 651.5

3.5 4211.5 3.0 1367.0

3.0 2914.0 2.5 953.5

3.0 2914.0 2.5 953.5

3.0 2348.5 2.0 758.0

2.0 1997.0 2.0 742.0

2.0 2320.0 2.0 742.0

2.5 2959.5 2.0 783.0

2.0 2320.0 2.0 742.0

3.0 3275.5 2.0 912.0

3.0 3275.5 2.0 976.0

3.0 3170.0 2.0 984.0

2.0 2270.0 1.5 747.5

2.0 2394.5 2.0 855.0

2.0 2394.5 2.0 855.0

2.5 2896.5 2.0 742.0

3.0 3377.0 2.0 758.0

3.0 3377.0 2.0 766.0

3.0 3439.5 2.0 951.0

3.0 3377.0 2.0 787.5

3.0 3423.5 2.0 908.5

3.0 3665.0 2.5 1074.5

2.5 2877.5 2.0 779.5

2.0 2246.0 2.0 734.0

2.5 3001.0 1.5 546.5

2.5 2369.5 2.5 905.5

2.5 2369.5 2.5 889.5

4.0 4200.0 3.0 1077.0

4.0 4396.5 2.0 905.5

3.5 3751.0 2.0 863.0

4.0 5008.5 2.0 1018.5

4.0 4379.5 2.0 863.0

5.0 5536.0 2.5 1135.5

7.0 6459.0 7.5 2552.5

7.0 6459.0 7.5 2552.5

6.5 6338.5 5.5 1706.5

6.5 6406.5 5.5 1706.5

6.0 6339.0 3.5 1211.0

4.0 4716.0 2.0 1064.0

4.5 5701.5 2.5 1187.5

4.0 4930.5 2.5 954.5

3.0 3681.5 3.0 1150.0

3.0 2532.0 3.0 1190.0

3.0 2977.0 3.0 1247.5

3.0 3176.5 3.0 1247.5

3.0 2532.0 2.0 939.0

3.0 3442.5 2.0 939.0

3.0 3442.5 1.0 497.5

1.5 2148.0 1.0 367.0

0.5 597.5 0.0 0.0

1.0 1313.5 0.0 0.0

0.0 0.0 0.0 0.0

0.0 0.0 0.0 0.0

0.0 0.0 0.0 0.0

0.0 0.0 0.0 0.0

0.0 0.0 0.0 0.0

0.5 86.5 0.0 0.0

2.5 2504.0 0.0 0.0

4.0 4448.0 2.0 912.0

4.0 4448.0 2.0 823.0

4.0 4330.5 2.0 750.0

4.0 4257.0 2.0 823.0

3.0 3619.5 2.0 823.0

3.0 3452.5 2.0 619.0

3.0 3329.0 2.0 619.0

2.0 2703.0 2.0 643.0

2.0 2510.5 1.0 520.5

2.5 2924.5 2.0 758.0

1.5 1760.5 2.0 782.0

3.0 3228.0 2.0 870.5

3.0 3228.0 2.0 798.0

3.0 3228.0 2.0 798.0

2.0 2338.0 2.0 766.0

3.0 3155.0 2.0 791.0

2.0 2338.0 2.0 750.0

2.0 2264.0 2.0 775.5

2.0 2272.0 2.0 775.5

3.0 3246.0 2.0 808.5

2.0 2394.0 2.0 775.5

3.5 3650.0 2.0 897.0

2.5 2973.5 2.0 783.5

4.0 3650.0 2.0 897.5

3.0 3076.0 2.0 880.0

3.0 3066.0 2.0 775.5

2.5 2700.0 2.0 750.0

3.0 3066.0 2.0 791.0

2.5 2700.0 2.0 718.0

2.5 2956.0 2.0 718.0

4.0 4718.0 2.0 758.0

3.0 3477.0 2.0 734.0

3.5 4053.0 2.0 734.0

3.5 3765.0 1.5 570.5

2.5 2798.0 1.0 383.0

3.0 3396.0 1.0 383.0

3.0 3388.0 1.0 383.0

2.5 2566.0 1.5 578.5

2.5 2566.0 1.5 578.5

3.0 2654.0 2.0 846.5

2.5 2240.0 2.5 1057.5

2.5 2240.0 2.5 1049.5

3.5 3773.0 2.0 965.0

3.5 3658.0 2.0 965.0

4.0 4259.0 2.0 998.0

4.0 4331.0 2.0 960.0

4.0 4403.0 2.0 960.0

3.5 3676.0 2.5 1052.5

4.0 4192.0 3.0 1110.5

4.0 3936.0 3.0 1094.5

2.0 2128.0 2.0 718.0

3.0 2980.0 2.0 718.0

4.0 4104.0 2.0 750.0

2.0 2192.0 2.0 718.0

2.0 2192.0 2.0 718.0

4.0 4506.0 1.5 643.5

3.0 3172.0 2.0 742.0

3.5 3594.0 2.0 742.0

3.0 3068.0 2.0 742.0

4.0 4242.0 2.0 872.0

3.0 3068.0 2.0 872.0

3.0 3148.0 2.5 1011.5

2.5 2808.0 2.0 775.5

3.0 3268.0 2.0 824.5

2.5 2426.0 2.5 988.0

3.0 3027.0 2.5 1002.5

3.0 3035.0 2.5 947.0

3.0 3035.0 3.0 1134.5

3.0 3372.0 2.5 947.0

2.5 3035.0 2.0 750.0

2.5 2838.0 2.0 758.0

2.5 2806.0 2.0 750.0

3.0 3324.0 2.0 783.5

2.0 2248.0 2.0 766.0

2.5 2766.0 2.0 792.5

2.0 2208.0 2.0 751.5

2.0 2224.0 2.0 751.5

1.5 1780.0 1.5 595.5

2.5 2596.5 2.0 766.0

1.5 1796.0 2.0 734.0

2.0 2224.0 2.5 937.5

2.0 2192.0 2.0 937.5

2.0 2088.0 2.0 766.0

2.0 2298.0 2.0 1010.5

2.0 2298.0 2.0 856.0

2.5 2556.0 2.0 792.0

2.0 2422.5 2.0 767.0

3.0 2807.5 2.5 994.5

2.5 2556.0 2.0 750.0

3.0 2943.5 2.5 952.0

3.5 3205.0 2.5 952.0

4.0 3746.0 2.5 952.0

3.0 3390.0 2.5 1044.5

3.0 3390.0 2.5 1044.5

3.0 3006.0 2.0 911.0

3.0 3006.0 2.0 911.0

2.5 2576.0 2.0 855.5

2.0 2418.0 2.0 791.0

2.0 2418.0 2.0 791.0

2.0 2418.0 2.0 791.0

2.5 2660.0 2.0 807.5

3.0 2780.0 2.0 864.5

3.0 2980.0 2.0 896.0

3.0 3205.0 2.0 896.0

3.5 3688.0 2.0 896.0

4.0 4006.0 3.0 1078.5

3.5 3650.0 3.0 1078.5

3.0 3324.0 3.0 1101.0

3.0 3324.0 3.0 1077.0

2.5 2833.5 1.5 570.5

3.0 3164.0 2.5 913.5

3.0 3132.0 2.5 1010.0

3.0 2972.0 2.0 838.5

2.0 2232.0 2.0 742.0

3.0 2566.0 2.0 838.5

2.0 2195.5 2.0 742.0

2.0 2256.0 2.0 750.0

2.0 2256.0 2.0 758.0

3.0 3148.0 2.5 1003.5

3.0 3302.5 3.0 1086.5

3.0 3166.5 2.5 1003.5

3.0 3254.5 2.5 1026.0

3.0 3059.5 2.0 936.5

2.0 2651.5 2.0 807.0

2.0 2651.5 1.5 716.0

2.0 2651.5 1.5 716.0

2.0 2469.0 1.5 651.0

2.0 2000.0 1.0 544.5

2.5 2725.5 3.0 1199.0

2.0 2271.5 2.5 1026.0

2.0 2322.0 2.0 837.0

2.0 2420.0 2.0 837.0

3.5 3554.0 2.5 1075.0

2.5 2752.0 2.0 816.0

3.0 3268.0 2.0 816.0

3.5 3929.0 2.0 840.0

3.0 2964.0 2.0 792.5

3.0 2648.0 2.0 767.5

3.0 2932.0 2.0 911.0

3.0 2560.0 2.0 863.5

2.5 2652.0 2.0 911.5

3.0 2866.0 2.0 952.5

2.0 2656.0 2.0 895.5

1.5 1978.0 1.0 432.0

2.0 2616.0 1.0 432.0

2.0 2565.5 1.0 432.0

2.0 2354.0 1.0 391.0

2.5 2753.5 1.5 700.0

2.0 2509.5 1.5 611.5

2.0 2354.0 2.0 808.5

2.0 2370.0 2.0 769.0

2.5 2670.0 2.0 808.5

2.0 2248.0 2.0 766.0

2.0 2224.0 2.0 758.0

