20 25460 262 332002

4 4329 7 5502

4 5284 2 990

6 7428 3 1540

4 4924 2 1280

3 2939 2 732

3 3060 341 426764

2 2864 2 812

6 7316 3 1846

3 4104 3 1074

2 2784 2 732

1 288 407 512820

3 4156 2 1070

6 8308 1 390

5 5635 110 136474

1 1432 1 374

2 2688 4 1564

1 1432 1 390

7 8269 16 20676

7 9308 3 1638

4 4648 2 1184

5 5392 3 1398

4 4088 2 1040

0 0 0 0

1 1400 1 358

6 8024 3 1670

3 4248 3 1138

4 4424 3 1510

1 1384 0 0

3 3708 3 1316

6 8292 3 1444

3 3116 2 846

3 4204 2 1102

3 3100 2 798

4 5460 3 1412

4 4548 2 1150

3 4296 3 1170

0 0 0 0

32 38391 14 10591

6 7300 4 1916

5 6968 2 780

2 2736 1 358

0 0 0 0

2 2864 2 748

2 2864 2 796

2 2736 2 716

4 4296 2 1088

6 6807 1 552

2 2660 1 664

0 0 0 0

0 0 0 0

4 5128 2 1296

9 11284 2 1168

3 3660 2 942

2 2624 2 700

4 5064 2 1280

0 0 0 0

0 0 0 0

7 9020 3 1252

3 4220 2 1086

3 3356 2 862

3 4232 3 1106

0 0 0 0

3 4296 1 390

3 3066 2 1118

2 2768 3 1138

5 6037 3 1575

5 7160 1 407

0 0 0 0

2 1943 1 489

1 1432 1 391

6 6702 3 1721

4 5077 3 1319

2 2739 2 718

3 3311 2 848

3 3295 2 880

5 5945 3 1513

5 6454 3 1673

0 0 0 0

3 4296 1 375

6 7249 3 1817

2 2864 2 750

4 5715 3 1495

1 1371 1 359

0 0 0 0

0 0 0 0

7 9823 1 665

8 8328 6 2544

3 3540 2 912

6 6194 12 12877

20 26623 725 911612

1 1432 1 375

7 9144 5 2375

4 3504 2 898

4 4672 2 1186

2 1656 0 0

5 5856 3 1899

2 2820 2 750

5 7066 2 750

3 3360 2 880

1 1372 1 359

2 2728 2 702

5 6860 3 1753

3 3380 2 864

3 4208 2 1072

1 1324 1 359

2 2864 2 782

2 1976 1 505

5 6248 4 1630

3 3840 2 1008

2 2824 1 713

0 0 0 0

1 1308 1 343

6 7480 2 832

1 1432 1 391

5 6356 3 1287

4 4888 4 1646

2 2808 1 713

8 11060 2 1040

3 4080 3 1077

4 5000 3 1319

1 1432 1 375

1 1432 1 375

6 8376 2 1056

5 6096 3 1575

2 2756 2 734

3 3992 2 1056

0 0 0 0

2 2852 2 734

5 6604 2 702

3 4236 3 1109

3 3120 1 777

6 6368 2 1586

0 0 0 0

7 10016 2 1088

3 3872 1 375

20 28141 2 1266

2 2864 3 1125

3 3364 2 864

0 0 0 0

5 7036 2 734

2 2088 1 537

6 6740 3 1705

2 2772 2 734

3 3604 2 912

5 7086 0 0

1 1432 1 391

3 3844 2 976

4 4812 3 1271

6 7432 4 1888

0 0 0 0

8 9872 2 1024

8 9320 3 1979

5 6704 3 1721

3 4296 2 1152

4 4888 2 946

4 5684 4 1854

3 4236 3 1109

1 1432 1 391

0 0 0 0

2 2216 1 553

3 3632 2 944

2 2728 2 718

3 4148 3 1077

4 4840 2 1250

0 0 0 0

0 0 0 0

3 4160 3 1093

6 8592 2 798

3 4236 2 1088

4 4956 3 1271

0 0 0 0

3 3488 2 896

5 6632 3 1689

3 4236 3 1109

2 2836 2 750

0 0 0 0

0 0 0 0

5 6480 4 1694

1 1324 1 343

5 5387 3 1335

4 5584 2 1394

2 2392 0 0

4 5560 3 1657

24 31579 4 1664

6 8516 1 391

1 1372 2 702

0 0 0 0

2 2772 2 734

3 3780 2 976

2 2772 2 734

3 4284 3 1141

5 6304 1 505

1 1432 1 391

2 2696 2 718

3 4020 3 1061

4 5228 2 976

3 3620 3 1481

0 0 0 0

0 0 0 0

3 2131 1 489

4 4712 3 1255

4 5136 3 1335

3 4176 3 1125

0 0 0 0

0 0 0 0

3 3332 2 848

4 4200 2 1074

2 2248 1 569

2 2864 2 766

3 4180 2 1088

1 1372 1 359

0 0 0 0

0 0 0 0

2 2824 1 713

3 3688 2 976

5 6436 3 1657

2 2776 2 718

2 2740 2 750

0 0 0 0

7 8420 5 2747

4 5176 2 960

5 6252 3 1625

0 0 1 359

2 2632 1 665

3 3204 2 816

4 5004 2 750

4 5260 4 1920

2 2488 1 617

0 0 0 0

2 1912 1 489

9 11592 3 2235

6 7404 3 1543

6 6324 3 1609

0 0 0 0

3 4272 3 1125

3 4296 2 1136

22 28434 2 782

3 3684 2 944

2 1800 1 457

0 0 0 0

0 0 0 0

5 6048 2 1522

1 1372 1 359

6 7376 2 832

3 4220 2 1088

4 4238 2 1090

1 1372 1 359

6 6400 2 914

7 9792 4 2562

5 5160 2 1314

2 2788 2 750

8 10720 3 1641

2 2864 2 766

4 5656 3 1463

2 2712 2 718

0 0 0 0

2 2792 1 713

4 4320 2 1090

5 6476 3 1657

7 7948 3 1239

0 0 1 793

1 1356 1 359

3 4084 3 1045

4 5448 2 1378

2 2788 2 718

3 4296 2 1120

0 0 0 0

1 1308 1 343

3 3956 2 1008

3 4236 3 1141

6 7324 4 1902

0 0 0 0

4 4508 2 1136

6 6216 3 1563

3 3584 2 912

6 8296 5 3115

0 0 0 0

0 0 0 0

0 0 0 0

4 4524 0 0

2 2804 0 0

4 5104 0 0

4 4672 0 0

0 0 0 0

4 4908 0 0

4 4720 0 0

22 29827 0 0

4 4568 0 0

0 0 0 0

2 2756 0 0

4 4800 0 0

6 7024 0 0

3 4160 0 0

2 2864 0 0

7 8772 0 0

4 5660 0 0

2 2448 0 0

3 4052 0 0

3 3136 0 0

3 3124 0 0

4 5004 0 0

4 4848 0 0

3 3156 0 0

0 0 0 0

2 2852 0 0

3 4220 0 0

4 4800 0 0

3 3872 0 0

5 5936 0 0

0 0 0 0

5 6968 0 0

3 3568 0 0

2 2820 0 0

2 2772 0 0

2 2328 0 0

4 4460 0 0

4 5116 0 0

6 5326 0 0

1 1388 0 0

4 4732 0 0

5 6384 0 0

3 4136 0 0

3 3712 0 0

3 3780 0 0

1 1432 0 0

3 3168 0 0

3 3428 0 0

6 6436 0 0

2 2744 0 0

6 7864 0 0

15 21284 0 0

2 1768 0 0

6 7732 0 0

2 2836 0 0

2 2740 0 0

