
0 1 1343 1 343

0 0 0 0 0

0 0 0 0 0

0 0 0 0 0

0 4 4137 1 569

0 0 0 0 0

0 0 0 0 0

0 0 0 0 0

0 0 0 0 0

0 0 0 0 0

0 0 0 0 0

0 0 0 0 0

0 0 0 0 0

0 1 1407 1 375

0 0 0 0 0

0 0 0 0 0

0 2 1799 0 0

0 0 0 0 0

0 0 0 0 0

0 0 0 0 0

0 6 6294 8 8364

0 0 0 0 0

0 0 0 0 0

0 0 0 0 0

0 1 1191 1 310

0 1 1258 1 326

0 0 0 0 0

0 2 2193 0 0

0 0 0 0 0

0 0 0 0 0

0 0 0 0 0

0 1 1239 1 326

0 0 0 0 0

0 0 0 0 0

0 0 0 0 0

0 1 1223 1 310

0 1 1432 1 375

0 0 0 0 0

0 2 2864 1 745

0 2 2220 0 0

0 0 0 0 0

0 1 1159 1 310

0 1 1191 1 310

0 0 0 0 0

0 1 1407 1 375

0 1 1311 1 343

0 0 0 0 0

0 0 0 0 0

0 6 4022 6 3568

0 2 2447 0 0

0 5 5346 8 8134

0 0 0 0 0

0 3 3983 0 0

0 2 1859 1 473

0 0 0 0 0

0 0 0 0 0

0 0 0 0 0

0 0 0 0 0

0 0 0 0 0

0 1 1239 0 0

0 0 0 1 326

0 1 1375 1 359

0 2 2106 0 0

0 0 0 0 0

0 0 0 0 0

0 0 0 0 0

0 2 2811 1 713

0 0 0 0 0

0 0 0 0 0

0 0 0 0 0

0 0 0 0 0

0 0 0 0 0

0 3 4045 2 718

0 2 2566 2 669

0 0 0 0 0

0 0 0 0 0

0 2 2692 0 0

0 0 0 1 343

0 0 0 0 0

0 2 1913 0 0

0 0 0 0 0

0 2 2235 1 569

0 0 0 0 0

0 0 0 0 0

0 1 1207 1 326

0 0 0 0 0

0 0 0 0 0

0 1 1359 1 359

0 0 0 0 0

0 1 1191 1 310

0 5 5302 6 5276

0 1 1423 1 359

0 0 0 0 0

0 0 0 0 0

0 0 0 0 0

0 0 0 0 0

0 0 0 0 0

0 1 1432 1 375

0 0 0 0 0

0 1 1407 1 375

0 0 0 0 0

0 3 3466 0 0

0 0 0 0 0

0 1 1292 1 343

0 0 0 0 0

0 4 4554 0 0

0 0 0 0 0

0 0 0 0 0

0 2 2864 1 729

0 0 0 0 0

0 0 0 0 0

0 0 0 0 0

0 2 2189 0 0

0 1 1191 1 310

0 0 0 0 0

0 0 0 0 0

0 0 0 0 0

0 1 1256 1 343

0 0 0 0 0

0 2 1023 5 4741

0 5 5766 7 5659

0 0 0 0 0

0 0 0 0 0

0 2 2102 0 0

0 1 1207 1 310

0 0 0 0 0

0 3 3123 1 777

0 0 0 0 0

0 0 0 0 0

0 3 2497 9 9019

0 1 1432 1 407

0 0 0 0 0

0 0 0 0 0

0 2 452 1 705

0 2 2382 3 970

0 0 0 0 0

0 3 3352 1 294

0 0 0 0 0

0 1 1432 1 407

0 0 0 0 0

0 0 0 0 0

0 2 2107 1 537

0 0 0 0 0

0 0 0 0 0

0 0 0 0 0

0 0 0 0 0

0 1 1327 1 343

0 2 2102 0 0

0 0 0 0 0

0 1 1191 1 310

0 0 0 0 0

0 4 4411 6 5276

0 1 1223 1 326

0 0 0 0 0

0 2 1889 0 0

0 2 2507 1 633

0 0 0 0 0

0 0 0 0 0

0 2 2191 0 0

0 1 1239 1 326

0 0 0 0 0

0 8 9317 0 0

0 4 4813 0 0

0 0 0 0 0

0 0 0 0 0

0 0 0 0 0

0 1 1223 1 310

0 0 0 0 0

0 1 1175 1 310

0 0 0 0 0

0 4 5051 1 729

0 1 1432 1 375

0 0 0 0 0

0 0 0 0 0

0 0 0 0 0

0 1 1175 1 310

0 0 0 0 0

0 2 2843 1 713

0 0 0 0 0

0 0 0 0 0

0 0 0 0 0

0 0 0 0 0

0 1 1432 0 0

0 6 7218 7 5653

0 0 0 0 0

0 0 0 0 0

0 2 2043 1 521

0 0 0 0 0

0 0 0 0 0

0 0 0 0 0

0 0 0 1 635

0 0 0 0 0

0 0 0 0 0

0 0 0 0 0

0 2 2193 0 0

0 0 0 0 0

0 1 1175 1 310

0 0 0 0 0

0 2 1691 0 0

0 0 0 1 425

0 0 0 0 0

0 0 0 0 0

0 0 0 0 0

0 0 0 0 0

0 0 0 0 0

0 0 0 0 0

0 0 0 0 0

0 0 0 0 0

0 3 3163 1 326

0 1 1244 0 0

0 0 0 0 0

0 0 0 0 0

0 2 2523 1 633

0 0 0 0 0

0 0 0 0 0

0 4 4379 6 5229

0 0 0 0 0

0 2 2864 0 0

0 0 0 0 0

0 0 0 0 0

0 1 1391 1 375

0 4 4933 0 0

0 0 0 0 0

0 1 1432 1 391

0 0 0 0 0

0 0 0 0 0

0 0 0 0 0

0 2 1888 0 0

0 4 4764 1 310

0 0 0 0 0

0 0 0 0 0

0 1 1432 7 4348

0 0 0 0 0

0 0 0 0 0

0 0 0 0 0

0 1 1275 1 343

0 0 0 0 0

0 1 1207 1 310

0 2 2189 0 0

0 1 1375 1 359

0 0 0 0 0

0 0 0 0 0

0 0 0 0 0

0 0 0 0 0

0 3 2279 1 521

0 4 4347 6 5291

0 0 0 0 0

0 0 0 0 0

0 0 0 0 0

0 2 2191 0 0

0 0 0 0 0

0 0 0 0 0

0 0 0 0 0

0 0 0 0 0

0 2 2864 1 745

0 0 0 0 0

0 0 0 0 0

0 0 0 0 0

0 0 0 0 0

0 0 0 0 0

0 0 0 0 0

0 0 0 0 0

0 0 0 0 0

0 2 2491 1 633

0 1 1432 0 0

0 1 1104 0 0

0 0 0 0 0

0 4 5130 3 1318

0 0 0 0 0

0 1 1432 1 407

0 0 0 0 0

0 0 0 0 0

0 0 0 0 0

0 1 1432 0 0

0 7 8376 7 5657

0 0 0 0 0

0 3 3956 0 0

0 1 1432 1 391

0 0 0 0 0

0 0 0 0 0

0 0 0 0 0

0 0 0 0 0

0 0 0 0 0

0 2 2395 1 601

0 0 0 0 0

0 0 0 0 0

0 2 2189 0 0

0 0 0 0 0

0 0 0 0 0

0 0 0 0 0

0 0 0 0 0

0 2 2864 1 745

0 0 0 0 0

0 0 0 0 0

0 0 0 0 0

0 5 4980 2 800

0 4 4539 2 816

0 0 0 0 0

0 0 0 0 0

0 0 0 0 0

0 0 0 0 0

0 1 1239 1 326

0 1 1175 1 310

0 2 2187 1 553

0 0 0 0 0

0 4 4347 6 5299

0 0 0 0 0

0 0 0 0 0

0 2 2189 0 0

0 0 0 0 0

0 1 1175 1 310

0 1 1223 1 310

0 0 0 0 0

0 1 241 0 0

0 1 1223 1 310

0 0 0 0 0

0 0 0 0 0

0 4 4406 2 685

0 0 0 0 0

0 0 0 0 0

0 0 0 0 0

0 2 2106 0 0

0 5 3816 16 13975

0 0 0 0 0

0 1 1239 1 326

0 6 4214 5 1376

0 1 1175 1 310

0 1 1432 1 391

0 0 0 0 0

0 2 1739 1 441

0 0 0 0 0

0 4 4987 0 0

0 2 2273 0 0

0 1 220 5 3098

0 1 1239 1 326

0 0 0 0 0

0 0 0 0 0

0 0 0 0 0

0 0 0 0 0

0 5 5586 7 5618

0 1 1311 1 343

0 1 1175 1 310

0 0 0 0 0

0 2 2855 1 375

0 0 0 0 0

0 1 220 0 0

0 2 2267 1 569

0 0 0 0 0

0 0 0 0 0

0 0 0 0 0

0 0 0 0 0

0 2 2587 1 665

0 0 0 0 0

0 2 2187 0 0

0 0 0 0 0

0 1 1239 1 326

0 0 0 0 0

0 0 0 0 0

