0 2 1731 6 5992

0 0 0 0 0

0 3 4296 0 0

0 0 0 0 0

0 0 0 0 0

0 0 0 0 0

0 10 11009 10 7816

0 0 0 0 0

0 0 0 0 0

0 0 0 0 0

0 0 0 0 0

0 3 3146 0 0

0 0 0 0 0

0 1 270 0 0

0 0 0 0 0

0 0 0 0 0

0 0 0 0 0

0 0 0 0 0

0 1 318 0 0

0 0 0 1 201

0 0 0 0 0

0 0 0 0 0

0 2 2013 0 0

0 2 2864 0 0

0 0 0 0 0

0 0 0 0 0

0 0 0 0 0

0 0 0 0 0

0 2 1692 0 0

0 0 0 0 0

0 0 0 0 0

0 0 0 0 0

0 12 16811 1 859

0 0 0 1 559

0 3 3299 0 0

0 1 254 0 0

0 0 0 0 0

0 8 8750 4 1319

0 0 0 0 0

0 0 0 0 0

0 0 0 0 0

0 0 0 0 0

0 44 23208 1913 2646615

0 93 88802 1063 1423851

0 91 80066 2026 2809646

0 18 20086 89 106336

0 6 7218 62 79721

0 0 0 0 0

0 1 484 8 10070

0 0 0 1 337

0 0 0 1 321

0 3 3366 7 5913

0 0 0 0 0

0 0 0 1 215

0 0 0 1 434

0 2 2139 2 580

0 0 0 0 0

0 5 5983 6 1836

0 0 0 2 709

0 0 0 0 0

0 1 383 0 0

0 0 0 0 0

0 0 0 0 0

0 0 0 0 0

0 0 0 1 450

0 4 4117 5 3457

0 5 2085 0 0

0 0 0 0 0

0 1 383 1 466

0 0 0 1 321

0 0 0 0 0

0 3 4296 1 466

0 1 254 0 0

0 4 4372 16 17193

0 0 0 0 0

0 0 0 0 0

0 0 0 0 0

0 0 0 1 434

0 1 449 1 337

0 0 0 1 201

0 0 0 0 0

0 1 238 0 0

0 0 0 1 532

0 3 3661 0 0

0 0 0 2 1697

0 0 0 0 0

0 0 0 0 0

0 4 5435 0 0

0 0 0 5 6063

0 0 0 0 0

0 9 8444 5 1657

0 1 238 0 0

0 0 0 1 322

0 0 0 2 522

0 4 5425 0 0

0 2 2864 1 290

0 1 1432 0 0

0 1 1432 0 0

0 1 1432 0 0

0 1 1432 0 0

0 0 0 0 0

0 0 0 0 0

0 6 6129 14 14546

0 1 1432 0 0

0 0 0 0 0

0 0 0 0 0

0 3 3808 0 0

0 0 0 0 0

0 0 0 0 0

0 0 0 0 0

0 0 0 0 0

0 0 0 2 1118

0 5 5395 5 3413

0 0 0 1 228

0 0 0 0 0

0 0 0 0 0

0 0 0 0 0

0 0 0 0 0

0 0 0 0 0

0 3 3703 0 0

0 1 238 0 0

0 1 215 1 231

0 0 0 0 0

0 0 0 0 0

0 0 0 0 0

0 0 0 0 0

0 0 0 0 0

0 0 0 0 0

0 0 0 0 0

0 4 5086 7 6052

0 2 2021 4 3855

0 0 0 0 0

0 14 15511 5 3833

0 2 2774 0 0

0 0 0 0 0

0 0 0 0 0

0 0 0 0 0

0 0 0 0 0

0 0 0 0 0

0 0 0 0 0

0 0 0 0 0

0 4 4532 1 253

0 4 5490 0 0

0 0 0 0 0

0 0 0 0 0

0 3 4199 0 0

0 0 0 0 0

0 0 0 0 0

0 0 0 0 0

0 0 0 0 0

0 0 0 0 0

0 0 0 0 0

0 0 0 0 0

0 0 0 0 0

0 0 0 0 0

0 4 4751 0 0

0 4 4357 11 10820

0 0 0 0 0

0 1 268 1 310

0 0 0 0 0

0 0 0 0 0

0 5 6776 0 0

0 0 0 0 0

0 0 0 0 0

0 2 527 1 269

0 0 0 0 0

0 3 2392 4 3136

0 8 7649 4 1311

0 0 0 0 0

0 0 0 0 0

0 0 0 0 0

0 0 0 0 0

0 0 0 0 0

0 0 0 0 0

0 0 0 0 0

0 0 0 0 0

0 0 0 0 0

0 0 0 0 0

0 0 0 0 0

0 0 0 0 0

0 0 0 0 0

0 0 0 0 0

0 0 0 0 0

0 1 865 1 208

0 0 0 2 1062

0 86 68637 965 1323558

0 110 85193 1288 1753988

0 55 62239 86 103546

0 11 13384 11 9526

0 7 7705 1 791

0 15 16346 5 4227

0 6 6679 0 0

0 49 55725 30 31062

0 13 14715 9 11349

0 53 59950 30 31725

0 37 42299 15 15644

0 52 60601 31 36162

0 10 10939 16 19074

0 23 24833 16 16459

0 65 55039 250 306282

0 74 43955 258 296104

0 105 121175 416 561402

0 9 6259 34 37441

0 34 37351 178 226620

0 8 10019 0 0

0 4 5721 0 0

0 0 0 0 0

0 0 0 0 0

0 0 0 0 0

0 10 12378 11 12423

0 4 5068 0 0

0 46 40419 267 359382

0 4 4531 0 0

0 9 9541 7 6318

0 8 9736 0 0

0 0 0 0 0

0 4 3632 3 1865

0 0 0 0 0

0 0 0 0 0

0 0 0 0 0

0 0 0 0 0

0 4 5076 0 0

0 0 0 0 0

0 0 0 0 0

0 0 0 0 0

0 0 0 0 0

0 0 0 0 0

0 4 3626 3 1862

0 0 0 0 0

0 0 0 0 0

0 0 0 1 208

0 3 4296 0 0

0 0 0 1 328

0 0 0 0 0

0 5 4437 5 1515

0 4 3722 3 1861

0 0 0 0 0

0 2 1714 1 345

0 0 0 0 0

0 4 3537 7 6629

0 0 0 0 0

0 0 0 1 345

0 3 3339 0 0

0 0 0 0 0

0 0 0 0 0

0 2 1945 0 0

0 2 1746 0 0

0 0 0 0 0

0 18 17985 17 14337

0 60 53294 218 286333

0 35 42480 15 14161

0 44 46745 124 160636

0 44 55745 86 109146

0 36 48336 41 51266

0 34 40106 120 150348

0 29 36505 139 184731

0 119 137010 296 342961

0 36 34832 315 380514

0 8 9287 3 1009

0 0 0 0 0

0 4 5649 0 0

0 49 58361 1130 1423080

0 50 58460 71 72042

0 0 0 0 0

0 0 0 0 0

0 1 307 0 0

0 4 4537 8 5465

0 10 10430 2 626

0 5 4378 7 6768

0 3 3500 8 4710

0 0 0 0 0

0 0 0 0 0

0 0 0 0 0

0 0 0 0 0

0 1 229 1 309

0 0 0 1 256

0 5 6636 0 0

0 6 7306 20 24160

0 0 0 0 0

0 3 3270 0 0

0 0 0 0 0

0 0 0 0 0

0 0 0 0 0

0 0 0 0 0

0 2 2351 0 0

0 12 15505 5 1112

0 0 0 2 422

0 0 0 1 213

0 0 0 1 208

0 15 17560 7 5796

0 0 0 0 0

0 0 0 0 0

0 5 4562 6 5226

0 0 0 0 0

0 0 0 0 0

0 0 0 0 0

0 0 0 0 0

0 0 0 0 0

0 6 5727 9 8718

0 0 0 0 0

0 0 0 0 0

0 0 0 0 0

0 4 4990 0 0

0 3 3805 0 0

0 0 0 0 0

0 0 0 0 0

0 0 0 0 0

0 0 0 0 0

0 0 0 0 0

0 4 4923 0 0

0 6 6194 8 7418

0 0 0 0 0

0 2 2529 1 219

0 0 0 0 0

0 3 3409 0 0

0 6 7766 0 0

0 1 952 0 0

0 2 1896 0 0

0 0 0 1 329

0 2 1730 7 4272

0 0 0 0 0

0 2 1861 1 205

0 4 3380 0 0

0 2 1682 1 346

0 0 0 0 0

0 2 1666 0 0

0 0 0 0 0

0 0 0 0 0

0 4 3665 8 7632

0 2 2534 0 0

0 0 0 0 0

0 0 0 0 0

0 0 0 0 0

0 9 10348 6 5253

0 0 0 0 0

0 0 0 0 0

0 2 1913 0 0

0 0 0 0 0

0 0 0 0 0

0 0 0 0 0

0 0 0 0 0

0 11 12216 12 8862

0 0 0 0 0

0 0 0 0 0

0 0 0 2 492

0 0 0 0 0

0 3 3335 0 0

0 8 8559 6 4677

0 0 0 0 0

0 0 0 0 0

0 0 0 0 0

0 0 0 1 441

0 0 0 1 441

0 5 6391 0 0

0 1 824 0 0

0 0 0 1 564

0 0 0 0 0

0 15 15602 18 18900

0 8 8870 6 5732

0 16 19373 6 5130

0 45 48525 123 149061

0 47 45326 366 462238

0 90 82473 1463 1802866

0 10 11192 9 4167

0 0 0 1 329

0 0 0 0 0

0 0 0 0 0

0 2 1828 0 0

0 0 0 0 0

0 0 0 0 0

0 0 0 0 0

0 5 6055 0 0

0 0 0 0 0

0 0 0 0 0

0 3 3442 1 329

0 0 0 0 0

0 5 6726 0 0

0 0 0 0 0

0 0 0 0 0

0 2 1746 0 0

0 0 0 3 1977

0 0 0 1 441

0 28 27450 73 97233

0 8 9587 6 4299

0 17 20720 27 31856

0 13 14576 42 55517

0 23 27744 10 7874

0 25 27614 79 103085

0 21 22954 33 37968

0 16 17141 9 7892

0 54 59921 78 99555

0 29 32251 46 59261

0 27 33159 8 5240

0 37 43893 39 46763

0 60 73256 27 29076

0 54 63191 52 63075

0 43 56080 6 1726

0 6 5649 8 6718

0 0 0 0 0

0 1 817 0 0

0 0 0 0 0

0 0 0 1 346

0 0 0 0 0

0 0 0 0 0

0 0 0 0 0

0 0 0 0 0

0 0 0 1 419

0 0 0 0 0

0 0 0 0 0

0 5 6239 0 0

0 2 1746 1 437

0 0 0 1 297

0 3 3163 2 619

0 0 0 0 0

0 0 0 0 0

0 2 1878 0 0

0 0 0 0 0

0 6 5161 7 6376

0 0 0 0 0

0 0 0 1 313

0 0 0 0 0

0 0 0 1 313

0 0 0 0 0

0 0 0 0 0

0 0 0 0 0

0 0 0 0 0

0 0 0 0 0

0 2 1860 0 0

0 0 0 1 201

0 30 34676 14 11511

0 108 82415 5343 6721329

0 71 39476 4752 5955789

0 86 46248 394 459666

0 63 66852 962 1203219

0 6 2197 5739 7228984

0 25 34093 3 1005

0 4 5728 0 0

0 24 24527 17 10262

0 26 32923 10 11813

0 32 40087 9 7232

0 45 43177 1101 1382166

0 2 2841 0 0

0 4 4980 0 0

0 2 2149 0 0

0 0 0 0 0

0 0 0 0 0

0 0 0 0 0

0 4 3447 7 5936

0 2 1845 0 0

0 0 0 1 201

0 0 0 0 0

0 0 0 0 0

0 0 0 0 0

0 0 0 0 0

0 0 0 0 0

0 3 3547 0 0

0 3 3926 0 0

0 0 0 0 0

0 0 0 0 0

0 0 0 0 0

0 0 0 0 0

0 0 0 0 0

0 0 0 0 0

0 0 0 0 0

0 2 2129 0 0

0 0 0 0 0

0 0 0 0 0

0 1 1432 0 0

0 0 0 1 202

0 0 0 0 0

0 0 0 0 0

0 2 1762 1 329

0 0 0 1 267

0 0 0 0 0

0 5 5622 7 5532

0 7 7276 7 6582

0 0 0 0 0

0 0 0 0 0

0 0 0 0 0

0 2 1878 0 0

0 2 1698 0 0

0 6 6274 5 4094

0 5 5996 0 0

0 0 0 1 329

0 5 4566 7 5815

0 4 5653 0 0

0 0 0 0 0

0 0 0 0 0

0 0 0 0 0

0 0 0 0 0

0 0 0 0 0

0 0 0 0 0

0 0 0 1 319

0 3 4074 0 0

0 2 1698 1 201

0 16 17061 9 4594

0 2 1768 0 0

0 0 0 0 0

0 0 0 0 0

0 0 0 0 0

0 0 0 0 0

0 0 0 0 0

0 0 0 0 0

0 0 0 0 0

0 4 3407 6 5416

0 0 0 0 0

0 0 0 0 0

0 5 6768 0 0

0 4 4316 6 5263

0 0 0 0 0

0 0 0 0 0

0 0 0 0 0

0 5 3734 9 5564

0 0 0 1 203

0 0 0 0 0

0 2 1714 0 0

0 0 0 0 0

0 3 3255 1 313

0 2 2737 1 281

0 0 0 0 0

0 2 1714 0 0

0 0 0 0 0

0 2 1896 0 0

0 0 0 0 0

0 0 0 0 0

0 0 0 0 0

0 0 0 0 0

0 0 0 0 0

0 3 3791 1 329

0 10 10257 6 5194

0 2 2022 1 743

0 4 3350 8 7038

0 3 3435 3 1934

0 0 0 4 3897

0 6 5189 7 4674

0 0 0 2 576

0 2 1778 1 207

0 0 0 0 0

0 0 0 1 349

0 0 0 0 0

0 0 0 0 0

0 0 0 0 0

0 6 6989 6 5269

0 0 0 0 0

0 0 0 0 0

0 0 0 0 0

0 3 3967 0 0

0 0 0 0 0

0 0 0 0 0

0 0 0 0 0

0 7 6287 4 1314

0 0 0 0 0

0 0 0 0 0

0 0 0 0 0

0 0 0 0 0

0 2 2147 0 0

0 0 0 0 0

0 0 0 0 0

0 0 0 0 0

0 6 6503 8 7544

0 0 0 0 0

0 0 0 0 0

0 0 0 0 0

0 0 0 0 0

0 2 1895 0 0

0 0 0 0 0

0 0 0 0 0

0 2 1714 0 0

0 3 3726 1 281

0 0 0 0 0

0 0 0 1 297

0 0 0 0 0

0 2 2294 0 0

0 0 0 0 0

0 0 0 0 0

0 0 0 1 313

0 0 0 0 0

0 7 7482 6 5259

0 2 1698 0 0

0 2 1698 0 0

0 0 0 0 0

0 3 3994 0 0

0 0 0 1 313

0 0 0 0 0

0 0 0 0 0

0 0 0 0 0

0 2 2601 0 0

0 0 0 0 0

0 0 0 0 0

0 0 0 2 692

0 6 5545 6 4995

0 0 0 0 0

0 0 0 0 0

0 0 0 1 329

0 0 0 0 0

0 12 13130 34 41892

0 27 30348 35 41388

0 6 6565 4 1580

0 4 5172 0 0

0 7 7427 5 3962

0 0 0 0 0

0 3 3335 0 0

0 0 0 0 0

0 0 0 0 0

0 0 0 0 0

0 0 0 0 0

0 0 0 0 0

0 0 0 0 0

0 0 0 0 0

0 0 0 0 0

0 2 2381 0 0

0 0 0 0 0

0 13 13698 6 5301

0 0 0 0 0

0 0 0 0 0

0 0 0 0 0

0 0 0 0 0

0 0 0 0 0

0 0 0 0 0

0 6 4476 10 9757

0 0 0 0 0

0 0 0 0 0

0 0 0 0 0

0 0 0 0 0

0 2 2294 0 0

0 0 0 0 0

0 0 0 0 0

0 0 0 0 0

0 0 0 0 0

0 0 0 0 0

0 6 6462 14 15830

0 30 33736 141 165236

0 10 11301 12 13050

0 36 45546 29 29658

0 2 1123 1 331

0 0 0 0 0

0 5 6140 1 582

0 0 0 0 0

0 0 0 0 0

0 0 0 0 0

0 0 0 0 0

0 0 0 0 0

0 3 4296 0 0

0 0 0 0 0

0 0 0 1 245

0 0 0 0 0

0 5 4539 6 5340

0 0 0 0 0

0 0 0 1 206

0 0 0 0 0

0 0 0 0 0

0 0 0 0 0

0 0 0 0 0

0 27 19155 645 898227

0 144 140243 1890 2606815

0 32 35249 67 79383

0 41 47670 115 152022

0 90 111651 162 204224

0 53 64688 238 312126

0 11 13873 1 224

0 0 0 0 0

0 0 0 0 0

0 4 3375 3 1864

0 0 0 0 0

0 6 6755 12 12736

0 0 0 0 0

0 0 0 0 0

0 36 44521 13 14279

0 106 82372 4542 5701159

0 17 21841 3 705

0 30 38189 26 28068

0 9 10598 6 6630

0 5 4520 5 5264

0 0 0 0 0

0 2 1778 0 0

0 15 20057 0 0

0 0 0 0 0

0 0 0 0 0

0 0 0 0 0

0 0 0 0 0

0 0 0 0 0

0 6 5866 7 7845

0 3 3226 0 0

0 8 9240 5 5646

0 2 1894 0 0

0 35 40800 25 22410

0 59 69547 45 49754

0 28 34001 10 9532

0 0 0 0 0

0 7 8311 3 1005

0 0 0 1 1394

0 0 0 1 845

0 0 0 0 0

0 0 0 0 0

0 0 0 0 0

0 2 2864 0 0

0 0 0 0 0

0 0 0 0 0

0 0 0 0 0

0 0 0 0 0

0 0 0 0 0

0 3 4281 0 0

0 0 0 0 0

0 0 0 0 0

0 0 0 0 0

0 0 0 0 0

0 0 0 0 0

0 2 2781 0 0

0 6 6286 3 1008

0 22 30015 1 859

0 7 8383 3 1007

0 0 0 0 0

0 0 0 0 0

0 35 38755 21 18703

0 63 73922 137 184829

0 83 106490 73 87159

0 69 66354 34 32267

0 101 124725 963 1197613

0 64 67273 2139 2693527

0 120 118274 911 1115862

0 27 25756 251 297761

0 24 22443 51 54358

0 0 0 0 0

0 0 0 0 0

0 0 0 0 0

0 6 6640 3 1006

0 0 0 0 0

0 4 4086 3 1006

0 9 10438 7 6959

0 19 19580 8 3507

0 17 15443 46 53294

0 13 16226 3 1004

0 7 6364 7 6955

0 18 21807 8 6935

0 9 8983 4 2250

0 0 0 0 0

0 0 0 0 0

0 4 5125 0 0

0 0 0 0 0

0 3 3553 0 0

0 0 0 0 0

0 19 26857 0 0

0 7 7305 8 7164

0 0 0 0 0

0 10 9818 173 210881

0 7 7850 8 7574

0 14 12680 42 45150

0 6 6313 3 1007

0 36 30915 134 161128

0 13 14134 8 6937

0 1 829 0 0

0 0 0 0 0

0 0 0 0 0

0 5 4536 2 546

0 0 0 4 4731

0 0 0 0 0

0 3 4249 0 0

0 0 0 0 0

0 14 16895 2 541

0 37 40691 155 184748

0 50 60795 40 42587

0 36 44665 62 83214

0 37 47691 105 144851

0 30 31647 35 39867

0 27 27493 43 47260

0 8 8317 8 5850

0 1 1197 4 3418

0 19 20824 13 11325

0 0 0 1 281

0 0 0 1 201

0 0 0 0 0

0 0 0 0 0

0 8 9078 8 7338

0 0 0 0 0

0 1 223 1 406

0 0 0 0 0

0 0 0 1 201

0 1 1432 0 0

0 4 4343 10 10202

0 47 57319 27 30264

0 33 43907 53 62064

0 15 18127 19 21719

0 89 109278 79 95987

0 57 71446 27 29202

0 67 80643 43 50990

0 27 30587 16 16638

0 4 5728 0 0

0 9 10850 0 0

0 165 195129 52 53252

0 67 77871 35 40057

0 118 139796 40 35816

0 63 72219 15 11365

0 71 69340 324 434269

0 45 56197 68 86937

0 2 2855 0 0

0 4 4679 0 0

0 0 0 0 0

0 0 0 0 0

0 3 2857 4 3405

0 0 0 0 0

0 0 0 0 0

0 48 21761 160 195849

0 120 89489 2060 2579113

0 45 26795 10387 13099308

0 66 79498 1595 2006266

0 52 66190 119 159536

0 7 8921 1 219

0 47 56428 16 11479

0 20 25232 4 907

0 61 71988 5814 7314251

0 16 16112 1660 2086220

0 91 83122 2506 3129872

0 58 57096 262 328253

0 68 82223 117 141729

0 24 30329 7 4076

0 63 78661 16 8749

0 19 21337 7 4184

0 22 29796 2 458

0 33 37346 7 1548

0 110 141712 696 863941

0 17 16830 16 15820

0 77 80890 482 594985

0 62 62342 223 272149

0 5 7108 0 0

0 0 0 0 0

0 0 0 0 0

0 0 0 0 0

0 0 0 0 0

0 8 10617 0 0

0 29 29682 143 183160

0 50 63188 23 27137

0 73 82312 128 158292

0 33 41953 14 17247

0 27 28491 141 186364

0 3 3554 0 0

0 0 0 0 0

0 0 0 0 0

0 7 6748 63 73664

0 19 14323 153 195332

0 114 110330 1169 1458619

0 26 31047 16 9956

0 86 88119 3568 4473076

0 18 12404 489 608250

0 11 11768 18 13700

0 4 5363 0 0

0 4 3698 6 4296

0 16 16320 134 159912

0 33 39862 15 16264

0 12 15615 0 0

0 105 73127 7616 9593049

0 40 34125 4390 5524671

0 49 55224 2645 3325265

0 80 67729 3957 4960531

0 21 18712 45 49285

0 4 5474 5 5337

0 18 21723 11 11267

0 55 54814 7995 10064278

0 12 12968 5023 6324734

0 207 98210 1096 1210119

0 57 59981 105 124861

0 5 6058 21 28458

0 35 46788 3 1004

0 3 4099 0 0

0 3 3035 7 5766

0 6 8592 0 0

0 14 17193 8 6080

0 0 0 0 0

0 0 0 0 0

0 0 0 0 0

0 9 10922 3 1006

0 0 0 0 0

0 0 0 0 0

0 0 0 0 0

0 18 21684 5 1551

0 7 8541 17 20860

0 70 87179 460 566380

0 0 0 0 0

0 21 18788 36 40150

0 0 0 0 0

0 6 6307 3 1004

0 0 0 0 0

0 0 0 0 0

0 10 10527 9 8733

0 14 16360 8 6938

0 11 9576 28 32317

0 5 4461 3 1007

0 4 5666 0 0

0 8 7195 176 215404

0 0 0 0 0

0 5 4422 20 23099

0 41 38099 187 224622

0 20 24459 10 7966

0 11 11246 4 2280

0 4 3932 7 6180

0 12 10902 10 6634

0 0 0 0 0

0 8 10617 0 0

0 4 4111 7 6957

0 4 5367 3 882

0 16 19230 9 5426

0 6 4097 0 0

0 0 0 1 203

0 1 1432 1 310

0 0 0 0 0

0 0 0 0 0

0 1 1432 1 378

0 1 1058 1 310

0 0 0 0 0

0 0 0 0 0

0 4 4919 0 0

0 1 1432 1 362

0 5 4619 6 5320

0 0 0 0 0

0 4 4809 0 0

0 0 0 1 391

0 1 1432 0 0

0 0 0 0 0

0 40 23412 435 578557

0 8 8661 2 492

0 14 9112 28 32181

0 10 10653 45 58939

0 4 5002 0 0

0 1 538 0 0

0 10 11022 6 5161

0 0 0 4 5604

0 0 0 0 0

0 2 1757 0 0

0 2 2601 1 441

0 0 0 0 0

0 2 1656 0 0

0 9 11225 6 5300

0 0 0 0 0

0 3 2613 5 3557

0 2 1887 1 310

0 2 2290 0 0

0 5 5217 1 417

0 1 623 0 0

0 0 0 0 0

0 4 5728 0 0

0 0 0 0 0

0 2 2599 1 544

0 23 31364 1 859

0 3 3120 0 0

0 0 0 0 0

0 20 27474 0 0

0 0 0 0 0

0 0 0 0 0

0 2 1798 0 0

0 5 4619 6 5320

0 1 536 0 0

0 0 0 0 0

0 9 10421 4 3062

0 16 15704 41 48739

0 4 3483 6 5287

0 4 5124 0 0

0 9 12560 0 0

0 0 0 0 0

0 2 2626 0 0

0 0 0 0 0

0 0 0 0 0

0 4 4716 0 0

0 7 7956 5 4075

0 1 929 1 202

0 24 30718 4 1306

0 3 2108 1 201

0 1 1432 1 203

0 5 5876 6 5325

0 0 0 0 0

0 4 2368 83 95586

0 0 0 0 0

0 2 951 0 0

0 0 0 0 0

0 5 6830 0 0

0 3 3135 0 0

0 4 4816 0 0

0 3 3553 0 0

0 1 843 0 0

0 0 0 0 0

0 0 0 0 0

