0 0 0 0

0 0 0 0

5 4150 7 2573

7 7837 3 1364

5 5289 2 780

6 5975 4 1916

3 3676 5 1800

5 6001 11 8755

0 0 0 0

12 16352 3 924

5 4798 3 1590

2 2546 2 748

3 3312 2 1118

3 2976 2 974

6 6652 2 732

0 0 0 0

0 0 0 0

7 7332 2 546

5 4291 8 6682

3 3120 2 1022

6 6302 4 1754

2 2278 1 744

0 0 0 0

0 0 0 0

0 0 0 0

2 2116 2 716

3 2816 2 942

2 2700 2 912

6 7596 1 440

2 2212 3 1396

2 2590 0 0

1 1098 1 374

3 3536 2 1182

6 5202 8 3011

3 3930 1 520

3 2864 4 1852

0 0 0 0

0 0 0 0

1 1194 0 0

5 5810 7 2826

1 1278 2 782

2 2472 2 830

4 4284 2 1408

7 8324 2 764

0 0 0 0

0 0 0 0

0 0 1 215

34 23524 77 96424

24 18021 590 832110

41 34964 1048 1473904

110 73331 2028 2840492

79 71582 233 292825

24 23660 108 128022

25 22078 64 76996

2 2180 2 732

6 7644 2 748

4 4059 3 1220

4 4790 2 732

4 3188 5 5636

4 5620 0 0

1 1146 1 374

1 1162 1 390

10 12657 4 1514

8 7223 8 5002

3 3962 1 374

3 1780 4 1197

0 0 1 644

4 4394 3 1460

2 2504 2 830

19 24892 2 1086

4 5078 2 846

2 2406 1 792

0 0 0 0

0 0 0 0

4 3659 4 4148

5 6738 2 846

6 7355 2 814

4 4410 3 1460

2 2260 2 764

1 1130 1 374

0 0 0 0

0 0 0 0

8 7879 7 6567

7 6952 4 1884

5 4678 3 1526

4 4202 3 1380

0 0 0 0

0 0 0 0

4 3816 4 3225

20 23572 7 6052

7 7436 7 5751

4 3711 3 1762

7 6092 12 9205

0 0 0 0

0 0 0 0

12 13553 2 643

3 3140 2 1040

6 6524 3 1074

6 5186 8 2995

6 5080 10 5949

4 3753 3 1884

0 0 0 0

1 1178 1 390

7 9017 1 359

19 20407 24 23809

2 2198 2 734

4 3822 2 1266

8 10066 1 359

0 0 0 0

0 0 0 0

2 2314 1 359

5 5999 4 1598

11 12301 12 9871

3 3297 2 718

0 0 1 391

0 0 0 0

0 0 0 0

4 5014 1 359

4 4268 4 1803

7 8357 3 1913

34 18576 139 177823

1 1147 1 375

1 1163 1 391

0 0 3 1176

0 0 0 0

15 17197 9 6810

9 8173 9 9040

3 2946 4 1592

4 4745 4 1614

17 23044 0 0

32 23334 1294 1632644

114 113143 2194 2739348

41 42693 397 485264

22 21133 23 20137

4 3526 10 5394

0 0 0 0

3 3496 6 4295

0 0 0 0

3 3249 3 1093

4 4458 3 1481

17 20892 8 3306

2 2055 1 681

6 6691 5 3963

0 0 0 0

1 1327 1 441

3 3393 3 1141

3 2850 2 944

1 1051 0 0

4 4827 9 3313

0 0 0 0

0 0 0 0

0 0 0 0

2 2506 2 832

2 2294 2 766

3 3233 2 750

6 6498 4 1452

0 0 0 0

0 0 0 0

0 0 0 0

4 4189 3 1383

2 2458 2 832

3 3362 2 1120

8 7309 8 3674

0 0 0 0

0 0 0 0

0 0 0 0

4 3997 3 1319

2 2390 2 798

9 8782 10 6688

4 4886 1 441

0 0 0 0

0 0 0 0

4 3678 2 1218

5 5656 4 1902

3 3297 3 1125

1 1035 1 343

0 0 0 0

0 0 0 0

1 1099 1 359

5 5776 4 1938

2 2278 2 766

4 4602 3 1577

3 3079 0 0

0 0 0 0

0 0 0 0

6 5748 2 1170

3 3329 2 750

7 8777 2 944

5 5417 4 2176

14 19645 0 0

0 0 0 0

0 0 0 0

4 4348 1 375

4 4380 3 1109

7 6811 9 3955

5 6143 2 750

0 0 0 0

0 0 0 0

2 2310 2 766

5 5621 4 1888

3 3573 3 1207

1 1131 1 391

5 4610 6 5263

3 3629 1 391

4 4861 4 1664

2 2499 2 848

6 6306 2 1218

1 1115 1 375

0 0 0 0

0 0 0 0

5 5543 1 375

5 6053 6 3106

5 5517 3 1835

2 2342 3 1173

0 0 0 0

1 1115 1 375

5 5399 1 359

2 2230 3 1109

4 4109 3 1367

5 5604 2 992

0 0 0 0

0 0 0 0

1 1179 1 391

6 5014 7 2945

3 2818 2 944

3 2612 2 782

4 3005 3 1321

1 1115 1 375

0 0 6 2026

0 0 0 0

3 1889 1 553

3 3217 4 1452

6 7558 4 2016

4 4237 3 1399

0 0 0 0

0 0 0 0

0 0 0 0

12 11681 16 14249

4 4730 4 2322

2 2198 2 734

3 3434 3 1559

0 0 0 0

0 0 0 0

6 6993 3 1833

4 4293 4 1806

10 9843 7 4314

8 8961 1 359

11 13472 7 2609

9 11874 0 0

0 0 0 0

5 6149 6 3568

2 2294 2 782

6 5174 4 1890

2 2326 4 1564

0 0 0 0

0 0 0 0

7 5824 6 2058

3 3525 3 1175

4 4317 3 1447

5 6274 3 1319

1 1263 1 425

0 0 0 0

0 0 0 0

6 6739 1 391

3 3345 4 1838

2 2118 2 718

3 3247 4 1574

1 1051 1 359

0 0 0 0

0 0 0 0

2 2310 2 782

5 5255 0 0

6 6016 5 2555

10 9540 12 11572

4 5014 3 1255

0 0 0 0

0 0 0 0

1 1099 0 0

5 5772 4 1582

3 3409 3 1479

9 10715 7 2953

0 0 0 0

0 0 0 0

0 0 0 0

8 7537 49 62385

8 9066 39 47737

4 5462 1 521

5 6230 3 2107

3 1780 5 1841

0 0 0 0

0 0 0 0

9 10737 7 5082

3 3377 3 1125

2 2310 2 782

3 3345 3 1125

0 0 0 0

0 0 0 0

0 0 0 0

5 4842 6 2234

8 9458 4 1776

2 2214 2 734

0 0 0 0

0 0 0 0

0 0 0 0

1 1099 1 375

5 5997 3 1995

6 6765 2 750

2 2426 2 816

26 34027 14 12606

1 1115 1 375

6 5156 9 8295

0 0 0 0

7 8692 3 2315

3 3493 4 1616

5 6319 2 1154

6 6569 3 1625

1 1432 1 729

0 0 0 0

0 0 0 0

5 6053 3 1543

3 3058 2 1008

6 5465 9 3297

1 1163 1 391

2 2278 1 375

0 0 9 3009

0 0 0 0

3 4026 0 0

4 4250 2 944

3 3282 2 1088

5 5397 2 960

2 2262 1 375

2 2230 10 3368

0 0 0 0

0 0 0 0

2 2278 2 766

4 3837 3 1271

6 6496 4 1678

5 4691 11 8252

0 0 0 0

2 2511 0 0

1 1067 1 359

4 4397 3 1093

2 2150 2 718

3 3621 3 1191

5 5575 1 375

0 0 0 0

5 4611 6 5242

3 3393 1 391

4 3486 2 1154

3 3361 3 1125

2 2262 2 766

6 6690 2 750

0 0 1 324

11 9140 4 1197

1 1244 6 3864

2 2230 2 766

4 4221 3 1383

4 4492 3 1141

9 10752 3 1817

1 1432 1 809

0 0 0 0

0 0 0 0

2 2262 2 750

4 5014 4 1582

6 6737 3 1753

7 7310 2 1008

3 4028 0 0

0 0 0 0

0 0 0 0

3 3493 3 1175

3 3662 3 1271

32 38847 3 1367

2 2134 2 718

0 0 0 0

0 0 0 0

1 1083 1 375

2 2150 3 1093

5 5685 6 3362

4 4273 3 1417

2 2230 1 375

2 2509 0 0

0 0 0 0

4 4825 0 0

10 9949 14 8260

13 15831 8 5489

4 4127 9 3375

3 1716 5 1841

0 0 0 0

0 0 0 0

5 5664 4 1918

6 7674 6 4164

5 5351 3 1061

1 1067 2 734

4 5728 0 0

6 8162 0 0

3 3409 5 1763

8 7709 3 2106

1 1035 2 718

2 2230 2 750

4 4666 2 1088

0 0 0 0

0 0 0 0

1 1432 1 521

4 4093 2 976

6 6339 8 7096

31 29156 140 181088

121 91573 1350 1683556

61 37891 2645 3319899

61 64265 846 1035312

0 0 0 0

13 13332 10 8020

2 2118 2 718

8 7799 9 7713

9 9750 6 2115

0 0 0 0

6 6406 3 1006

5 6271 0 0

8 8510 6 2485

7 6209 10 4184

15 15295 15 13613

3 3026 2 992

0 0 0 0

4 4144 3 1006

0 0 0 0

11 11682 6 2053

1 1099 2 1136

64 68466 190 216829

14 15753 103 123736

5 6407 1 713

0 0 0 0

117 160565 11 8812

8 7967 6 2768

12 13684 8 7362

27 33746 3 1239

4 5288 1 375

3 3970 2 848

0 0 0 0

0 0 0 0

2 1639 1 537

6 6592 5 2359

4 4573 3 1527

6 6115 1 617

3 3393 5 1827

0 0 0 0

8 7231 10 10902

2 2023 1 665

3 3201 3 1061

7 7168 3 1319

7 7710 1 617

3 2802 3 1335

3 1780 5 1414

3 1248 8 4041

0 0 0 0

7 7909 3 2155

2 2102 2 702

2 2262 4 1424

9 8587 11 11208

3 3152 3 1176

0 0 0 0

0 0 0 0

3 3733 1 375

5 6037 5 2277

4 4444 1 359

8 8964 5 2094

2 2864 2 1218

0 0 0 0

0 0 0 0

0 0 0 0

6 7210 3 1481

8 9603 5 2419

4 5071 5 2039

4 4292 1 681

0 0 0 0

1 1432 0 0

6 5131 2 604

1 1195 1 391

0 0 0 0

0 0 0 0

0 0 0 0

0 0 0 0

5 4346 8 9071

0 0 0 0

0 0 0 0

3 1716 6 2058

0 0 0 0

2 1885 0 0

0 0 0 0

2 2668 0 0

0 0 0 0

0 0 0 0

0 0 0 0

0 0 0 0

5 4351 7 7849

0 0 0 0

0 0 0 0

0 0 0 0

0 0 0 0

0 0 0 0

2 2190 0 0

0 0 0 0

4 5497 0 0

0 0 0 0

0 0 0 0

3 2818 2 928

6 6683 2 943

17 22932 5 2039

4 5047 4 1763

0 0 0 0

0 0 0 0

0 0 0 0

5 5685 3 1302

4 4406 2 750

5 5445 3 1302

4 4490 2 943

4 5491 0 0

2 1268 2 553

11 8437 17 11115

3 3695 3 1306

5 4774 2 1089

2 2611 2 896

4 5094 2 750

3 4296 1 489

0 0 0 0

0 0 0 0

5 5288 4 1661

4 4218 2 686

3 3297 3 1109

4 4365 1 552

5 4503 2 546

0 0 8 10301

1 1131 1 375

4 4157 3 1302

5 3544 2 943

3 3361 3 1125

1 1375 1 457

0 0 0 0

2 2711 1 489

2 2695 3 1339

4 4381 2 734

4 4642 1 552

4 4142 3 1337

1 1115 1 375

0 0 0 0

0 0 0 0

1 1083 1 359

9 9712 11 6943

2 2326 2 782

5 3962 7 2575

1 1067 1 359

0 0 0 0

0 0 0 0

8 7809 7 5662

6 7118 4 1567

3 3138 2 943

4 4234 3 1400

4 4588 2 782

0 0 0 0

0 0 0 0

1 1195 2 814

5 5544 7 2700

3 3026 2 927

3 3318 2 1025

5 4966 1 552

12 12886 6 5296

1 1245 1 425

10 10752 5 2488

19 25191 2 734

2 2230 2 766

0 0 0 0

0 0 0 0

1 1179 1 391

3 3331 3 1109

3 3284 3 1112

2 2428 2 816

2 2248 2 766

0 0 0 0

0 0 0 0

4 4403 3 1173

9 9084 5 2209

11 11761 12 5201

6 7432 2 718

4 4500 6 3103

0 0 0 0

0 0 0 0

2 2280 2 785

2 2200 2 734

8 8042 5 1722

1 1432 6 6466

6 6760 3 1160

2 2264 2 766

2 2221 0 0

0 0 0 0

4 4742 1 552

4 3984 3 1318

2 2508 2 832

5 6904 2 962

5 6488 3 1242

0 0 0 0

0 0 0 0

6 5667 7 5656

5 5004 4 1680

4 3872 2 1104

3 3428 3 1157

5 6024 2 801

2 2186 0 0

2 2519 0 0

0 0 0 0

2 2232 2 750

4 4512 4 1516

3 3336 2 977

6 6536 2 833

4 2816 6 2184

0 0 0 0

0 0 0 0

3 2804 2 927

4 4144 4 1629

3 3316 2 718

6 6750 2 750

1 1148 1 391

2 2596 0 0

0 0 0 0

4 4860 3 1176

2 2232 3 1271

8 8058 9 6411

5 5576 2 832

4 4796 0 0

0 0 0 0

0 0 0 0

4 4640 4 1567

2 2314 2 784

21 26424 1 552

2 2136 2 718

7 8586 2 766

0 0 0 0

0 0 0 0

8 8160 6 5279

4 4860 4 1713

2 2216 2 750

6 7256 2 750

6 6628 4 1680

0 0 0 0

0 0 0 0

1 1148 1 375

8 7040 9 3617

3 3466 1 375

6 7316 4 1614

4 4656 1 391

0 0 0 0

0 0 0 0

1 1132 1 375

4 4064 3 1238

4 4400 4 1503

3 3380 3 1141

0 0 0 0

0 0 0 0

0 0 0 0

3 3412 3 1160

5 5300 2 927

6 7791 2 766

8 8094 9 6474

3 3396 3 1176

0 0 0 0

0 0 0 0

0 0 0 0

3 2980 1 391

6 7020 5 2166

2 2152 4 1487

1 1116 1 375

0 0 0 0

0 0 0 0

5 6084 2 927

16 18069 6 2147

8 9360 7 5858

2 2328 2 766

0 0 0 0

3 1780 4 1197

1 1084 2 1003

6 7596 4 1633

11 10800 4 1905

5 4374 3 1141

0 0 0 0

0 0 0 0

0 0 0 0

3 3172 2 943

5 5796 2 927

7 6802 2 734

5 5484 5 1862

4 4910 0 0

0 0 0 0

0 0 0 0

4 4144 3 1305

7 8076 2 943

26 34750 6 2797

3 3256 2 993

0 0 0 0

5 4518 6 5280

5 6155 3 1160

7 7344 4 1822

9 11020 4 1744

2 2424 2 833

0 0 0 0

0 0 0 0

1 1164 1 391

4 4288 5 1811

6 6152 4 1677

4 4096 3 1334

1 1036 1 343

0 0 0 0

8 6379 11 7126

0 0 0 0

5 5309 3 1061

4 4672 4 1599

5 5801 3 1128

3 3584 2 1089

0 0 0 0

0 0 0 0

0 0 0 0

4 4432 4 1519

2 2184 2 734

2 2072 2 702

6 6824 3 1125

0 0 0 0

0 0 0 0

5 6490 0 0

6 6132 4 1911

4 4978 2 750

4 4656 4 1583

2 2200 2 750

0 0 0 0

0 0 0 0

0 0 0 0

7 6782 8 6045

6 6132 4 2017

4 4684 4 1614

2 1640 1 537

0 0 0 0

0 0 0 0

4 4736 1 375

4 4356 3 1416

6 7613 2 750

5 4128 9 3306

2 2216 2 734

0 0 0 0

0 0 0 0

5 4567 7 6497

3 3060 2 959

5 5116 3 1160

9 10244 6 2607

3 3076 2 911

0 0 0 0

2 2190 0 0

1 1328 0 0

4 4784 3 1191

20 28040 2 785

5 6229 3 1159

5 5180 4 1629

0 0 0 0

0 0 0 0

0 0 0 0

3 3220 2 943

3 3316 3 1144

4 4812 3 1160

2 2540 2 864

2 2312 2 766

2 2186 0 0

0 0 0 0

10 12984 1 391

8 8010 6 2059

5 4748 7 6200

5 5276 4 1757

0 0 0 0

0 0 0 0

3 1684 5 1841

5 5692 3 1157

2 2216 3 1141

3 3412 3 1141

2 2248 2 750

4 4380 0 0

2 2738 0 0

10 9475 11 8100

4 4496 4 1516

3 3332 3 1128

0 0 0 0

2 2280 2 766

7 7868 5 1897

2 2136 1 359

3 3696 3 1239

0 0 1 391

3 3537 0 0

3 4296 0 0

4 4897 1 375

2 2248 3 1255

3 3380 3 1160

2 2344 2 782

2 2200 2 750

0 0 0 0

0 0 0 0

2 2232 2 750

4 4352 3 1318

3 3720 3 1255

3 3268 3 1093

0 0 0 0

16 16635 11 7079

0 0 0 0

4 4448 4 1519

8 10172 3 1321

2 2264 2 785

5 6036 3 1464

1 1068 1 359

0 0 0 0

0 0 0 0

1 1328 0 0

2 2152 2 800

21 26788 2 718

7 6599 9 8507

8 9630 4 1551

1 1408 1 473

0 0 0 0

0 0 0 0

17 20300 5 3357

6 6948 5 2281

2 2184 2 718

4 4240 3 1286

0 0 0 0

3 3009 6 5992

0 0 0 0

3 3380 3 1141

1 1100 1 375

5 5560 3 1334

6 7293 2 782

1 1116 2 750

0 0 0 0

0 0 0 0

1 1132 1 391

7 6404 8 2812

4 4320 4 1772

2 2264 3 1093

2 2056 1 552

5 4398 3 3080

0 0 4 4698

1 1068 1 359

5 6117 3 1303

6 5778 2 1104

2 2120 2 702

2 2332 2 784

0 0 0 0

0 0 0 0

0 0 0 0

3 3300 3 1109

2 2612 2 928

7 6831 5 1751

4 3872 7 5949

0 0 0 0

2 2513 0 0

0 0 0 0

5 5325 3 1061

3 3332 3 1109

3 2599 2 800

3 2500 10 5232

0 0 1 375

0 0 0 0

0 0 0 0

3 3366 2 750

2 2184 3 1109

4 4828 3 1176

4 4816 2 750

5 2843 6 2479

7 6308 5 1841

2 2187 0 0

1 1036 1 343

5 4972 3 1447

1 1116 1 375

4 4448 4 1519

3 3044 2 911

18 22179 2 840

5 4550 6 5272

0 0 0 0

4 4572 3 1432

2 2264 2 785

5 6155 3 1223

4 4908 4 1729

0 0 0 0

2 2104 0 0

1 1424 1 473

3 3288 2 1025

3 3492 3 1157

6 6056 3 1656

6 5967 8 6046

0 0 0 0

0 0 0 0

3 2724 2 895

6 5623 4 1709

5 5676 2 927

4 4544 4 1586

0 0 0 0

2 2189 0 0

1 1036 1 359

3 3432 3 1143

2 2428 2 816

7 6116 9 3341

0 0 0 0

0 0 0 0

0 0 0 0

1 1116 1 375

4 5016 4 1664

4 4396 2 911

4 4878 2 766

2 2408 2 833

0 0 0 0

2 2191 0 0

3 2852 2 911

8 7994 9 6433

3 3302 2 959

4 4692 3 1416

2 2200 1 375

0 0 0 0

2 2612 2 896

4 4619 2 782

4 4620 3 1432

2 2548 2 896

1 1068 1 359

2 2193 0 0

6 5232 6 5289

1 1116 1 375

3 3108 2 911

4 4480 3 1498

4 4656 5 1990

5 5839 1 359

0 0 0 0

2 2513 0 0

5 4044 7 2658

4 4688 4 1615

4 4304 3 1093

3 3332 4 1532

17 22589 0 0

2 2191 0 0

0 0 0 0

5 5592 4 1810

7 7412 5 1977

4 3968 6 2280

0 0 0 0

0 0 0 0

2 2291 0 0

3 3172 3 1112

5 5436 4 1693

3 3316 3 1109

6 6046 8 6229

0 0 0 0

5 5847 0 0

1 1116 1 375

5 4780 3 1495

3 3156 3 1061

2 2264 2 766

1 1132 1 375

2 2511 0 0

0 0 0 0

7 9140 3 1176

5 4972 4 1645

8 7975 8 6367

4 4016 2 1104

0 0 0 0

2 2189 0 0

3 1716 5 1841

3 3108 2 959

3 2836 2 911

6 6680 2 734

5 5593 4 1535

1 1116 1 375

0 0 0 0

0 0 0 0

1 1408 1 473

2 2200 2 750

2 2296 2 766

6 6160 4 1744

3 3204 2 927

2 2191 0 0

0 0 0 0

0 0 0 0

5 5596 4 1776

6 6339 3 1254

2 2216 2 750

3 3092 2 911

0 0 0 0

6 5950 6 5260

1 1084 1 375

4 4032 2 1104

4 4532 3 1384

7 8194 3 1109

3 3241 1 343

3 2878 5 3821

0 0 0 0

6 6742 2 943

1 1164 2 734

3 3364 3 1160

9 8319 13 8483

21 25256 3 1571

0 0 0 0

0 0 0 0

0 0 0 0

3 3268 2 943

2 2784 2 930

5 5845 3 1239

4 4176 3 1286

0 0 0 0

0 0 0 0

2 2643 0 0

3 3714 3 1305

5 5052 3 1495

2 2484 2 880

2 1672 1 537

2 1752 1 552

0 0 0 0

0 0 0 0

4 4080 3 1302

3 3156 2 943

7 7835 5 1926

1 1068 1 359

2 2295 0 0

0 0 0 0

8 7450 7 5592

4 4624 5 2154

4 4236 3 1432

2 2248 2 750

1 1068 1 359

0 0 0 0

0 0 0 0

1 1020 1 343

7 5812 8 3127

6 6815 4 1583

4 4827 11 5610

7 6131 5 1903

0 0 4 4734

0 0 0 0

2 2168 2 734

4 4224 3 1270

4 4048 3 1302

2 2396 2 800

2 544 2 842

0 0 0 0

2 2444 2 832

5 5340 4 1645

5 5427 1 552

4 4587 3 1191

0 0 0 0

4 4382 9 4997

0 0 0 0

3 3060 2 959

5 5340 4 1661

6 6931 2 750

4 4848 4 1682

0 0 0 0

0 0 0 0

0 0 0 0

3 3476 3 1157

4 4816 2 769

11 10787 9 6573

3 2868 2 911

32 43803 1 457

0 0 0 0

3 1780 5 1841

2 2264 2 766

2 2200 2 750

3 3428 3 1176

2 2428 2 816

3 3256 2 993

0 0 0 0

0 0 0 0

8 8164 7 5601

3 3632 3 1274

6 6491 2 895

2 2532 3 1271

3 2996 2 911

0 0 0 0

0 0 0 0

0 0 0 0

4 4444 3 1448

3 3444 3 1176

2 2612 2 912

5 4700 3 1447

0 0 0 0

2 2736 0 0

1 1068 1 359

6 6313 3 1385

3 3032 2 993

2 2620 2 880

1 1180 1 407

1 1116 1 375

0 0 0 0

0 0 0 0

1 1344 1 457

5 4764 3 1448

15 13504 11 4324

3 3448 7 6151

2 2511 0 0

0 0 0 0

4 4635 1 375

4 3776 3 1561

2 2216 1 375

2 2492 3 1207

3 3124 2 943

0 0 0 0

0 0 0 0

0 0 0 0

8 7915 9 6448

3 2996 2 943

4 4000 3 1270

5 5978 3 1125

0 0 0 0

0 0 0 0

2 2189 0 0

8 8785 3 1270

2 2508 2 848

4 4496 4 1516

2 2216 2 769

0 0 0 0

0 0 0 0

2 2232 2 769

6 6928 3 1318

21 26729 2 943

3 3316 2 750

4 4540 2 911

0 0 0 0

2 2193 0 0

4 2832 6 2200

2 2280 2 766

1 1148 1 391

2 2200 2 734

2 2264 2 766

8 7706 8 6004

0 0 0 0

0 0 0 0

0 0 0 0

4 4384 4 1503

5 5579 2 927

