1 974 3 3479

1 783 0 0

0 0 1 516

10 12929 349 438844

0 0 12 16637

0 0 0 0

4 3136 6 2297

0 0 1 516

2 1782 337 422492

0 0 0 0

1 963 2 825

0 0 0 0

0 0 0 0

2 1305 402 504696

0 0 0 0

5 6182 26 34669

0 0 0 0

1 915 1 309

1 963 0 0

3 3060 168 208361

0 0 0 0

0 0 0 0

2 1820 1 616

0 0 0 0

0 0 0 0

0 0 0 0

0 0 0 0

0 0 0 0

0 0 0 0

1 915 1 309

2 1830 2 618

4 2631 8 2794

0 0 0 0

0 0 0 0

0 0 0 0

0 0 0 0

1 963 1 325

2 1892 1 616

0 0 0 0

0 0 0 0

0 0 0 0

0 0 0 0

0 0 0 0

0 0 0 0

0 0 0 0

13 12686 10 9112

2 2260 1 744

0 0 0 0

0 0 0 0

0 0 0 0

0 0 0 0

0 0 0 0

1 1432 1 488

0 0 0 0

6 5010 7 5532

0 0 0 0

0 0 0 0

0 0 0 0

0 0 0 0

5 4603 6 2266

1 416 1 644

0 0 0 0

0 0 0 0

0 0 0 0

0 0 0 0

0 0 0 0

1 931 1 309

1 1032 1 342

0 0 0 0

1 931 1 325

0 0 0 0

1 931 1 309

0 0 0 0

0 0 0 0

1 1192 1 406

0 0 0 0

0 0 0 0

0 0 0 0

1 1432 1 504

1 899 1 309

0 0 0 0

1 1096 1 374

0 0 0 0

4 2290 8 2868

0 0 0 0

1 931 0 0

0 0 1 309

2 2324 1 776

0 0 0 0

0 0 0 0

0 0 0 0

0 0 0 0

0 0 0 0

0 0 0 0

1 931 1 309

4 4744 0 0

3 3111 2 1021

0 0 0 0

0 0 0 0

1 1016 1 342

0 0 0 0

0 0 0 0

0 0 0 0

0 0 0 0

1 1016 1 342

1 1432 0 0

0 0 0 0

0 0 0 0

1 1128 1 390

3 1716 5 1841

1 1016 1 342

0 0 0 0

2 2156 1 728

0 0 0 0

0 0 0 0

1 931 0 0

0 0 1 309

0 0 0 0

1 1292 1 424

4 4640 1 390

1 915 1 309

0 0 0 0

1 1128 1 390

1 899 1 293

0 0 0 0

2 1780 1 584

0 0 0 0

0 0 0 0

1 202 0 0

0 0 0 0

0 0 0 0

0 0 0 0

0 0 0 0

1 1080 1 374

3 1716 5 1841

0 0 0 0

1 947 1 325

0 0 0 0

1 931 1 309

1 931 1 309

0 0 0 0

1 899 1 309

0 0 0 0

10 14054 0 0

2 2244 1 744

0 0 0 0

0 0 0 0

0 0 0 0

2 2347 2 797

0 0 0 0

0 0 0 0

0 0 0 0

1 1112 1 374

0 0 0 0

1 1432 0 0

0 0 0 0

0 0 0 0

2 1332 3 781

1 416 2 1060

0 0 0 0

0 0 0 0

2 1860 1 616

0 0 0 0

1 915 1 309

1 1144 1 390

0 0 0 0

0 0 0 0

0 0 0 0

0 0 0 0

1 947 1 325

0 0 0 0

3 2032 11 6333

0 0 0 0

0 0 0 0

1 931 2 618

1 963 1 325

0 0 0 0

1 225 1 408

1 225 3 1307

1 915 1 309

0 0 0 0

1 980 3 1550

1 980 1 342

3 1684 5 1841

0 0 6 2314

1 963 1 325

2 450 4 1730

2 2864 2 1040

0 0 0 0

0 0 0 0

0 0 0 0

3 2874 5 3821

0 0 0 0

0 0 0 0

0 0 0 0

2 2036 1 680

3 3724 1 744

4 5459 0 0

0 0 0 0

0 0 0 0

1 982 1 325

0 0 0 0

1 963 1 325

1 1432 1 520

0 0 0 0

0 0 0 0

0 0 0 0

1 1408 2 967

5 3690 51 51878

0 0 2 705

0 0 0 0

3 1684 5 1841

1 915 1 309

2 1596 5 3821

4 3852 1 325

1 963 3 1178

0 0 0 0

0 0 0 0

0 0 0 0

0 0 0 0

1 915 1 309

1 947 1 325

0 0 0 0

1 963 1 325

1 947 1 325

0 0 0 0

2 2228 1 728

0 0 0 0

1 931 1 309

1 1032 1 342

0 0 0 0

0 0 0 0

1 947 1 309

1 1160 1 390

0 0 0 0

0 0 0 0

1 947 1 325

0 0 0 0

0 0 0 0

3 1780 5 1841

3 2885 8 4783

1 947 1 309

1 980 1 342

0 0 0 0

1 931 1 325

0 0 0 0

0 0 2 820

1 1160 1 390

4 3566 10 9011

0 0 0 0

0 0 0 0

0 0 0 0

1 963 1 325

7 8576 2 667

0 0 0 0

2 1684 1 552

0 0 0 0

2 436 12 4248

2 2004 1 664

2 1880 2 904

0 0 0 0

0 0 0 0

0 0 0 0

3 2745 11 4764

0 0 0 0

3 1716 5 1841

0 0 0 0

0 0 0 0

1 1404 3 1180

0 0 0 0

0 0 0 0

0 0 0 0

1 931 1 309

0 0 2 658

1 1064 3 1411

0 0 1 221

0 0 0 0

0 0 2 759

0 0 2 833

1 1226 1 424

0 0 0 0

0 0 0 0

0 0 0 0

1 1080 1 358

0 0 0 0

0 0 0 0

0 0 0 0

0 0 0 0

1 947 1 325

0 0 0 0

0 0 0 0

1 963 1 325

3 1748 5 1840

2 2388 1 792

2 1652 1 536

0 0 0 0

0 0 0 0

0 0 0 0

0 0 0 0

0 0 0 0

0 0 0 0

0 0 0 0

0 0 0 0

0 0 0 0

1 1112 1 374

4 4748 2 904

0 0 0 0

0 0 0 0

1 915 1 309

6 4683 5 3523

4 4852 1 648

1 915 1 309

0 0 0 0

2 2075 2 699

0 0 0 0

4 2727 6 2166

1 1096 1 374

0 0 0 0

0 0 0 0

0 0 0 0

0 0 0 0

0 0 0 0

0 0 0 0

0 0 0 0

2 1892 1 616

0 0 3 1417

2 1752 1 427

1 1432 1 406

5 7160 1 390

0 0 0 0

1 931 3 988

1 1016 1 342

0 0 0 0

0 0 0 0

0 0 0 0

0 0 0 0

0 0 0 0

0 0 0 0

0 0 0 0

1 963 1 325

0 0 0 0

0 0 0 0

0 0 0 0

1 947 1 309

4 3040 6 2297

19 10134 1518 2148049

146 117388 5194 6514422

107 81474 2494 3145605

12 13309 11 9249

128 181015 0 0

7 6201 96 113056

0 0 2 420

2 1923 1 488

0 0 0 0

0 0 1 207

0 0 0 0

0 0 1 210

26 27535 144 171418

0 0 0 0

0 0 0 0

0 0 0 0

0 0 0 0

12 13566 7 4622

0 0 0 0

10 10548 5 3525

11 12639 9 5417

1 1064 2 604

0 0 0 0

0 0 0 0

3 735 0 0

1 265 8 10053

51 48684 957 1193438

69 64899 669 843770

35 33056 127 147053

6 5431 15 7811

3 1780 5 1841

3 4296 0 0

0 0 0 0

0 0 0 0

4 5510 0 0

0 0 0 0

1 1064 1 358

0 0 3 1154

0 0 0 0

1 947 1 309

0 0 0 0

0 0 0 0

0 0 0 0

0 0 0 0

2 1995 4 1366

5 6187 1 358

0 0 0 0

0 0 0 0

0 0 2 999

0 0 0 0

2 1926 0 0

3 2857 3 975

0 0 0 0

1 932 1 325

0 0 2 1079

1 1113 4 2354

3 1921 7 3650

6 6271 6 4265

1 1097 4 3820

5 6219 11 6063

3 1684 7 2286

1 948 3 997

4 4126 5 3752

2 450 7 5877

0 0 1 395

0 0 0 0

1 1049 3 1358

1 220 2 884

0 0 0 0

0 0 2 856

3 3433 1 309

0 0 0 0

1 948 1 325

0 0 0 0

2 450 2 841

83 50081 5922 7425840

76 84253 1488 1866587

114 134562 1037 1311295

113 131352 154 171538

19 25431 55 73584

66 77009 79 92932

7 6885 3 3266

4 3807 6 6496

0 0 0 0

0 0 0 0

4 4776 1 358

19 19576 35 37242

6 6049 9 5654

7 7963 2 571

0 0 0 0

0 0 0 0

0 0 0 0

3 1780 5 1841

8 8553 5 3964

0 0 0 0

0 0 0 0

3 2824 0 0

1 1065 1 358

5 4541 6 5281

0 0 0 0

0 0 0 0

0 0 0 0

0 0 0 0

0 0 0 0

1 964 1 325

0 0 0 0

0 0 0 0

0 0 0 0

6 6575 1 325

0 0 0 0

0 0 0 0

0 0 0 0

1 1113 0 0

4 4668 1 374

0 0 1 270

0 0 0 0

0 0 0 0

1 203 3 1150

5 6144 1 358

0 0 2 869

58 80729 10 11436

4 3780 124 151048

5 6432 1 342

4 2602 6 2062

0 0 0 0

0 0 1 256

4 4196 1 358

1 228 1 311

0 0 1 236

5 6086 0 0

0 0 1 251

4 4879 0 0

2 1709 1 584

1 825 0 0

5 4421 10 8573

0 0 0 0

0 0 0 0

1 916 1 309

0 0 0 0

6 6299 1 632

0 0 0 0

0 0 0 0

0 0 1 254

1 1278 0 0

7 7210 12 12832

0 0 0 0

0 0 0 0

1 916 1 309

0 0 0 0

0 0 0 0

1 932 3 903

0 0 0 0

5 6943 2 751

11 12140 8 7422

4 4916 16 17002

5 2486 6 2046

0 0 0 0

0 0 0 0

14 5834 59 53372

0 0 1 205

2 2122 1 406

0 0 0 0

0 0 0 0

0 0 0 0

0 0 0 0

1 1193 1 406

5 6106 0 0

26 36121 5 5425

1 916 1 309

0 0 0 0

7 6914 7 5990

0 0 0 0

0 0 0 0

0 0 0 0

0 0 0 0

1 1243 1 406

0 0 0 0

0 0 0 0

2 2659 1 472

0 0 1 205

5 6188 1 459

0 0 0 0

0 0 0 0

2 1637 1 536

0 0 0 0

0 0 0 0

2 1709 5 2824

4 1904 6 2058

0 0 0 0

0 0 0 0

0 0 0 0

0 0 0 0

0 0 0 0

3 4261 0 0

1 1033 1 342

0 0 0 0

3 2874 5 3820

1 1049 1 358

1 932 1 309

1 202 3 1326

0 0 4 1768

13 13280 6 4169

0 0 0 0

0 0 0 0

0 0 0 0

0 0 0 0

5 4353 7 7795

3 3097 1 422

2 544 2 844

0 0 0 0

0 0 0 0

0 0 0 0

0 0 0 0

2 1813 1 600

0 0 2 536

0 0 0 0

0 0 0 0

0 0 0 0

1 1000 1 325

0 0 0 0

5 4355 5 1841

0 0 0 0

0 0 0 0

0 0 0 0

0 0 0 0

2 1928 1 325

0 0 0 0

3 2874 5 3821

1 964 1 325

0 0 0 0

3 3645 2 1456

0 0 0 0

2 2518 0 0

0 0 0 0

0 0 0 0

0 0 0 0

1 916 1 309

1 916 1 309

1 948 1 309

0 0 0 0

0 0 0 0

5 4525 6 5259

1 932 1 325

0 0 0 0

0 0 0 0

1 1357 1 456

2 2630 0 0

0 0 0 0

0 0 0 0

0 0 0 0

0 0 0 0

3 1716 5 1841

0 0 0 0

0 0 0 0

0 0 0 0

0 0 0 0

1 916 1 309

0 0 0 0

6 6430 6 6280

18 20806 68 76764

13 15592 5 3960

6 4647 7 5554

0 0 0 0

0 0 0 0

2 2130 1 358

0 0 0 0

0 0 0 0

0 0 0 0

1 1081 1 358

0 0 0 0

0 0 0 0

3 2937 2 973

0 0 0 0

0 0 0 0

0 0 0 0

0 0 0 0

0 0 0 0

0 0 0 0

0 0 0 0

5 3467 6 2199

0 0 0 0

1 964 1 325

0 0 0 0

0 0 0 0

1 916 1 309

0 0 0 0

0 0 0 0

1 964 1 325

0 0 0 0

0 0 0 0

0 0 0 0

0 0 0 0

4 3617 9 8744

0 0 0 0

2 1237 7 4302

0 0 0 0

0 0 0 0

1 1145 1 374

0 0 0 0

0 0 0 0

0 0 0 0

2 1152 1 309

0 0 0 0

2 2165 1 712

0 0 0 0

0 0 0 0

0 0 0 0

0 0 0 0

0 0 0 0

3 1684 5 1841

0 0 0 0

0 0 0 0

2 2261 1 744

0 0 4 1768

0 0 0 0

0 0 0 0

0 0 0 0

0 0 0 0

0 0 0 0

2 1973 1 648

2 544 1 418

4 5598 1 421

0 0 0 0

2 2257 2 765

0 0 0 0

0 0 0 0

0 0 0 0

1 981 1 325

0 0 0 0

0 0 0 0

0 0 0 0

0 0 0 0

1 964 1 325

4 2386 5 1533

0 0 1 644

0 0 0 0

4 3856 0 0

1 964 1 325

2 2197 1 728

0 0 0 0

0 0 0 0

0 0 0 0

1 220 4 2240

1 220 0 0

1 964 1 325

0 0 0 0

4 4580 1 374

0 0 0 0

1 948 1 325

1 1065 1 358

0 0 0 0

0 0 0 0

0 0 0 0

0 0 0 0

0 0 0 0

0 0 0 0

1 1000 1 325

0 0 0 0

0 0 0 0

4 2682 6 2183

26 22738 157 208882

96 104048 111 127666

47 42920 136 156010

12 14068 28 28291

5 4673 10 8448

7 7533 1 1402

0 0 0 0

0 0 0 0

0 0 0 0

0 0 0 0

0 0 0 0

0 0 0 0

0 0 0 0

4 4516 1 374

0 0 0 0

4 4410 0 0

0 0 0 0

0 0 0 0

4 4901 0 0

0 0 0 0

2 1701 1 552

0 0 0 0

0 0 0 0

2 2069 1 680

0 0 0 0

0 0 0 0

0 0 0 0

1 981 0 0

3 2943 1 325

0 0 0 0

0 0 0 0

5 4611 5 1841

0 0 0 0

1 964 1 325

0 0 0 0

0 0 0 0

0 0 0 0

1 932 1 309

6 5563 7 5621

0 0 0 0

0 0 0 0

1 1161 1 390

1 998 1 342

0 0 0 0

3 3665 0 0

0 0 0 0

0 0 0 0

1 948 1 325

0 0 0 0

2 1896 1 325

0 0 0 0

0 0 0 0

0 0 0 0

0 0 0 0

2 1893 1 632

0 0 0 0

0 0 0 0

4 5674 4 2566

0 0 0 0

1 932 1 309

2 1832 4 1278

3 1748 5 1841

5 5378 1 648

0 0 0 0

0 0 0 0

0 0 0 0

0 0 0 0

0 0 0 0

0 0 0 0

2 2448 10 9800

0 0 0 0

0 0 0 0

5 4631 6 5260

0 0 0 0

1 1357 3 1603

0 0 0 0

5 6070 0 0

0 0 0 0

0 0 2 709

0 0 0 0

2 1925 3 1341

0 0 0 0

2 2726 0 0

0 0 0 0

0 0 0 0

2 2293 1 760

0 0 0 0

0 0 0 0

0 0 0 0

0 0 0 0

0 0 0 0

0 0 0 0

0 0 0 0

5 4057 7 2834

0 0 0 0

2 2508 0 0

0 0 0 0

0 0 0 0

0 0 0 0

1 998 1 342

0 0 0 0

0 0 0 0

0 0 0 0

1 1081 1 358

0 0 0 0

0 0 0 0

4 4565 0 0

8 8557 7 5824

0 0 0 0

0 0 0 0

0 0 0 0

0 0 0 0

1 1049 1 358

0 0 0 0

1 916 1 309

0 0 0 0

1 1065 1 358

0 0 0 0

0 0 0 0

0 0 0 0

0 0 0 0

3 3557 1 325

0 0 0 0

1 1161 1 390

3 1748 5 1841

1 932 1 309

1 1113 1 374

0 0 0 0

0 0 0 0

0 0 0 0

1 1017 1 342

0 0 0 0

0 0 0 0

0 0 0 0

2 2726 0 0

1 1375 4 2240

0 0 2 1720

1 1161 1 390

0 0 0 0

3 3761 0 0

0 0 0 0

0 0 0 0

0 0 0 0

8 6747 3 964

0 0 5 4941

0 0 0 0

0 0 0 0

2 2732 0 0

3 4215 0 0

1 916 3 1090

0 0 0 0

0 0 2 884

1 1081 3 1242

5 6027 8 4989

0 0 0 0

0 0 0 0

4 2600 4 1197

0 0 2 953

0 0 0 0

3 1657 3 1216

0 0 0 0

2 2591 0 0

0 0 0 0

0 0 0 0

0 0 0 0

0 0 0 0

0 0 0 0

1 948 1 309

0 0 0 0

0 0 0 0

1 1049 1 358

0 0 0 0

0 0 0 0

0 0 0 0

5 6735 1 424

0 0 0 0

0 0 0 0

0 0 0 0

1 209 2 420

0 0 0 0

5 4535 6 5271

0 0 0 0

1 1277 1 424

0 0 0 0

0 0 0 0

0 0 0 0

2 2593 0 0

0 0 0 0

5 4247 6 2297

2 2532 1 459

5 4881 8 5590

1 948 1 325

1 916 1 309

0 0 0 0

4 5457 0 0

8 7821 7 4983

1 948 1 325

0 0 0 0

1 916 2 618

2 2597 0 0

5 6227 0 0

1 1017 1 342

0 0 0 0

0 0 0 0

0 0 0 0

1 964 1 325

0 0 0 0

1 916 1 309

0 0 0 0

1 1113 1 374

1 948 1 325

0 0 0 0

2 2641 0 0

7 6384 9 9157

0 0 0 0

1 964 1 325

0 0 0 0

1 964 1 325

4 2877 6 2231

0 0 0 0

0 0 0 0

0 0 0 0

1 948 1 325

0 0 0 0

3 3520 1 309

0 0 0 0

0 0 0 0

0 0 0 0

0 0 0 0

0 0 0 0

5 4649 1 309

1 242 1 309

1 965 1 325

3 2874 5 3821

0 0 0 0

1 917 1 309

1 1098 1 374

2 2590 0 0

0 0 0 0

0 0 0 0

0 0 0 0

2 2127 2 715

1 1146 1 390

4 5560 0 0

0 0 1 472

0 0 0 0

0 0 0 0

0 0 0 0

1 949 1 325

5 4415 7 7845

5 3875 8 2946

3 3555 1 342

0 0 0 0

0 0 0 0

0 0 0 0

2 2406 1 792

0 0 0 0

6 5330 7 5663

0 0 0 0

0 0 0 0

0 0 0 0

2 2134 1 696

0 0 0 0

5 5958 0 0

2 2591 0 0

0 0 0 0

0 0 0 0

0 0 0 0

1 965 1 325

1 1018 1 342

0 0 0 0

1 917 1 309

0 0 0 0

0 0 0 0

3 2172 4 1342

1 917 2 513

1 1432 1 406

2 2593 0 0

0 0 0 0

0 0 0 0

0 0 0 0

0 0 0 0

5 3946 7 3001

0 0 0 0

0 0 0 0

0 0 0 0

5 4447 7 7832

0 0 0 0

0 0 0 0

0 0 0 0

2 2597 0 0

0 0 0 0

0 0 0 0

0 0 0 0

1 917 1 309

0 0 0 0

0 0 0 0

2 2358 1 776

0 0 0 0

0 0 0 0

0 0 0 0

0 0 0 0

0 0 0 0

3 3812 2 748

0 0 0 0

0 0 0 0

0 0 0 0

0 0 0 0

2 2342 1 776

1 949 1 325

1 1066 1 358

0 0 0 0

0 0 0 0

0 0 0 0

2 1364 6 1465

1 416 3 1476

3 3497 1 325

6 4766 5 3527

0 0 0 0

5 4715 10 9101

0 0 0 0

5 4535 6 5275

1 949 1 325

0 0 0 0

