6 3717 11 9512

2 361 3 1320

3 601 6 4808

2 413 2 1112

0 0 4 3184

1 503 0 0

0 0 0 0

0 0 0 0

1 471 0 0

1 590 0 0

0 0 0 0

0 0 0 0

1 173 0 0

1 503 0 0

0 0 0 0

11 15752 0 0

0 0 0 0

1 1432 0 0

0 0 0 0

1 440 0 0

8 7268 5 3533

0 0 0 0

51 39106 1767 2205925

152 116765 10522 13195865

113 81376 10402 13077854

86 79155 11398 14311588

24 20749 8795 11072659

4 5176 0 0

1 459 0 0

0 0 0 0

0 0 0 0

2 2552 0 0

114 78811 2984 3735791

98 86410 5396 6757998

18 10668 113 130121

0 0 0 0

63 42272 1529 1884629

23 15741 715 886807

11 10579 6 4156

0 0 0 0

0 0 0 0

0 0 0 0

1 504 0 0

0 0 0 0

1 472 0 0

0 0 0 0

0 0 0 0

1 1154 1 860

4 3358 13 10720

0 0 2 1116

5 1205 26 22224

4 973 21 18060

3 729 15 12412

6 1605 28 22870

3 733 16 14288

6 1466 25 20688

2 361 1 204

0 0 0 0

0 0 0 0

0 0 0 0

7 4398 25 20384

1 240 6 4844

9 2177 53 41828

7 5437 5 3535

2 361 1 204

1 1295 0 0

1 1330 0 0

0 0 0 0

1 1247 0 0

1 173 0 0

0 0 0 0

0 0 4 1020

0 0 0 0

4 1003 0 0

1 202 2 432

0 0 0 0

2 361 1 203

9 6257 18 16704

1 191 2 2062

0 0 0 0

0 0 0 0

2 2458 0 0

0 0 0 0

6 3709 13 11840

7 1708 45 35384

0 0 0 0

0 0 0 0

0 0 0 0

0 0 0 0

0 0 1 266

1 173 0 0

8 6564 5 3556

0 0 0 0

1 554 0 0

0 0 0 0

0 0 1 160

1 173 0 0

0 0 0 0

0 0 0 0

0 0 0 0

1 570 0 0

0 0 3 2991

0 0 0 0

0 0 0 0

1 173 1 215

0 0 0 0

1 504 0 0

0 0 0 0

0 0 0 0

0 0 0 0

0 0 0 0

0 0 0 0

0 0 0 0

2 415 0 0

0 0 0 0

2 1936 0 0

0 0 0 0

0 0 0 0

0 0 0 0

0 0 0 0

0 0 0 0

1 173 1 266

1 521 0 0

0 0 0 0

0 0 0 0

0 0 0 0

0 0 0 0

1 173 0 0

0 0 0 0

1 504 0 0

0 0 0 0

1 504 0 0

0 0 0 0

1 173 1 353

7 8834 1 860

4 3157 732 919280

3 1402 8 4768

3 817 694 869926

1 172 43 53444

11 9597 5 3531

0 0 0 0

0 0 0 0

1 172 0 0

0 0 0 0

0 0 0 0

0 0 0 0

0 0 0 0

0 0 0 0

0 0 0 0

0 0 0 0

1 172 0 0

0 0 0 0

1 570 0 0

0 0 0 0

0 0 0 0

0 0 0 0

1 172 0 0

1 504 0 0

2 1757 0 0

1 172 0 0

0 0 0 0

6 8378 1 859

0 0 0 0

1 172 0 0

0 0 0 0

0 0 0 0

1 172 0 0

1 521 0 0

0 0 0 0

0 0 0 0

1 172 0 0

0 0 0 0

1 440 0 0

0 0 0 0

0 0 0 0

2 644 0 0

0 0 0 0

1 172 1 185

0 0 0 0

0 0 0 0

0 0 0 0

0 0 0 0

1 172 0 0

2 944 0 0

2 2346 0 0

0 0 0 0

0 0 0 0

1 172 0 0

0 0 0 0

0 0 0 0

0 0 0 0

0 0 0 0

0 0 0 0

0 0 0 0

0 0 0 0

1 172 0 0

1 472 0 0

0 0 0 0

1 570 0 0

0 0 0 0

0 0 0 0

0 0 0 0

0 0 0 0

0 0 0 0

0 0 0 0

0 0 0 0

0 0 0 0

0 0 0 0

0 0 0 0

0 0 0 0

0 0 0 0

0 0 0 0

0 0 0 0

0 0 0 0

0 0 0 0

0 0 0 0

0 0 0 0

0 0 0 0

1 172 0 0

2 928 0 0

1 1432 0 0

1 440 0 0

0 0 0 0

0 0 0 0

1 472 0 0

0 0 1 859

1 1432 0 0

82 59978 1899 2352171

111 88763 6670 8357691

22 21547 380 465879

34 27572 1567 1953778

4 3434 2 546

81 55981 8898 11192457

27 23964 2999 3773105

0 0 0 0

0 0 0 0

0 0 0 0

0 0 0 0

0 0 0 0

0 0 0 0

0 0 0 0

0 0 0 0

0 0 0 0

1 172 0 0

0 0 0 0

3 2700 0 0

0 0 0 0

1 472 0 0

0 0 0 0

0 0 0 0

0 0 0 0

0 0 0 0

0 0 0 0

1 172 0 0

5 2440 0 0

9 12114 1 859

0 0 0 0

0 0 0 0

0 0 0 0

0 0 0 0

0 0 0 0

0 0 0 0

0 0 0 0

0 0 0 0

0 0 0 0

1 173 0 0

1 538 0 0

3 3927 0 0

0 0 0 0

0 0 0 0

0 0 0 0

3 1904 6 5992

1 440 0 0

1 504 0 0

0 0 0 0

0 0 0 0

0 0 0 0

0 0 0 0

0 0 0 0

0 0 0 0

0 0 0 0

0 0 0 0

0 0 0 0

0 0 0 0

0 0 0 0

1 173 0 0

0 0 0 0

1 504 0 0

0 0 0 0

1 1374 0 0

0 0 0 0

0 0 0 0

0 0 0 0

0 0 0 0

0 0 0 0

0 0 0 0

1 666 0 0

0 0 0 0

0 0 0 0

0 0 0 0

0 0 0 0

0 0 0 0

1 666 0 0

1 488 0 0

0 0 0 0

0 0 0 0

1 173 1 185

0 0 0 0

0 0 0 0

0 0 0 0

1 521 0 0

0 0 0 0

0 0 0 0

0 0 0 0

0 0 0 0

0 0 0 0

0 0 0 0

0 0 0 0

0 0 0 0

0 0 0 0

0 0 0 0

1 173 0 0

3 2245 0 0

0 0 0 0

0 0 0 0

0 0 0 0

1 173 0 0

1 472 0 0

0 0 0 0

0 0 0 0

0 0 0 0

0 0 0 0

0 0 0 0

0 0 0 0

0 0 0 0

0 0 0 0

1 173 0 0

1 456 0 0

0 0 0 0

0 0 0 0

1 173 0 0

0 0 0 0

1 504 0 0

0 0 0 0

9 11858 1 860

0 0 0 0

0 0 0 0

0 0 0 0

0 0 0 0

0 0 0 0

1 173 0 0

0 0 0 0

1 504 0 0

0 0 0 0

0 0 0 0

0 0 0 0

1 173 0 0

0 0 0 0

0 0 0 0

0 0 0 0

1 488 0 0

0 0 0 0

0 0 0 0

0 0 0 0

0 0 0 0

0 0 0 0

2 1691 0 0

0 0 0 0

0 0 0 0

0 0 0 0

0 0 0 0

0 0 0 0

0 0 0 0

0 0 0 0

0 0 0 0

1 173 0 0

0 0 0 0

0 0 0 0

0 0 0 0

0 0 0 0

0 0 0 0

0 0 0 0

0 0 0 0

0 0 0 0

0 0 0 0

0 0 0 0

0 0 0 0

1 542 0 0

0 0 0 0

0 0 0 0

0 0 0 0

0 0 0 0

0 0 0 0

0 0 0 0

0 0 0 0

0 0 0 0

0 0 0 0

0 0 0 0

0 0 0 0

0 0 0 0

1 173 1 860

7 10024 0 0

1 472 0 0

0 0 0 0

102 85297 1857 2289885

103 77755 1951 2400351

8 10451 9 4556

0 0 0 0

4 3511 5 3679

0 0 0 0

4 4548 0 0

43 42556 53 48478

6 5322 17 18630

5 3093 40 38521

26 27780 149 170789

1 971 0 0

4 5025 0 0

6 5767 11 6171

3 4141 0 0

11 9199 13 12739

6 5143 5 3962

0 0 0 0

0 0 0 0

0 0 0 0

