54 8155 63 151680 0 0 0

22 4889 25 99300 0 0 0

16 1600 20 94400 0 0 0

17 1707 20 94400 0 0 0

10 7026 6 3240 0 0 0

25 11204 26 27280 0 0 0

18 4433 22 24840 0 0 0

3 257 3 1920 0 0 0

10 811 9 5750 0 0 0

26 6962 21 23320 0 0 0

22 6687 17 21010 0 0 0

8 748 6 3120 0 0 0

8 725 7 3630 0 0 0

8 661 7 4350 0 0 0

9 4276 9 10150 0 0 0

10 4405 12 12230 0 0 0

39 7220 47 176580 0 0 0

42 7125 48 176540 0 0 0

21 1438 24 70360 0 0 0

58 10026 61 154260 0 0 0

47 9000 46 105150 0 0 0

12 722 10 54740 0 0 0

61 5643 83 718070 0 0 0

57 5618 79 686240 0 0 0

11 1158 9 8600 0 0 0

8 768 9 6160 0 0 0

8 514 10 36120 0 0 0

12 1100 11 37080 0 0 0

19 2074 16 26380 0 0 0

18 5783 15 24680 0 0 0

39 10222 37 87740 0 0 0

36 6261 36 92540 0 0 0

7 953 7 28800 0 0 0

5 507 5 21960 0 0 0

7 636 6 3360 0 0 0

7 562 6 3360 0 0 0

6 454 6 3690 0 0 0

8 603 8 5940 0 0 0

5 418 5 5080 0 0 0

6 582 6 6780 0 0 0

7 624 7 6260 0 0 0

11 3989 10 11530 0 0 0

17 4548 18 18010 0 0 0

11 977 13 9190 0 0 0

15 5726 16 20770 0 0 0

29 11854 33 41170 0 0 0

23 7058 27 26300 0 0 0

9 932 10 6620 0 0 0

7 351 8 8650 0 0 0

10 821 11 9130 0 0 0

13 1353 13 5910 0 0 0

10 883 10 5430 0 0 0

3 257 3 1920 0 0 0

13 5109 13 14650 0 0 0

15 5278 16 17450 0 0 0

6 465 7 5690 0 0 0

5 270 5 3920 0 0 0

7 553 7 4780 0 0 0

11 783 11 25180 0 0 0

11 812 12 35030 0 0 0

41 5696 70 688060 0 0 0

38 5287 67 689790 0 0 0

5 437 5 15730 0 0 0

44 11621 34 93440 0 0 0

50 12223 42 119360 0 0 0

13 1257 14 37090 0 0 0

11 833 12 17080 0 0 0

18 1221 21 47910 0 0 0

13 847 15 42710 0 0 0

4 299 4 3030 0 0 0

4 300 4 3040 0 0 0

3 191 3 1920 0 0 0

6 381 6 3830 0 0 0

9 572 9 5750 0 0 0

6 382 6 3840 0 0 0

4 299 4 3030 0 0 0

7 490 7 4950 0 0 0

9 583 9 6460 0 0 0

9 582 9 6320 0 0 0

12 860 12 8520 0 0 0

28 13217 28 36050 0 0 0

26 13230 27 34890 0 0 0

6 573 7 5190 0 0 0

19 4536 22 102310 0 0 0

38 9914 42 144130 0 0 0

22 5567 23 44460 0 0 0

20 8436 16 42330 0 0 0

21 8408 16 41620 0 0 0

14 1177 9 4800 0 0 0

13 1284 9 6430 0 0 0

11 4271 11 14080 0 0 0

13 4360 13 13830 0 0 0

30 6368 35 40500 0 0 0

28 6201 33 39840 0 0 0

11 1545 11 7730 0 0 0

12 1585 12 7990 0 0 0

5 340 5 3300 0 0 0

7 419 7 12650 0 0 0

22 4551 28 101670 0 0 0

18 4323 23 90540 0 1 1

33 2055 61 687640 0 1 1

33 2129 62 688040 0 0 0

10 887 11 7180 0 0 0

10 812 10 6780 0 1 1

5 350 4 8910 0 1 1

7 501 7 10830 0 0 0

18 3776 15 20370 0 0 0

69 17503 79 115660 0 0 0

73 17978 90 126040 0 0 0

25 7381 30 37240 0 0 0

38 6388 54 122890 0 0 0

56 10796 72 143140 0 0 0

52 13466 55 69680 0 0 0

75 18186 90 111270 0 0 0

48 12501 62 72310 0 0 0

26 5107 31 104190 0 0 0

28 5246 32 104050 0 0 0

37 8690 42 45630 0 0 0

62 16490 72 82550 0 0 0

38 11614 45 50900 0 0 0

28 10185 32 32460 0 0 0

42 14655 37 39320 0 0 0

76 20592 84 102160 0 0 0

66 20718 84 99880 0 0 0

15 8326 18 17040 0 0 0

14 3909 18 87160 0 0 0

40 12360 46 120940 0 0 0

63 15998 71 99610 0 0 0

54 11991 63 88240 0 0 0

21 4671 24 25900 0 0 0

4 160 4 4120 0 0 0

16 3264 17 18040 0 0 0

41 10803 46 53340 0 0 0

53 11660 71 90540 0 0 0

132 16168 184 776650 0 0 0

110 12460 149 726420 0 0 0

7 685 8 4780 0 0 0

26 5736 31 31980 0 0 0

69 31641 66 73610 0 0 0

50 26655 43 76850 0 0 0

35 6533 37 74470 0 0 0

54 12459 57 82200 0 0 0

37 10435 40 59740 0 0 0

30 10328 32 39040 0 0 0

80 29178 84 121490 0 0 0

107 32231 118 158230 0 0 0

47 9578 56 61360 0 0 0

16 3819 18 18050 0 0 0

29 4597 33 59110 0 0 0

24 1671 27 55280 0 0 0

75 19512 88 106000 0 0 0

103 26555 122 136030 0 0 0

51 11513 63 68100 0 0 0

25 4550 29 39710 0 0 0

27 5046 27 28490 0 0 0

54 11897 60 61790 0 0 0

96 24787 113 133960 0 0 0

90 25906 107 124070 0 0 0

45 15064 46 49070 0 0 0

38 16255 40 41360 0 0 0

48 16890 58 59580 0 0 0

56 16933 64 70340 0 0 0

50 14618 58 70660 0 0 0

31 7797 38 53440 0 0 0

27 6580 32 40270 0 0 0

27 6057 31 27500 0 0 0

53 6086 83 702950 0 0 0

72 9182 103 727950 0 0 0

40 7502 44 44660 0 0 0

26 6288 33 38200 0 0 0

45 10177 53 57420 0 0 0

29 5983 33 31870 0 0 0

3 294 4 2550 0 0 0

16 4675 20 20100 0 0 0

47 11835 58 63870 0 0 0

47 11891 58 66990 0 0 0

18 4881 22 24740 0 0 0

10 1827 10 9560 0 0 0

38 9740 41 47480 0 0 0

