27.0 4077.5 31.5 7584.00 0 0 0

11.0 2444.5 12.5 4965.00 0 0 0

8.0 800.0 10.0 4720.00 0 0 0

8.5 853.5 10.0 4720.00 0 0 0

5.0 3513.0 3.0 162.00 0 0 0

12.5 5602.0 13.0 1364.00 0 0 0

9.0 2216.5 11.0 1242.00 0 0 0

1.5 128.5 1.5 96.00 0 0 0

5.0 405.5 4.5 287.50 0 0 0

13.0 3481.0 10.5 1166.00 0 0 0

11.0 3343.5 8.5 1050.50 0 0 0

4.0 374.0 3.0 156.00 0 0 0

4.0 362.5 3.5 181.50 0 0 0

4.0 330.5 3.5 217.50 0 0 0

4.5 2138.0 4.5 507.50 0 0 0

5.0 2202.5 6.0 611.50 0 0 0

19.5 3610.0 23.5 8829.00 0 0 0

21.0 3562.5 24.0 8827.00 0 0 0

10.5 719.0 12.0 3518.00 0 0 0

29.0 5013.0 30.5 7713.00 0 0 0

23.5 4500.0 23.0 5257.50 0 0 0

6.0 361.0 5.0 2737.00 0 0 0

30.5 2821.5 41.5 35903.50 0 0 0

28.5 2809.0 39.5 34312.00 0 0 0

5.5 579.0 4.5 430.00 0 0 0

4.0 384.0 4.5 308.00 0 0 0

4.0 257.0 5.0 1806.00 0 0 0

6.0 550.0 5.5 1854.00 0 0 0

9.5 1037.0 8.0 1319.00 0 0 0

9.0 2891.5 7.5 1234.00 0 0 0

19.5 5111.0 18.5 4387.00 0 0 0

18.0 3130.5 18.0 4627.00 0 0 0

3.5 476.5 3.5 1440.00 0 0 0

2.5 253.5 2.5 1098.00 0 0 0

3.5 318.0 3.0 168.00 0 0 0

3.5 281.0 3.0 168.00 0 0 0

3.0 227.0 3.0 184.50 0 0 0

4.0 301.5 4.0 297.00 0 0 0

2.5 209.0 2.5 254.00 0 0 0

3.0 291.0 3.0 339.00 0 0 0

3.5 312.0 3.5 313.00 0 0 0

5.5 1994.5 5.0 576.50 0 0 0

8.5 2274.0 9.0 900.50 0 0 0

5.5 488.5 6.5 459.50 0 0 0

7.5 2863.0 8.0 1038.50 0 0 0

14.5 5927.0 16.5 2058.50 0 0 0

11.5 3529.0 13.5 1315.00 0 0 0

4.5 466.0 5.0 331.00 0 0 0

3.5 175.5 4.0 432.50 0 0 0

5.0 410.5 5.5 456.50 0 0 0

6.5 676.5 6.5 295.50 0 0 0

5.0 441.5 5.0 271.50 0 0 0

1.5 128.5 1.5 96.00 0 0 0

6.5 2554.5 6.5 732.50 0 0 0

7.5 2639.0 8.0 872.50 0 0 0

3.0 232.5 3.5 284.50 0 0 0

2.5 135.0 2.5 196.00 0 0 0

3.5 276.5 3.5 239.00 0 0 0

5.5 391.5 5.5 1259.00 0 0 0

5.5 406.0 6.0 1751.50 0 0 0

20.5 2848.0 35.0 34403.00 0 0 0

19.0 2643.5 33.5 34489.50 0 0 0

2.5 218.5 2.5 786.50 0 0 0

22.0 5810.5 17.0 4672.00 0 0 0

25.0 6111.5 21.0 5968.00 0 0 0

6.5 628.5 7.0 1854.50 0 0 0

5.5 416.5 6.0 854.00 0 0 0

9.0 610.5 10.5 2395.50 0 0 0

6.5 423.5 7.5 2135.50 0 0 0

2.0 149.5 2.0 151.50 0 0 0

2.0 150.0 2.0 152.00 0 0 0

1.5 95.5 1.5 96.00 0 0 0

3.0 190.5 3.0 191.50 0 0 0

4.5 286.0 4.5 287.50 0 0 0

3.0 191.0 3.0 192.00 0 0 0

2.0 149.5 2.0 151.50 0 0 0

3.5 245.0 3.5 247.50 0 0 0

4.5 291.5 4.5 323.00 0 0 0

4.5 291.0 4.5 316.00 0 0 0

6.0 430.0 6.0 426.00 0 0 0

14.0 6608.5 14.0 1802.50 0 0 0

13.0 6615.0 13.5 1744.50 0 0 0

3.0 286.5 3.5 259.50 0 0 0

9.5 2268.0 11.0 5115.50 0 0 0

19.0 4957.0 21.0 7206.50 0 0 0

11.0 2783.5 11.5 2223.00 0 0 0

10.0 4218.0 8.0 2116.50 0 0 0

10.5 4204.0 8.0 2081.00 0 0 0

7.0 588.5 4.5 240.00 0 0 0

6.5 642.0 4.5 321.50 0 0 0

5.5 2135.5 5.5 704.00 0 0 0

6.5 2180.0 6.5 691.50 0 0 0

15.0 3184.0 17.5 2025.00 0 0 0

14.0 3100.5 16.5 1992.00 0 0 0

5.5 772.5 5.5 386.50 0 0 0

6.0 792.5 6.0 399.50 0 0 0

2.5 170.0 2.5 165.00 0 0 0

3.5 209.5 3.5 632.50 0 0 0

11.0 2275.5 14.0 5083.50 0 0 0

9.0 2161.5 11.5 4527.00 0 1.0 1.0

16.5 1027.5 30.5 34382.00 0 1.0 1.0

16.5 1064.5 31.0 34402.00 0 0 0

5.0 443.5 5.5 359.00 0 0 0

5.0 406.0 5.0 339.00 0 1.0 1.0

2.5 175.0 2.0 445.50 0 1.0 1.0

3.5 250.5 3.5 541.50 0 0 0

9.0 1888.0 7.5 1018.50 0 0 0

34.5 8751.5 39.5 5783.00 0 0 0

36.5 8989.0 45.0 6302.00 0 0 0

12.5 3690.5 15.0 1862.00 0 0 0

19.0 3194.0 27.0 6144.50 0 0 0

28.0 5398.0 36.0 7157.00 0 0 0

26.0 6733.0 27.5 3484.00 0 0 0

37.5 9093.0 45.0 5563.50 0 0 0

24.0 6250.5 31.0 3615.50 0 0 0

13.0 2553.5 15.5 5209.50 0 0 0

14.0 2623.0 16.0 5202.50 0 0 0

18.5 4345.0 21.0 2281.50 0 0 0

31.0 8245.0 36.0 4127.50 0 0 0

19.0 5807.0 22.5 2545.00 0 0 0

14.0 5092.5 16.0 1623.00 0 0 0

21.0 7327.5 18.5 1966.00 0 0 0

38.0 10296.0 42.0 5108.00 0 0 0

33.0 10359.0 42.0 4994.00 0 0 0

7.5 4163.0 9.0 852.00 0 0 0

7.0 1954.5 9.0 4358.00 0 0 0

20.0 6180.0 23.0 6047.00 0 0 0

31.5 7999.0 35.5 4980.50 0 0 0

27.0 5995.5 31.5 4412.00 0 0 0

10.5 2335.5 12.0 1295.00 0 0 0

2.0 80.0 2.0 206.00 0 0 0

8.0 1632.0 8.5 902.00 0 0 0

20.5 5401.5 23.0 2667.00 0 0 0

26.5 5830.0 35.5 4527.00 0 0 0

66.0 8084.0 92.0 38832.50 0 0 0

55.0 6230.0 74.5 36321.00 0 0 0

3.5 342.5 4.0 239.00 0 0 0

13.0 2868.0 15.5 1599.00 0 0 0

34.5 15820.5 33.0 3680.50 0 0 0

25.0 13327.5 21.5 3842.50 0 0 0

17.5 3266.5 18.5 3723.50 0 0 0

27.0 6229.5 28.5 4110.00 0 0 0

18.5 5217.5 20.0 2987.00 0 0 0

15.0 5164.0 16.0 1952.00 0 0 0

40.0 14589.0 42.0 6074.50 0 0 0

53.5 16115.5 59.0 7911.50 0 0 0

23.5 4789.0 28.0 3068.00 0 0 0

8.0 1909.5 9.0 902.50 0 0 0

14.5 2298.5 16.5 2955.50 0 0 0

12.0 835.5 13.5 2764.00 0 0 0

37.5 9756.0 44.0 5300.00 0 0 0

51.5 13277.5 61.0 6801.50 0 0 0

25.5 5756.5 31.5 3405.00 0 0 0

12.5 2275.0 14.5 1985.50 0 0 0

13.5 2523.0 13.5 1424.50 0 0 0

27.0 5948.5 30.0 3089.50 0 0 0

48.0 12393.5 56.5 6698.00 0 0 0

45.0 12953.0 53.5 6203.50 0 0 0

22.5 7532.0 23.0 2453.50 0 0 0

19.0 8127.5 20.0 2068.00 0 0 0

24.0 8445.0 29.0 2979.00 0 0 0

28.0 8466.5 32.0 3517.00 0 0 0

25.0 7309.0 29.0 3533.00 0 0 0

15.5 3898.5 19.0 2672.00 0 0 0

13.5 3290.0 16.0 2013.50 0 0 0

13.5 3028.5 15.5 1375.00 0 0 0

26.5 3043.0 41.5 35147.50 0 0 0

36.0 4591.0 51.5 36397.50 0 0 0

20.0 3751.0 22.0 2233.00 0 0 0

13.0 3144.0 16.5 1910.00 0 0 0

22.5 5088.5 26.5 2871.00 0 0 0

14.5 2991.5 16.5 1593.50 0 0 0

1.5 147.0 2.0 127.50 0 0 0

8.0 2337.5 10.0 1005.00 0 0 0

23.5 5917.5 29.0 3193.50 0 0 0

23.5 5945.5 29.0 3349.50 0 0 0

9.0 2440.5 11.0 1237.00 0 0 0

5.0 913.5 5.0 478.00 0 0 0

19.0 4870.0 20.5 2374.00 0 0 0

