6 824 0 0
14 3897 16 3820
33 3307 39 5278
6 2055 3 144
2 1368 0 0
1 63 1 55
4 248 4 570
7 2306 6 548
0 0 0 0
0 0 0 0
0 0 0 0
0 0 0 0
0 0 0 0
0 0 0 0
0 0 0 0
0 0 0 0
0 0 0 0
0 0 0 0
0 0 0 0
0 0 0 0
0 0 0 0
0 0 0 0
0 0 0 0
0 0 0 0
0 0 0 0
0 0 0 0
0 0 0 0
0 0 0 0
0 0 0 0
0 0 0 0
0 0 0 0
0 0 0 0
0 0 0 0
0 0 0 0

8 1267 0 0
0 0 0 0
0 0 0 0
6 2271 3 124
3 2052 0 0
1 63 1 55
0 0 0 0
0 0 0 0
4 990 4 250
5 306 5 364
2 104 3 585
2 109 2 105
0 0 0 0
0 0 0 0
0 0 0 0
0 0 0 0
0 0 0 0
0 0 0 0
0 0 0 0
0 0 0 0
0 0 0 0
0 0 0 0
0 0 0 0
0 0 0 0
0 0 0 0
0 0 0 0
0 0 0 0
0 0 0 0
0 0 0 0
0 0 0 0
0 0 0 0
0 0 0 0
0 0 0 0
0 0 0 0

0 0 0 0
16 4065 19 3967
19 4768 23 9850
11 6353 9 1458
3 2052 0 0
0 0 0 0
2 124 2 287
22 6862 19 1696
0 0 0 0
0 0 0 0
1 40 1 225
0 0 0 0
1 63 1 62
52 4144 400 508072
0 0 0 0
0 0 0 0
0 0 0 0
0 0 0 0
0 0 0 0
0 0 0 0
0 0 0 0
0 0 0 0
0 0 0 0
0 0 0 0
0 0 0 0
0 0 0 0
0 0 0 0
0 0 0 0
0 0 0 0
0 0 0 0
0 0 0 0
0 0 0 0
0 0 0 0
0 0 0 0

0 0 0 0
0 0 0 0
3 121 2 80
4 2171 4 892
1 684 0 0
0 0 0 0
4 297 2 324
8 2362 6 548
0 0 0 0
0 0 0 0
0 0 0 0
6 5833 5 276
0 0 0 0
0 0 0 0
153 12476 611 775298
0 0 0 0
0 0 0 0
0 0 0 0
0 0 0 0
0 0 0 0
0 0 0 0
0 0 0 0
0 0 0 0
0 0 0 0
0 0 0 0
0 0 0 0
0 0 0 0
0 0 0 0
0 0 0 0
0 0 0 0
0 0 0 0
0 0 0 0
0 0 0 0
0 0 0 0

0 0 0 0
2 112 2 108
15 1559 19 9400
9 7826 4 526
0 0 0 0
9 570 9 519
2 150 2 239
18 5380 15 1240
0 0 0 0
8 5105 7 2418
1 94 1 40
0 0 0 0
3 270 1 71
0 0 0 0
49 5740 180 223674
4 278 2 493
10 732 10 798
2 149 2 151
0 0 0 0
0 0 0 0
0 0 0 0
0 0 0 0
0 0 0 0
0 0 0 0
0 0 0 0
0 0 0 0
0 0 0 0
0 0 0 0
0 0 0 0
0 0 0 0
0 0 0 0
0 0 0 0
0 0 0 0
0 0 0 0

0 0 0 0
0 0 0 0
2 148 1 40
8 9201 7 646
0 0 0 0
3 189 2 111
0 0 0 0
8 4900 7 588
4 1273 5 301
9 4690 9 4751
1 40 1 80
2 109 2 105
0 0 0 0
0 0 0 0
0 0 0 0
0 0 0 0
0 0 0 0
0 0 0 0
0 0 0 0
0 0 0 0
0 0 0 0
0 0 0 0
0 0 0 0
0 0 0 0
0 0 0 0
0 0 0 0
0 0 0 0
0 0 0 0
0 0 0 0
0 0 0 0
0 0 0 0
0 0 0 0
0 0 0 0
0 0 0 0

0 0 0 0
6 392 0 0
3 292 2 152
9 5902 8 1052
0 0 0 0
0 0 0 0
1 81 1 209
16 6220 13 1148
0 0 0 0
0 0 0 0
1 40 1 490
0 0 0 0
0 0 0 0
0 0 0 0
0 0 0 0
0 0 0 0
0 0 0 0
0 0 0 0
12 5607 10 7185
2 142 0 0
1 41 0 0
0 0 0 0
0 0 0 0
0 0 0 0
0 0 0 0
0 0 0 0
0 0 0 0
0 0 0 0
0 0 0 0
0 0 0 0
0 0 0 0
0 0 0 0
0 0 0 0
0 0 0 0

0 0 0 0
15 3960 21 4038
22 10912 24 2576
2 80 3 1218
0 0 0 0
1 63 1 57
0 0 0 0
0 0 0 0
0 0 0 0
0 0 0 0
0 0 0 0
2 109 2 105
0 0 0 0
0 0 0 0
0 0 0 0
0 0 0 0
0 0 0 0
0 0 0 0
0 0 0 0
0 0 0 0
0 0 1 52
0 0 0 0
0 0 0 0
0 0 0 0
0 0 0 0
0 0 0 0
0 0 0 0
0 0 0 0
0 0 0 0
0 0 0 0
0 0 0 0
0 0 0 0
0 0 0 0
0 0 0 0

0 0 0 0
0 0 0 0
1 107 1 40
0 0 0 0
0 0 0 0
0 0 0 0
4 314 4 768
0 0 0 0
0 0 0 0
2 150 2 121
1 40 1 98
0 0 0 0
0 0 0 0
110 10696 406 509912
0 0 0 0
0 0 0 0
0 0 0 0
0 0 0 0
0 0 0 0
0 0 0 0
0 0 0 0
1 41 1 52
16 4371 22 6174
0 0 0 0
0 0 0 0
0 0 0 0
0 0 0 0
0 0 0 0
0 0 0 0
0 0 0 0
0 0 0 0
0 0 0 0
0 0 0 0
0 0 0 0

0 0 0 0
2 112 2 108
2 150 2 152
0 0 0 0
0 0 0 0
1 63 1 57
0 0 0 0
0 0 0 0
3 931 4 252
7 4319 7 1188
1 40 1 134
2 109 2 105
0 0 0 0
0 0 0 0
0 0 0 0
0 0 0 0
0 0 0 0
0 0 0 0
0 0 0 0
0 0 0 0
0 0 0 0
0 0 0 0
2 80 2 104
0 0 0 0
0 0 0 0
0 0 0 0
0 0 0 0
0 0 0 0
0 0 0 0
0 0 0 0
0 0 0 0
0 0 0 0
0 0 0 0
0 0 0 0

0 0 0 0
0 0 0 0
8 661 7 423
0 0 0 0
0 0 0 0
11 700 9 1978
1 69 1 219
0 0 0 0
0 0 0 0
0 0 0 0
4 172 6 530
0 0 0 0
0 0 0 0
0 0 0 0
0 0 0 0
0 0 0 0
0 0 0 0
0 0 0 0
0 0 0 0
0 0 0 0
0 0 0 0
0 0 0 0
0 0 0 0
6 418 4 359
0 0 0 0
0 0 0 0
0 0 0 0
0 0 0 0
0 0 0 0
0 0 0 0
0 0 0 0
0 0 0 0
0 0 0 0
0 0 0 0

0 0 0 0
4 248 4 244
17 6179 13 1857
0 0 0 0
0 0 0 0
4 252 3 181
0 0 0 0
0 0 0 0
0 0 0 0
0 0 0 0
3 144 3 301
0 0 0 0
0 0 0 0
0 0 0 0
215 19861 785 992284
0 0 0 0
0 0 0 0
4 367 2 151
0 0 0 0
0 0 0 0
0 0 0 0
3 207 3 169
0 0 0 0
6 406 6 439
0 0 0 0
0 0 0 0
0 0 0 0
0 0 0 0
0 0 0 0
0 0 0 0
0 0 0 0
0 0 0 0
0 0 0 0
0 0 0 0

0 0 0 0
0 0 0 0
5 508 4 244
0 0 0 0
0 0 0 0
8 602 5 707
5 295 5 927
0 0 0 0
0 0 0 0
11 3452 10 5177
1 52 1 182
3 178 2 105
0 0 0 0
0 0 0 0
24 2828 85 104114
0 0 0 0
0 0 0 0
0 0 0 0
0 0 0 0
0 0 0 0
0 0 0 0
0 0 0 0
0 0 0 0
0 0 0 0
5 1136 5 1579
44 8735 47 26679
0 0 0 0
0 0 0 0
0 0 0 0
0 0 0 0
0 0 0 0
0 0 0 0
0 0 0 0
0 0 0 0

1 238 0 0
2 112 2 108
3 255 3 120
0 0 0 0
0 0 0 0
0 0 0 0
4 284 4 859
0 0 0 0
5 4326 0 0
15 7978 19 6464
2 134 2 113
0 0 0 0
0 0 0 0
0 0 0 0
0 0 0 0
0 0 0 0
0 0 0 0
0 0 0 0
0 0 0 0
0 0 0 0
0 0 0 0
0 0 0 0
0 0 0 0
0 0 0 0
2 80 1 40
80 14256 125 74162
19 5982 22 18901
15 2831 16 12987
0 0 0 0
0 0 0 0
0 0 0 0
0 0 0 0
0 0 0 0
0 0 0 0

0 0 0 0
10 3693 10 3352
5 470 4 243
0 0 0 0
0 0 0 0
0 0 0 0
4 294 2 310
0 0 0 0
8 4526 16 4635
0 0 0 0
2 80 3 329
2 109 2 105
0 0 0 0
102 10157 401 504111
0 0 0 0
2 156 2 469
0 0 0 0
0 0 0 0
0 0 0 0
0 0 0 0
0 0 0 0
0 0 0 0
0 0 0 0
0 0 0 0
0 0 0 0
4 160 2 80
4 160 2 92
4 160 4 160
13 3119 11 7360
0 0 0 0
0 0 0 0
0 0 0 0
0 0 0 0
0 0 0 0

0 0 0 0
8 839 10 1074
3 191 3 192
0 0 0 0
0 0 0 0
3 189 3 168
0 0 0 0
0 0 0 0
0 0 0 0
10 6101 11 4293
1 40 1 88
4 2592 5 276
0 0 0 0
0 0 0 0
0 0 0 0
0 0 0 0
0 0 0 0
0 0 0 0
0 0 0 0
0 0 0 0
0 0 0 0
0 0 0 0
0 0 0 0
0 0 0 0
5 1136 6 1648
0 0 0 0
0 0 0 0
0 0 0 0
0 0 0 0
0 0 0 0
0 0 0 0
0 0 0 0
0 0 0 0
0 0 0 0

0 0 0 0
1 40 1 174
6 4085 6 823
1 40 0 0
0 0 0 0
7 441 7 392
0 0 0 0
0 0 0 0
0 0 0 0
1 75 2 121
0 0 0 0
0 0 0 0
0 0 0 0
0 0 0 0
0 0 0 0
0 0 0 0
0 0 0 0
0 0 0 0
0 0 0 0
0 0 0 0
1 41 1 52
0 0 0 0
0 0 0 0
0 0 0 0
2 80 1 40
0 0 0 0
0 0 0 0
0 0 0 0
2 80 1 40
0 0 0 0
0 0 0 0
0 0 0 0
0 0 0 0
0 0 0 0

0 0 0 0
2 112 2 108
4 317 5 360
0 0 0 0
0 0 0 0
1 63 1 56
0 0 0 0
0 0 0 0
0 0 0 0
2 150 2 121
0 0 0 0
2 109 2 105
0 0 0 0
0 0 0 0
0 0 0 0
0 0 0 0
0 0 0 0
2 149 2 151
0 0 0 0
0 0 0 0
0 0 0 0
0 0 0 0
0 0 0 0
0 0 0 0
0 0 0 0
0 0 0 0
0 0 0 0
0 0 0 0
0 0 0 0
0 0 0 0
0 0 0 0
0 0 0 0
0 0 0 0
0 0 0 0

0 0 0 0
2 112 2 108
28 5923 30 12150
0 0 0 0
0 0 0 0
4 256 4 247
6 392 6 831
0 0 0 0
8 2371 8 476
0 0 0 0
0 0 0 0
0 0 0 0
0 0 0 0
0 0 0 0
0 0 0 0
0 0 0 0
0 0 0 0
0 0 0 0
0 0 0 0
0 0 0 0
0 0 0 0
0 0 0 0
0 0 0 0
0 0 0 0
0 0 0 0
0 0 0 0
0 0 0 0
0 0 0 0
0 0 0 0
21 6982 23 17583
9 2417 7 3956
0 0 0 0
0 0 0 0
0 0 0 0

0 0 0 0
0 0 0 0
15 1312 19 5544
0 0 0 0
1 32 0 0
11 693 8 456
4 274 3 474
0 0 0 0
1 1184 0 0
0 0 0 0
0 0 0 0
0 0 0 0
0 0 0 0
0 0 0 0
49 8656 110 149782
0 0 0 0
0 0 0 0
0 0 0 0
0 0 0 0
1 32 0 0
0 0 0 0
0 0 0 0
0 0 0 0
0 0 0 0
2 104 0 0
0 0 0 0
0 0 0 0
0 0 0 0
0 0 0 0
2 80 1 40
4 160 3 120
1 32 0 0
4 208 0 0
3 144 1 52

