0 6 824 0 0
1 14 3897 16 3820
2 33 3307 39 5278
3 6 2055 3 144
4 2 1368 0 0
5 1 63 1 55
6 4 248 4 570
7 7 2306 6 548

0 8 1267 0 0
3 6 2271 3 124
8 4 990 4 250
5 1 63 1 55
9 5 306 5 364
10 2 104 3 585
4 3 2052 0 0
11 2 109 2 105

4 3 2052 0 0
1 16 4065 19 3967
12 1 63 1 62
2 19 4768 23 9850
3 11 6353 9 1458
7 22 6862 19 1696
13 52 4144 400 508072
10 1 40 1 225
6 2 124 2 287

2 3 121 2 80
4 1 684 0 0
11 6 5833 5 276
3 4 2171 4 892
7 8 2362 6 548
6 4 297 2 324
14 153 12476 611 775298

15 4 278 2 493
14 49 5740 180 223674
7 18 5380 15 1240
3 9 7826 4 526
5 9 570 9 519
16 10 732 10 798
1 2 112 2 108
17 2 149 2 151
2 15 1559 19 9400
6 2 150 2 239
12 3 270 1 71
9 8 5105 7 2418
10 1 94 1 40

3 8 9201 7 646
9 9 4690 9 4751
10 1 40 1 80
5 3 189 2 111
2 2 148 1 40
11 2 109 2 105
7 8 4900 7 588
8 4 1273 5 301

6 1 81 1 209
18 12 5607 10 7185
19 2 142 0 0
2 3 292 2 152
10 1 40 1 490
3 9 5902 8 1052
7 16 6220 13 1148
1 6 392 0 0
20 1 41 0 0

2 22 10912 24 2576
3 2 80 3 1218
1 15 3960 21 4038
20 0 0 1 52
5 1 63 1 57
11 2 109 2 105

9 2 150 2 121
10 1 40 1 98
21 1 41 1 52
6 4 314 4 768
13 110 10696 406 509912
22 16 4371 22 6174
2 1 107 1 40

22 2 80 2 104
8 3 931 4 252
1 2 112 2 108
2 2 150 2 152
10 1 40 1 134
9 7 4319 7 1188
5 1 63 1 57
11 2 109 2 105

10 4 172 6 530
2 8 661 7 423
5 11 700 9 1978
6 1 69 1 219
23 6 418 4 359

23 6 406 6 439
5 4 252 3 181
10 3 144 3 301
2 17 6179 13 1857
14 215 19861 785 992284
1 4 248 4 244
21 3 207 3 169
17 4 367 2 151

2 5 508 4 244
14 24 2828 85 104114
6 5 295 5 927
11 3 178 2 105
24 5 1136 5 1579
9 11 3452 10 5177
10 1 52 1 182
5 8 602 5 707
25 44 8735 47 26679

25 80 14256 125 74162
2 3 255 3 120
9 15 7978 19 6464
10 2 134 2 113
24 2 80 1 40
6 4 284 4 859
26 19 5982 22 18901
1 2 112 2 108
27 15 2831 16 12987
0 1 238 0 0
8 5 4326 0 0

8 8 4526 16 4635
26 4 160 2 92
2 5 470 4 243
25 4 160 2 80
6 4 294 2 310
11 2 109 2 105
27 4 160 4 160
15 2 156 2 469
28 13 3119 11 7360
10 2 80 3 329
13 102 10157 401 504111
1 10 3693 10 3352

1 8 839 10 1074
10 1 40 1 88
11 4 2592 5 276
24 5 1136 6 1648
2 3 191 3 192
5 3 189 3 168
9 10 6101 11 4293

5 7 441 7 392
2 6 4085 6 823
20 1 41 1 52
3 1 40 0 0
9 1 75 2 121
28 2 80 1 40
24 2 80 1 40
1 1 40 1 174

2 4 317 5 360
9 2 150 2 121
17 2 149 2 151
5 1 63 1 56
11 2 109 2 105
1 2 112 2 108

2 28 5923 30 12150
1 2 112 2 108
6 6 392 6 831
29 21 6982 23 17583
8 8 2371 8 476
5 4 256 4 247
30 9 2417 7 3956

2 15 1312 19 5544
5 11 693 8 456
31 1 32 0 0
19 1 32 0 0
29 2 80 1 40
30 4 160 3 120
6 4 274 3 474
14 49 8656 110 149782
24 2 104 0 0
32 4 208 0 0
33 3 144 1 52
4 1 32 0 0
8 1 1184 0 0

