6.0 770.5 7.5 2306.00 0 0 0

10.0 2403.5 11.5 4925.00 0 0 0

7.0 759.0 9.0 4680.00 0 0 0

6.5 705.5 9.0 4680.00 0 0 0

3.0 3365.0 2.0 122.00 0 0 0

4.5 1276.0 8.0 1080.00 0 0 0

8.0 2109.5 10.0 1202.00 0 0 0

0.5 21.5 0.5 56.00 0 0 0

3.0 255.5 2.5 135.50 0 0 0

5.0 2820.0 3.5 743.00 0 0 0

7.0 2957.5 5.5 858.50 0 0 0

0.0 12.0 0.0 36.00 0 0 0

0.0 0.5 0.5 61.50 0 0 0

0.0 32.5 0.5 25.50 0 0 0

0.5 1840.0 1.5 315.50 0 0 0

0.0 1775.5 0.0 211.50 0 0 0

14.5 3183.0 17.5 8429.00 0 0 0

13.0 3230.5 17.0 8431.00 0 0 0

2.5 387.0 5.0 3122.00 0 0 0

16.0 3907.0 13.5 1073.00 0 0 0

21.5 4420.0 21.0 3528.50 0 0 0

4.0 281.0 3.0 1008.00 0 0 0

20.5 2179.5 33.5 32158.50 0 0 0

22.5 2192.0 35.5 33750.00 0 0 0

0.5 38.0 0.5 132.00 0 0 0

1.0 157.0 0.5 10.00 0 0 0

1.0 30.0 1.0 1488.00 0 0 0

1.0 263.0 0.5 1440.00 0 0 0

2.5 224.0 3.0 905.00 0 0 0

3.0 1630.5 3.5 990.00 0 0 0

13.5 589.0 14.5 4143.00 0 0 0

15.0 2569.5 15.0 3903.00 0 0 0

0.5 84.5 0.5 716.00 0 0 0

1.5 138.5 1.5 1058.00 0 0 0

2.5 203.0 2.0 128.00 0 0 0

2.5 240.0 2.0 128.00 0 0 0

2.0 186.0 2.0 144.50 0 0 0

1.0 111.5 1.0 32.00 0 0 0

0.5 19.0 0.5 11.00 0 0 0

1.0 63.0 1.0 96.00 0 0 0

0.5 42.0 0.5 122.00 0 0 0

2.5 1724.5 2.0 385.50 0 0 0

0.5 1445.0 2.0 61.50 0 0 0

3.5 340.5 4.5 379.50 0 0 0

5.5 2715.0 6.0 958.50 0 0 0

1.5 349.0 2.5 61.50 0 0 0

4.5 2747.0 5.5 805.00 0 0 0

2.5 316.0 3.0 179.00 0 0 0

1.5 25.5 2.0 280.50 0 0 0

0.0 209.5 0.5 256.50 0 0 0

1.5 56.5 1.5 95.50 0 0 0

3.0 291.5 3.0 119.50 0 0 0

0.5 21.5 0.5 56.00 0 0 0

5.5 2447.5 5.5 692.50 0 0 0

4.5 2363.0 4.0 552.50 0 0 0

0.0 43.5 0.5 35.50 0 0 0

0.5 54.0 0.5 53.00 0 0 0

1.5 195.5 1.5 96.00 0 0 0

0.5 80.5 0.5 924.00 0 0 0

0.5 95.0 0.0 431.50 0 0 0

15.5 2347.0 29.0 33083.00 0 0 0

17.0 2551.5 30.5 32996.50 0 0 0

0.5 126.5 0.5 706.50 0 0 0

19.0 5465.5 15.0 4592.00 0 0 0

16.0 5164.5 11.0 3296.00 0 0 0

2.5 318.5 3.0 817.50 0 0 0

1.5 106.5 2.0 183.00 0 0 0

2.0 87.5 2.5 1724.50 0 0 0

4.5 274.5 5.5 1984.50 0 0 0

0.0 0.5 0.0 0.50 0 0 0

0.0 0.0 0.0 0.00 0 0 0

0.5 54.5 0.5 56.00 0 0 0

2.0 149.5 2.0 151.50 0 0 0

0.5 54.0 0.5 55.50 0 0 0

1.0 41.0 1.0 40.00 0 0 0

0.0 0.5 0.0 0.50 0 0 0

1.5 96.0 1.5 96.50 0 0 0

0.5 49.5 0.5 21.00 0 0 0

0.5 49.0 0.5 14.00 0 0 0

1.0 90.0 1.0 96.00 0 0 0

7.0 6088.5 7.0 1280.50 0 0 0

8.0 6082.0 7.5 1338.50 0 0 0

2.0 246.5 2.5 146.50 0 0 0

8.5 2228.0 10.0 5002.50 0 0 0

1.0 461.0 0.0 2911.50 0 0 0

9.0 2634.5 9.5 2072.00 0 0 0

8.0 4069.0 6.0 1965.50 0 0 0

7.5 4083.0 6.0 2001.00 0 0 0

4.0 467.5 2.5 160.00 0 0 0

4.5 414.0 2.5 78.50 0 0 0

3.5 1907.5 3.5 461.00 0 0 0

2.5 1863.0 2.5 473.50 0 0 0

11.0 2867.0 13.5 1807.00 0 0 0

12.0 2950.5 14.5 1840.00 0 0 0

3.5 622.5 3.5 234.50 0 0 0

3.0 602.5 3.0 221.50 0 0 0

0.5 20.0 0.5 13.00 0 0 0

1.5 59.5 1.5 480.50 0 0 0

6.0 2006.5 9.0 3970.50 0 0 0

8.0 2120.5 11.5 4527.00 0 0.0 0.0

15.5 986.5 30.5 34382.00 0 0.0 0.0

15.5 949.5 30.0 34362.00 0 0 0

4.0 328.5 4.5 319.00 0 0 0

4.0 366.0 5.0 339.00 0 0.0 0.0

1.5 135.0 2.0 445.50 0 0.0 0.0

0.5 59.5 0.5 349.50 0 0 0

6.0 1697.0 4.5 826.50 0 0 0

19.5 5166.5 27.5 3938.00 0 0 0

17.5 4929.0 22.0 3419.00 0 0 0

6.5 369.5 8.0 1021.00 0 0 0

13.0 127.0 20.0 5303.50 0 0 0

4.0 2331.0 11.0 4291.00 0 0 0

2.0 996.0 2.5 618.00 0 0 0

9.5 3356.0 15.0 1461.50 0 0 0

23.0 6198.5 29.0 3409.50 0 0 0

12.0 2501.5 13.5 5003.50 0 0 0

11.0 2432.0 13.0 5010.50 0 0 0

15.5 4154.0 18.0 2089.50 0 0 0

3.0 254.0 3.0 243.50 0 0 0

9.0 2184.0 10.5 1339.00 0 0 0

4.0 1469.5 4.0 417.00 0 0 0

3.0 765.5 1.5 74.00 0 0 0

14.0 2203.0 25.0 3216.00 0 0 0

19.0 2140.0 25.0 3330.00 0 0 0

6.5 4056.0 8.0 812.00 0 0 0

6.0 1847.5 8.0 4318.00 0 0 0

7.0 2378.0 6.0 2629.00 0 0 0

4.5 559.0 6.5 1562.50 0 0 0

9.0 1444.5 10.5 2131.00 0 0 0

7.5 2215.5 9.0 986.00 0 0 0

1.0 40.0 1.0 103.00 0 0 0

7.0 1592.0 7.5 799.00 0 0 0

5.5 2177.5 7.0 966.00 0 0 0

0.5 1749.0 5.5 894.00 0 0 0

39.0 4003.0 51.0 33411.50 0 0 0

50.0 5857.0 68.5 35923.00 0 0 0

1.5 30.5 2.0 159.00 0 0 0

11.0 2556.0 13.5 1519.00 0 0 0

10.5 10396.5 4.0 562.50 0 0 0

20.0 12889.5 15.5 400.50 0 0 0

12.5 2828.5 12.5 281.50 0 0 0

3.0 134.5 2.5 105.00 0 0 0

5.5 1146.5 6.0 1228.00 0 0 0

2.0 1093.0 2.0 193.00 0 0 0

23.0 8332.0 24.0 3929.50 0 0 0

9.5 6805.5 7.0 2092.50 0 0 0

20.5 4521.0 24.0 2751.00 0 0 0

5.0 1641.5 5.0 585.50 0 0 0

1.5 1252.5 2.5 1467.50 0 0 0

4.0 210.5 5.5 1659.00 0 0 0

29.5 9131.0 36.0 4195.00 0 0 0

15.5 5609.5 19.0 2693.50 0 0 0

10.5 1911.5 10.5 703.00 0 0 0

2.5 1570.0 6.5 716.50 0 0 0

3.5 1818.0 5.5 155.50 0 0 0

10.0 1607.5 11.0 1509.50 0 0 0

11.0 4837.5 15.5 2099.00 0 0 0

14.0 4278.0 18.5 2593.50 0 0 0

8.5 1143.0 12.0 1156.50 0 0 0

5.0 1738.5 9.0 771.00 0 0 0

0.0 1421.0 0.0 140.00 0 0 0

4.0 1442.5 3.0 398.00 0 0 0

7.0 2600.0 6.0 382.00 0 0 0

2.5 810.5 4.0 479.00 0 0 0

0.5 202.0 1.0 179.50 0 0 0

0.5 463.5 1.5 459.00 0 0 0

13.5 478.0 27.5 34231.50 0 0 0

4.0 1070.0 17.5 32981.50 0 0 0

12.0 1910.0 12.0 1183.00 0 0 0

5.0 1303.0 6.5 860.00 0 0 0

4.5 641.5 3.5 101.00 0 0 0

12.5 2738.5 13.5 1378.50 0 0 0

0.5 106.0 1.0 87.50 0 0 0

7.0 2296.5 9.0 965.00 0 0 0

8.5 1283.5 10.0 1223.50 0 0 0

8.5 1255.5 10.0 1067.50 0 0 0

6.0 2249.5 8.0 1045.00 0 0 0

2.0 722.5 2.0 286.00 0 0 0

12.0 3234.0 13.5 1610.00 0 0 0

