21 3307 24 52780 0 0 0

1 41 1 400 0 0 0

1 41 1 400 0 0 0

2 148 1 400 0 0 0

2 148 1 400 0 0 0

8 4326 5 2840 0 0 0

1 107 1 400 0 0 0

1 107 1 400 0 0 0

2 150 2 1520 0 0 0

8 661 7 4230 0 0 0

4 386 3 1920 0 0 0

4 362 3 1200 0 0 0

4 362 3 1200 0 0 0

4 298 3 1920 0 0 0

4 298 3 1920 0 0 0

5 427 6 4000 0 0 0

5 427 6 4000 0 0 0

8 332 7 3960 0 0 0

8 332 7 3960 0 0 0

13 1106 17 66400 0 0 0

2 80 2 17290 0 0 0

2 80 2 17290 0 0 0

10 642 8 37450 0 0 0

6 617 4 5620 0 0 0

5 541 4 2980 0 0 0

3 227 4 2980 0 0 0

3 227 4 3180 0 0 0

5 287 5 4140 0 0 0

7 813 5 4140 0 0 0

6 1261 4 2440 0 0 0

6 4522 4 2440 0 0 0

3 561 3 7240 0 0 0

3 392 3 7240 0 0 0

1 115 1 400 0 0 0

1 115 1 400 0 0 0

1 41 1 400 0 0 0

1 41 1 400 0 0 0

3 190 3 2650 0 0 0

2 190 2 2430 0 0 0

2 228 2 2430 0 0 0

3 270 3 1910 0 0 0

3 270 3 1910 0 0 0

8 829 7 8390 0 0 0

2 148 2 800 0 0 0

2 148 2 800 0 0 0

13 5578 14 19970 0 0 0

7 782 8 5100 0 0 0

2 150 2 1520 0 0 0

2 150 2 1520 0 0 0

5 201 5 2000 0 0 0

5 620 5 2000 0 0 0

2 150 2 1520 0 0 0

1 107 1 400 0 0 0

1 107 1 400 0 0 0

3 276 4 3200 0 0 0

3 189 3 2490 0 0 0

2 81 2 1430 0 0 0

2 81 2 1430 0 0 0

5 311 5 3350 0 0 0

5 311 6 13200 0 0 0

5 501 6 13200 0 0 0

2 92 3 14930 0 0 0

2 92 2 800 0 0 0

3 345 2 800 0 0 0

9 947 10 26720 0 0 0

4 310 4 10370 0 0 0

4 310 4 6710 0 0 0

7 523 8 6710 0 0 0

2 149 2 1510 0 0 0

2 149 2 1510 0 0 0

2 150 2 1520 0 0 0

1 41 1 400 0 0 0

1 41 1 400 0 0 0

4 232 4 2320 0 0 0

2 150 2 1520 0 0 0

2 149 2 1510 0 0 0

2 149 2 1510 0 0 0

4 242 4 3020 0 0 0

4 242 4 3020 0 0 0

5 340 5 3300 0 0 0

7 520 7 5220 0 0 0

5 533 6 4060 0 0 0

1 40 1 1130 0 0 0

1 40 1 1130 0 0 0

18 4496 21 42950 0 0 0

2 149 2 1510 0 0 0

2 149 2 1510 0 0 0

3 121 2 800 0 0 0

3 121 2 800 0 0 0

2 228 2 2430 0 0 0

2 228 2 2430 0 0 0

4 317 4 2180 0 0 0

4 317 4 2180 0 0 0

2 150 2 1520 0 0 0

2 150 2 1520 0 0 0

3 190 3 1780 0 0 0

2 150 2 1520 0 0 0

2 150 2 1520 0 0 0

5 269 5 11130 0 0 0

1 41 0 00 0 1 1

1 41 0 00 0 1 1

1 115 1 400 0 0 0

1 115 1 400 0 0 0

1 40 0 00 0 1 1

1 40 0 00 0 1 1

3 191 3 1920 0 0 0

3 191 3 1920 0 0 0

15 3585 12 18450 0 0 0

19 4060 23 28830 0 0 0

6 3321 7 8410 0 0 0

6 3067 7 8410 0 0 0

24 3067 25 28660 0 0 0

24 5737 25 28660 0 0 0

28 5737 30 41020 0 0 0

1 52 2 2060 0 0 0

1 52 2 2060 0 0 0

3 191 3 1920 0 0 0

3 191 3 1920 0 0 0

28 7991 33 38840 0 0 0

10 3623 12 12060 0 0 0

10 3623 12 12060 0 0 0

18 6562 17 18920 0 0 0

24 8093 17 18920 0 0 0

14 8219 17 16640 0 0 0

1 107 1 400 0 0 0

1 107 1 400 0 0 0

13 3802 17 34180 0 0 0

27 7440 29 34180 0 0 0

18 4551 21 22810 0 0 0

3 120 3 3090 0 0 0

1 40 1 1030 0 0 0

1 40 1 1030 0 0 0

15 3224 16 17010 0 0 0

26 4081 30 36330 0 0 0

27 4081 41 54210 0 0 0

5 373 6 3980 0 0 0

2 312 2 800 0 0 0

2 312 2 800 0 0 0

24 5424 29 31180 0 0 0

5 438 6 34420 0 0 0

5 438 6 34420 0 0 0

24 6095 26 40050 0 0 0

13 4071 14 17590 0 0 0

13 4071 14 17590 0 0 0

17 6257 18 21450 0 0 0

44 9310 52 58190 0 0 0

3 268 4 3170 0 0 0

3 268 4 3170 0 0 0

13 1046 14 14880 0 0 0

8 625 8 11050 0 0 0

8 625 8 11050 0 0 0

36 7668 42 41080 0 0 0

15 3845 21 27020 0 0 0

10 705 8 12690 0 0 0

10 705 8 12690 0 0 0

17 4341 19 15800 0 0 0

37 7556 41 45990 0 0 0

31 8675 35 36100 0 0 0

14 6389 11 12970 0 0 0

14 6389 11 12970 0 0 0

24 7024 29 28390 0 0 0

24 7024 29 31190 0 0 0

18 4709 23 31510 0 0 0

13 3088 15 21930 0 0 0

13 3088 15 18340 0 0 0

13 2565 14 9160 0 0 0

13 2565 14 9160 0 0 0

32 3521 34 34160 0 0 0

8 1841 10 10500 0 0 0

8 1841 10 10500 0 0 0

18 4447 23 27700 0 0 0

2 253 3 2150 0 0 0

1 41 1 400 0 0 0

1 41 1 400 0 0 0

15 4634 19 19700 0 0 0

15 4690 19 22820 0 0 0

3 191 3 1920 0 0 0

3 191 3 1920 0 0 0

7 1636 7 7640 0 0 0

