0 6 666 8 1362
1 8 438 12 655
2 7 406 9 743

0 94 6161 734 913117
2 6 336 6 324
1 4 2336 5 276

0 19 2713 20 2879
1 2 109 2 105

0 35 21810 30 5435
2 2 112 2 108
1 2 109 2 105

0 3 198 2 80
1 2 109 2 105
2 4 224 4 216

0 13 3688 15 1379
2 2 112 2 108

1 6 385 2 105
3 5 550 0 0

3 2 92 6 384
1 1 40 3 145
0 10 3535 11 1166

2 6 336 6 324
1 6 2562 7 381
0 4 298 4 232

0 9 3464 11 1148

0 91 12203 109 55781
2 2 112 2 108
1 4 218 4 210
4 12 6863 14 10364

3 2 150 2 152
2 4 224 4 216

0 36 3679 42 16987
2 2 112 2 108
1 2 109 2 105

1 2 109 2 105
0 6 521 6 312

0 3 256 3 191
1 5 4198 6 316
2 6 336 6 324

1 2 109 2 105

3 2 150 2 152
1 2 109 2 105
2 2 112 2 108
0 2 148 2 80

0 5 340 5 343
1 2 109 2 105
2 4 224 4 216

0 2 149 2 151
1 2 109 2 105

2 2 112 2 108
1 2 109 2 105

0 3 306 3 120
2 4 224 4 216

1 4 218 4 210
2 2 112 2 108
0 1 41 1 40

1 4 2143 4 236

1 2 109 2 105
2 2 112 2 108
0 4 299 4 303

2 4 224 4 216
3 2 150 2 152
1 2 109 2 105

3 5 260 6 660
2 8 436 11 816
1 2 109 2 105

0 4 231 4 231
1 2 109 2 105

2 7 388 9 576
0 4 382 4 304
1 4 242 5 275

0 2 92 3 264
1 6 2657 6 341
3 2 150 2 152

0 4 219 4 223

2 6 336 6 324
1 2 109 2 105

0 3 190 3 191
1 2 109 2 105

2 4 248 4 244
4 25 10689 33 19800
0 2 150 2 152

1 4 218 4 210
2 6 304 6 374

2 2 112 2 108
3 2 150 2 152
0 15 2436 16 2351

1 7 2403 9 486
0 1 41 1 40

2 12 768 7 364
0 2 150 2 152

2 4 193 4 276
0 3 887 3 184
1 4 218 4 210

0 3 178 3 183
2 2 112 2 108

0 6 447 7 568
1 4 218 4 210
2 4 224 4 216

0 1 41 1 40
3 2 150 2 152

2 4 225 4 226
1 6 2735 7 381

0 3 191 3 192

2 8 512 9 444
0 2 149 2 151
1 5 316 5 225

2 1 40 0 0
1 2 109 2 105
0 63 9552 80 36722
3 2 150 2 152

0 5 479 5 435
2 3 152 3 200

1 4 218 4 210
2 5 264 5 284
0 3 191 3 192

4 13 5754 17 10622

2 2 112 2 108
1 8 2675 9 486
0 7 633 5 739

2 4 224 4 216
0 1 41 1 40

0 2 214 2 80
2 2 112 2 108
1 2 109 2 105

1 6 329 7 430
0 1 41 1 40

0 6 521 7 728
2 6 336 6 324
3 2 150 2 152
1 2 109 2 105

1 2 109 2 105

0 5 405 5 342
2 2 112 2 108
1 5 2614 7 381

2 4 224 4 216
1 2 109 2 105
0 1 41 1 40

0 5 438 5 335

2 2 112 2 108
1 4 218 4 210
0 7 2189 7 927

2 2 112 2 108

2 4 224 4 216
0 12 1279 14 2931
1 2 109 2 105
3 2 150 2 152

1 2 109 2 105
0 17 5816 19 10540

0 4 438 4 385
1 6 2337 7 381
2 2 112 2 108

2 4 224 4 216
0 25 5033 32 13434

0 39 14619 39 14797
1 2 109 2 105
2 2 112 2 108

1 2 109 2 105
0 8 590 5 393

3 2 150 2 152
0 11 1877 12 1315
2 6 336 6 324
1 2 109 2 105

1 2 109 2 105
0 3 269 3 283

0 21 3008 23 2819

0 16 6437 19 2016
1 8 2851 8 446
2 6 336 6 324

0 14 3738 17 1532
4 11 5629 14 9606
3 2 150 2 152

2 2 112 2 108
0 12 3553 14 1324
1 4 218 4 210

0 10 3290 12 1172
2 2 112 2 108

2 4 224 4 216
1 4 218 4 210
0 14 4088 18 8488

0 8 577 9 674

3 4 370 4 232
2 2 112 2 108

1 9 3789 9 486
2 4 224 4 216

0 5 284 5 344
2 3 164 3 176

1 4 230 5 275
0 2 149 2 151

2 5 320 7 392

2 2 112 2 108
0 1 41 1 40
1 4 218 4 210

0 3 191 3 192

1 4 2775 5 276
2 7 388 7 392
3 2 150 2 152

1 2 109 2 105
0 6 505 3 183

0 17 4968 17 1938
2 2 112 2 108
1 3 161 3 170

0 14 4389 18 2106
4 12 5692 16 10521
1 2 109 2 105
2 4 224 4 216

0 4 333 3 215

1 4 218 4 210
2 2 112 2 108
0 1 41 1 40

0 12 3930 15 1858
2 4 224 4 216

0 11 1984 13 1493
1 7 2405 9 486
2 2 112 2 108
3 2 150 2 152

0 5 1389 6 691

1 4 218 4 210
2 2 112 2 108

2 4 224 4 216
0 3 190 3 191

0 1 41 1 40
2 1 40 1 79
3 2 150 2 152

0 18 4959 19 5346
2 3 185 3 148
1 4 218 4 210

0 3 1235 2 80
2 4 224 4 216
1 4 5297 0 0

0 15 3183 17 2033
1 6 2658 7 381
2 5 265 6 384

2 1 73 2 118
0 7 1634 7 747

1 4 218 4 210
2 6 336 6 324
0 7 1768 8 891

0 9 5133 7 416
3 2 150 2 152

1 4 218 4 210
2 2 112 2 108
0 16 3507 18 2787

0 3 358 4 255
2 4 224 4 216

0 9 5456 9 1072
1 6 356 6 290
2 2 112 2 108

0 17 2519 20 1979
1 4 2451 5 276

0 3 190 3 191
3 2 150 2 152
2 4 236 5 284
1 2 109 2 105

2 2 112 2 108
1 2 109 2 105

4 14 5780 14 9737
0 1 41 1 40

1 4 218 4 210
0 9 1733 9 916
2 2 112 2 108

