6 666 8 1362
8 438 12 655
7 406 9 743
0 0 0 0
0 0 0 0

94 6161 734 913117
4 2336 5 276
6 336 6 324
0 0 0 0
0 0 0 0

19 2713 20 2879
2 109 2 105
0 0 0 0
0 0 0 0
0 0 0 0

35 21810 30 5435
2 109 2 105
2 112 2 108
0 0 0 0
0 0 0 0

3 198 2 80
2 109 2 105
4 224 4 216
0 0 0 0
0 0 0 0

13 3688 15 1379
0 0 0 0
2 112 2 108
0 0 0 0
0 0 0 0

0 0 0 0
6 385 2 105
0 0 0 0
5 550 0 0
0 0 0 0

10 3535 11 1166
1 40 3 145
0 0 0 0
2 92 6 384
0 0 0 0

4 298 4 232
6 2562 7 381
6 336 6 324
0 0 0 0
0 0 0 0

9 3464 11 1148
0 0 0 0
0 0 0 0
0 0 0 0
0 0 0 0

91 12203 109 55781
4 218 4 210
2 112 2 108
0 0 0 0
12 6863 14 10364

0 0 0 0
0 0 0 0
4 224 4 216
2 150 2 152
0 0 0 0

36 3679 42 16987
2 109 2 105
2 112 2 108
0 0 0 0
0 0 0 0

6 521 6 312
2 109 2 105
0 0 0 0
0 0 0 0
0 0 0 0

3 256 3 191
5 4198 6 316
6 336 6 324
0 0 0 0
0 0 0 0

0 0 0 0
2 109 2 105
0 0 0 0
0 0 0 0
0 0 0 0

2 148 2 80
2 109 2 105
2 112 2 108
2 150 2 152
0 0 0 0

5 340 5 343
2 109 2 105
4 224 4 216
0 0 0 0
0 0 0 0

2 149 2 151
2 109 2 105
0 0 0 0
0 0 0 0
0 0 0 0

0 0 0 0
2 109 2 105
2 112 2 108
0 0 0 0
0 0 0 0

3 306 3 120
0 0 0 0
4 224 4 216
0 0 0 0
0 0 0 0

1 41 1 40
4 218 4 210
2 112 2 108
0 0 0 0
0 0 0 0

0 0 0 0
4 2143 4 236
0 0 0 0
0 0 0 0
0 0 0 0

4 299 4 303
2 109 2 105
2 112 2 108
0 0 0 0
0 0 0 0

0 0 0 0
2 109 2 105
4 224 4 216
2 150 2 152
0 0 0 0

0 0 0 0
2 109 2 105
8 436 11 816
5 260 6 660
0 0 0 0

4 231 4 231
2 109 2 105
0 0 0 0
0 0 0 0
0 0 0 0

4 382 4 304
4 242 5 275
7 388 9 576
0 0 0 0
0 0 0 0

2 92 3 264
6 2657 6 341
0 0 0 0
2 150 2 152
0 0 0 0

4 219 4 223
0 0 0 0
0 0 0 0
0 0 0 0
0 0 0 0

0 0 0 0
2 109 2 105
6 336 6 324
0 0 0 0
0 0 0 0

3 190 3 191
2 109 2 105
0 0 0 0
0 0 0 0
0 0 0 0

2 150 2 152
0 0 0 0
4 248 4 244
0 0 0 0
25 10689 33 19800

0 0 0 0
4 218 4 210
6 304 6 374
0 0 0 0
0 0 0 0

15 2436 16 2351
0 0 0 0
2 112 2 108
2 150 2 152
0 0 0 0

1 41 1 40
7 2403 9 486
0 0 0 0
0 0 0 0
0 0 0 0

2 150 2 152
0 0 0 0
12 768 7 364
0 0 0 0
0 0 0 0

3 887 3 184
4 218 4 210
4 193 4 276
0 0 0 0
0 0 0 0

3 178 3 183
0 0 0 0
2 112 2 108
0 0 0 0
0 0 0 0

6 447 7 568
4 218 4 210
4 224 4 216
0 0 0 0
0 0 0 0

1 41 1 40
0 0 0 0
0 0 0 0
2 150 2 152
0 0 0 0

0 0 0 0
6 2735 7 381
4 225 4 226
0 0 0 0
0 0 0 0

3 191 3 192
0 0 0 0
0 0 0 0
0 0 0 0
0 0 0 0

2 149 2 151
5 316 5 225
8 512 9 444
0 0 0 0
0 0 0 0

63 9552 80 36722
2 109 2 105
1 40 0 0
2 150 2 152
0 0 0 0

5 479 5 435
0 0 0 0
3 152 3 200
0 0 0 0
0 0 0 0

3 191 3 192
4 218 4 210
5 264 5 284
0 0 0 0
0 0 0 0

0 0 0 0
0 0 0 0
0 0 0 0
0 0 0 0
13 5754 17 10622

7 633 5 739
8 2675 9 486
2 112 2 108
0 0 0 0
0 0 0 0

1 41 1 40
0 0 0 0
4 224 4 216
0 0 0 0
0 0 0 0

2 214 2 80
2 109 2 105
2 112 2 108
0 0 0 0
0 0 0 0

1 41 1 40
6 329 7 430
0 0 0 0
0 0 0 0
0 0 0 0

6 521 7 728
2 109 2 105
6 336 6 324
2 150 2 152
0 0 0 0

0 0 0 0
2 109 2 105
0 0 0 0
0 0 0 0
0 0 0 0

5 405 5 342
5 2614 7 381
2 112 2 108
0 0 0 0
0 0 0 0

1 41 1 40
2 109 2 105
4 224 4 216
0 0 0 0
0 0 0 0

5 438 5 335
0 0 0 0
0 0 0 0
0 0 0 0
0 0 0 0

7 2189 7 927
4 218 4 210
2 112 2 108
0 0 0 0
0 0 0 0

0 0 0 0
0 0 0 0
2 112 2 108
0 0 0 0
0 0 0 0

12 1279 14 2931
2 109 2 105
4 224 4 216
2 150 2 152
0 0 0 0

17 5816 19 10540
2 109 2 105
0 0 0 0
0 0 0 0
0 0 0 0

4 438 4 385
6 2337 7 381
2 112 2 108
0 0 0 0
0 0 0 0

25 5033 32 13434
0 0 0 0
4 224 4 216
0 0 0 0
0 0 0 0

39 14619 39 14797
2 109 2 105
2 112 2 108
0 0 0 0
0 0 0 0

8 590 5 393
2 109 2 105
0 0 0 0
0 0 0 0
0 0 0 0

11 1877 12 1315
2 109 2 105
6 336 6 324
2 150 2 152
0 0 0 0

3 269 3 283
2 109 2 105
0 0 0 0
0 0 0 0
0 0 0 0

21 3008 23 2819
0 0 0 0
0 0 0 0
0 0 0 0
0 0 0 0

16 6437 19 2016
8 2851 8 446
6 336 6 324
0 0 0 0
0 0 0 0

14 3738 17 1532
0 0 0 0
0 0 0 0
2 150 2 152
11 5629 14 9606

12 3553 14 1324
4 218 4 210
2 112 2 108
0 0 0 0
0 0 0 0

10 3290 12 1172
0 0 0 0
2 112 2 108
0 0 0 0
0 0 0 0

14 4088 18 8488
4 218 4 210
4 224 4 216
0 0 0 0
0 0 0 0

8 577 9 674
0 0 0 0
0 0 0 0
0 0 0 0
0 0 0 0

0 0 0 0
0 0 0 0
2 112 2 108
4 370 4 232
0 0 0 0

0 0 0 0
9 3789 9 486
4 224 4 216
0 0 0 0
0 0 0 0

5 284 5 344
0 0 0 0
3 164 3 176
0 0 0 0
0 0 0 0

2 149 2 151
4 230 5 275
0 0 0 0
0 0 0 0
0 0 0 0

0 0 0 0
0 0 0 0
5 320 7 392
0 0 0 0
0 0 0 0

1 41 1 40
4 218 4 210
2 112 2 108
0 0 0 0
0 0 0 0

3 191 3 192
0 0 0 0
0 0 0 0
0 0 0 0
0 0 0 0

0 0 0 0
4 2775 5 276
7 388 7 392
2 150 2 152
0 0 0 0

6 505 3 183
2 109 2 105
0 0 0 0
0 0 0 0
0 0 0 0

17 4968 17 1938
3 161 3 170
2 112 2 108
0 0 0 0
0 0 0 0

14 4389 18 2106
2 109 2 105
4 224 4 216
0 0 0 0
12 5692 16 10521

4 333 3 215
0 0 0 0
0 0 0 0
0 0 0 0
0 0 0 0

1 41 1 40
4 218 4 210
2 112 2 108
0 0 0 0
0 0 0 0

12 3930 15 1858
0 0 0 0
4 224 4 216
0 0 0 0
0 0 0 0

11 1984 13 1493
7 2405 9 486
2 112 2 108
2 150 2 152
0 0 0 0

5 1389 6 691
0 0 0 0
0 0 0 0
0 0 0 0
0 0 0 0

0 0 0 0
4 218 4 210
2 112 2 108
0 0 0 0
0 0 0 0

3 190 3 191
0 0 0 0
4 224 4 216
0 0 0 0
0 0 0 0

1 41 1 40
0 0 0 0
1 40 1 79
2 150 2 152
0 0 0 0

18 4959 19 5346
4 218 4 210
3 185 3 148
0 0 0 0
0 0 0 0

3 1235 2 80
4 5297 0 0
4 224 4 216
0 0 0 0
0 0 0 0

15 3183 17 2033
6 2658 7 381
5 265 6 384
0 0 0 0
0 0 0 0

7 1634 7 747
0 0 0 0
1 73 2 118
0 0 0 0
0 0 0 0

7 1768 8 891
4 218 4 210
6 336 6 324
0 0 0 0
0 0 0 0

9 5133 7 416
0 0 0 0
0 0 0 0
2 150 2 152
0 0 0 0

16 3507 18 2787
4 218 4 210
2 112 2 108
0 0 0 0
0 0 0 0

3 358 4 255
0 0 0 0
4 224 4 216
0 0 0 0
0 0 0 0

9 5456 9 1072
6 356 6 290
2 112 2 108
0 0 0 0
0 0 0 0

17 2519 20 1979
4 2451 5 276
0 0 0 0
0 0 0 0
0 0 0 0

3 190 3 191
2 109 2 105
4 236 5 284
2 150 2 152
0 0 0 0

0 0 0 0
2 109 2 105
2 112 2 108
0 0 0 0
0 0 0 0

1 41 1 40
0 0 0 0
0 0 0 0
0 0 0 0
14 5780 14 9737

9 1733 9 916
4 218 4 210
2 112 2 108
0 0 0 0
0 0 0 0

