33 4848 39 98900 0 0 0

21 4848 24 98900 0 0 0

15 1559 19 94000 0 0 0

15 1559 19 94000 0 0 0

8 6878 5 2840 0 0 0

17 6878 21 24440 0 0 0

17 4326 21 24440 0 0 0

2 150 2 1520 0 0 0

8 661 7 4230 0 0 0

18 6301 14 19090 0 0 0

18 6301 14 19090 0 0 0

4 386 3 1920 0 0 0

4 363 4 2430 0 0 0

4 363 4 2430 0 0 0

5 3978 6 8230 0 0 0

5 3978 6 8230 0 0 0

34 6793 41 172580 0 0 0

34 6793 41 172580 0 0 0

13 1106 17 66400 0 0 0

45 8920 44 87860 0 0 0

45 8920 44 87860 0 0 0

10 642 8 37450 0 0 0

51 5001 75 680620 0 0 0

51 5001 75 680620 0 0 0

6 617 5 5620 0 0 0

5 541 5 3180 0 0 0

5 287 6 32940 0 0 0

7 813 6 32940 0 0 0

12 1261 11 22240 0 0 0

12 4522 11 22240 0 0 0

33 5700 33 85300 0 0 0

33 5700 33 85300 0 0 0

4 561 4 21560 0 0 0

4 392 4 21560 0 0 0

6 521 5 2960 0 0 0

6 521 5 2960 0 0 0

5 413 5 3290 0 0 0

5 413 5 3290 0 0 0

3 228 3 2650 0 0 0

4 354 4 4350 0 0 0

4 354 4 4350 0 0 0

8 3719 7 9620 0 0 0

9 3719 11 9620 0 0 0

9 829 11 8390 0 0 0

13 5578 14 19970 0 0 0

16 6276 19 21200 0 0 0

16 6276 19 21200 0 0 0

7 782 8 5100 0 0 0

5 201 6 7130 0 0 0

5 620 6 7130 0 0 0

8 733 8 3910 0 0 0

8 733 8 3910 0 0 0

2 150 2 1520 0 0 0

12 5002 12 14250 0 0 0

12 5002 12 14250 0 0 0

3 276 4 3200 0 0 0

3 189 3 2490 0 0 0

5 472 5 3350 0 0 0

6 472 6 21830 0 0 0

6 501 6 21830 0 0 0

36 5195 64 674860 0 0 0

36 5195 64 674860 0 0 0

3 345 3 14930 0 0 0

41 11276 32 92640 0 0 0

41 11276 32 92640 0 0 0

9 947 10 26720 0 0 0

7 523 8 10370 0 0 0

11 698 13 41200 0 0 0

11 698 13 41200 0 0 0

2 150 2 1520 0 0 0

2 150 2 1520 0 0 0

2 150 2 1520 0 0 0

5 340 5 3430 0 0 0

5 340 5 3430 0 0 0

4 232 4 2320 0 0 0

2 150 2 1520 0 0 0

5 341 5 3440 0 0 0

5 341 5 3440 0 0 0

5 340 5 3300 0 0 0

7 520 7 5220 0 0 0

21 12697 21 30830 0 0 0

21 12697 21 30830 0 0 0

5 533 6 4060 0 0 0

18 4496 21 101180 0 0 0

20 5418 21 101180 0 0 0

20 5418 21 42950 0 0 0

18 8287 14 40820 0 0 0

18 8287 14 40820 0 0 0

11 1056 7 4000 0 0 0

11 1056 7 4000 0 0 0

9 4043 9 11650 0 0 0

9 4043 9 11650 0 0 0

26 6051 31 38320 0 0 0

26 6051 31 38320 0 0 0

9 1395 9 6210 0 0 0

9 1395 9 6210 0 0 0

3 190 3 1780 0 0 0

5 269 5 11130 0 0 0

17 4282 23 90540 0 0 0

17 4282 23 90540 0 1 1

32 2014 61 687640 0 1 1

32 2014 61 687640 0 0 0

9 772 10 6780 0 0 0

9 772 10 6780 0 1 1

4 310 4 8910 0 1 1

4 310 4 8910 0 0 0

15 3585 12 18450 0 0 0

54 13918 67 97210 0 0 0

54 13918 67 97210 0 0 0

19 4060 23 28830 0 0 0

32 3321 47 114480 0 0 0

32 7729 47 114480 0 0 0

28 7729 30 41020 0 0 0

47 12449 60 70250 0 0 0

47 12449 60 70250 0 0 0

25 5055 29 102130 0 0 0

25 5055 29 102130 0 0 0

34 8499 39 43710 0 0 0

34 8499 39 43710 0 0 0

28 7991 33 38840 0 0 0

18 6562 20 20400 0 0 0

24 8093 20 20400 0 0 0

52 12499 67 83240 0 0 0

52 12499 67 83240 0 0 0

14 8219 17 16640 0 0 0

13 3802 17 86760 0 0 0

27 8558 29 86760 0 0 0

36 8558 42 65430 0 0 0

36 7440 42 65430 0 0 0

18 4551 21 22810 0 0 0

3 120 3 3090 0 0 0

15 3224 16 17010 0 0 0

26 7579 30 36330 0 0 0

27 7579 41 54210 0 0 0

105 12087 143 722440 0 0 0

105 12087 143 722440 0 0 0

5 373 6 3980 0 0 0

24 5424 29 31180 0 0 0

45 26217 37 42430 0 0 0

45 26217 37 42430 0 0 0

30 6095 31 40050 0 0 0

30 6364 31 42150 0 0 0

24 6364 26 42150 0 0 0

17 6257 18 21450 0 0 0

63 22921 66 100040 0 0 0

63 22921 66 100040 0 0 0

44 9310 52 58190 0 0 0

13 3551 14 14880 0 0 0

16 3551 19 44230 0 0 0

16 1046 19 44230 0 0 0

67 18887 80 94950 0 0 0

67 18887 80 94950 0 0 0

36 7668 42 41080 0 0 0

15 3845 21 27020 0 0 0

17 4341 19 15800 0 0 0

37 7556 41 45990 0 0 0

59 17231 72 87970 0 0 0

59 17231 72 87970 0 0 0

31 8675 35 36100 0 0 0

24 9866 29 28390 0 0 0

24 9866 29 31190 0 0 0

32 9909 35 39150 0 0 0

32 9909 35 39150 0 0 0

18 4709 23 31510 0 0 0

14 3492 17 21930 0 0 0

14 3492 17 18340 0 0 0

40 3521 69 693790 0 0 0

40 5661 69 693790 0 0 0

32 5661 34 34160 0 0 0

18 4447 23 27700 0 0 0

27 5730 30 29720 0 0 0

27 5730 30 29720 0 0 0

2 253 3 2150 0 0 0

15 4634 19 19700 0 0 0

32 7201 39 44170 0 0 0

32 7201 39 44170 0 0 0

15 4690 19 22820 0 0 0

7 1636 7 7640 0 0 0

31 8104 34 39840 0 0 0

