0 4 223 4 199
1 2 109 2 105
2 1 40 1 79

3 1 109 1 40

1 7 2737 8 420
0 4 433 4 5381

0 3 375 3 120
4 3 1638 3 120

4 0 0 1 40
0 11 3080 11 1408
1 2 109 2 105
3 6 1541 6 534

3 15 4432 17 1908
4 10 4863 11 5630

2 18 5030 18 2069
0 2 80 2 2604
1 2 109 2 105

3 1 93 1 40

0 50 5828 52 26140

1 2 109 2 105
0 103 9733 107 67032
2 4 231 4 227

0 111 20187 117 61892

0 34 5957 36 10684
1 2 109 2 105
3 2 149 2 151

0 44 11918 45 9381
2 2 112 2 108

0 28 2826 28 6433
1 2 109 2 105

0 21 9516 23 10539

5 9 2309 9 3132
0 38 7713 45 11457
1 5 2891 6 315
2 2 112 2 108

0 31 3272 35 9720
3 2 119 2 119

0 55 5248 59 14840
4 2 119 2 119
1 2 109 2 105

0 38 3467 38 9828
3 2 149 2 151
2 2 112 2 108

0 43 16202 57 65961
1 1 69 1 40

0 2 260 2 80

0 6 516 6 1342
2 4 231 4 227
1 25 14800 29 2415

1 2 116 3 145
0 16 1441 17 3839

0 6 674 7 1320

0 20 4205 21 4380
1 2 109 2 105
3 2 149 2 151

0 12 1062 13 3640
2 2 112 2 108
1 4 184 5 224

0 17 1622 18 4341
1 2 109 2 105

5 2 119 2 119
0 21 1930 22 5579
1 1 79 2 119

0 23 21128 37 51306
2 2 112 2 108
3 2 119 2 119
1 2 109 2 105
4 2 119 2 119

0 8 828 10 2480
1 5 2800 6 315
3 2 149 2 151

0 47 4799 53 11480

0 40 3557 43 14911
1 2 109 2 105
2 2 112 2 108

0 60 5746 65 15235
2 5 263 6 279

1 3 188 4 224
3 2 149 2 151

0 5 493 5 678
2 2 112 2 108

1 2 109 2 105
0 6 2175 7 541

0 3 237 3 159

0 23 27787 37 67504
1 6 2737 7 380
2 1 72 1 40

2 1 40 1 68
1 1 76 1 40
4 37 9302 37 38975
5 2 119 2 119

4 49 11175 52 94053
1 6 4324 9 474
3 5 263 6 264

4 9 14513 16 2616
2 26 8937 32 9782
3 2 149 2 151
1 4 5389 8 395
0 2 282 2 80

2 10 10108 14 1311
4 20 11405 23 4336
1 4 5829 8 395

0 14 12788 20 39240

0 2 119 2 119
1 7 6149 10 500
2 10 9784 15 1323
4 19 8859 22 28339

4 4 1605 4 505
2 2 112 2 108

1 3 188 4 224

0 4 223 5 224

3 2 149 2 151
2 2 112 2 108

1 2 109 2 105
0 2 150 2 152

2 1 40 1 178
5 4 223 5 239

1 2 109 2 105
2 2 112 2 108

3 2 149 2 151
2 1 40 1 94
1 1 79 2 119

1 2 109 2 105
0 2 150 2 152

2 2 112 2 108

0 2 149 2 226
1 8 5700 11 540

1 12 1412 13 709
0 2 119 2 119
4 8 4464 9 1113
2 2 119 2 119

4 6 9515 10 400
2 4 8081 9 360
1 2 4511 5 200

0 4 432 4 232
2 3 120 3 513
1 3 185 4 260
4 14 3553 15 7859

4 12 4674 12 1687
2 6 9278 11 811

4 14 5670 14 1626
1 5 4322 7 355
3 2 149 2 151

4 48 27747 57 89388
2 10 23296 22 1270
1 4 6358 9 435

4 18 6073 18 7913
0 2 150 2 152
1 8 11418 16 790
2 1 40 1 82

4 27 18626 35 31056
0 5 454 6 1372
2 8 25015 21 1200

4 29 11920 31 22141
1 5 4055 7 355
2 2 112 2 108

0 3 283 4 648
1 5 4926 8 395
4 18 13518 23 28791
2 6 11313 12 842

0 5 263 6 279
4 10 3741 10 3994
1 4 6185 9 435

2 9 15700 17 1071
4 17 11020 21 5382
3 2 149 2 151
0 1 40 1 310

4 11 5837 13 4290
2 1 40 1 94
1 4 5436 8 395
0 16 3134 17 8074

0 43 4786 48 106054
2 8 7860 12 1202
4 4 3656 6 778
1 4 4381 7 355

0 5 469 5 364
2 2 112 2 108

0 3 321 3 120
1 2 109 2 105

3 2 149 2 151
0 8 2448 9 621
2 1 40 1 96
5 8 2268 10 1005

5 1 40 1 2229
0 10 2777 11 1070
2 2 112 2 108

1 2 109 2 105
0 24 14199 33 3039

0 9 2531 10 741

1 2 109 2 105
2 1 72 1 40

2 1 40 1 68

3 2 149 2 151
1 2 109 2 105
2 1 40 1 78
0 1 40 1 103
4 2 2449 2 80

2 2 112 2 108
4 2 80 2 1501
0 4 269 4 271
1 2 109 2 105

0 1 40 1 166
2 2 119 2 119
4 4 1934 4 394

0 6 592 6 673
3 2 149 2 151
1 2 109 2 105

1 5 3649 7 355
0 3 281 3 202
2 2 112 2 108

5 2 119 2 119

1 2 109 2 105
0 1 107 1 40

0 13 2989 14 932
2 3 152 3 201

1 2 109 2 105
0 8 2496 9 621

3 2 149 2 151

1 2 109 2 105
0 1 107 1 40
2 2 112 2 108

0 1 107 1 40

0 9 2752 10 724
2 1 40 1 94
1 2 109 2 105

3 2 149 2 151
0 7 494 7 815

2 4 231 4 227
0 4 2460 5 200
4 2 119 2 119
1 2 109 2 105

0 12 2815 13 1185

2 1 40 1 79
0 2 80 2 230

1 7 2790 8 420
2 2 112 2 108
5 2 119 2 119
0 7 2557 8 872

0 8 786 11 882

3 2 149 2 151
0 2 119 2 119
1 2 109 2 105
2 1 40 1 94

0 9 2584 10 734
2 2 112 2 108

0 1 107 1 40
1 2 109 2 105

0 8 2648 9 621
2 2 112 2 108
1 2 109 2 105

0 6 370 7 319
3 2 149 2 151

2 5 263 6 279
1 2 109 2 105

4 2 119 2 119
0 3 257 3 192
2 2 112 2 108

0 7 2589 8 581

1 2 109 2 105
2 1 40 1 82
5 5 263 6 279
0 1 107 1 40

0 5 263 6 279

2 2 112 2 108
0 1 107 1 40
1 7 3057 8 420

3 2 149 2 151

0 7 2805 8 501
1 2 109 2 105

0 2 158 2 160
2 2 112 2 108

0 1 107 1 40
1 2 109 2 105

0 7 2653 8 581
3 2 149 2 151

2 2 112 2 108
4 5 263 6 279

1 7 2387 8 420
4 12 4938 14 5734
2 15 7328 18 2145

4 42 12120 45 95852
1 5 5898 8 395

4 14 16490 21 6493
2 15 33009 29 1548
1 5 2270 6 315

0 2 150 2 152

0 2 282 2 80
3 2 149 2 151
2 5 1779 6 659
1 2 109 2 105

2 3 152 3 186
4 21 3541 21 41578
1 5 5976 8 395
0 2 163 2 402

4 26 15908 32 8994
0 10 1799 10 964
2 8 31581 24 1321
1 7 3934 10 550

4 32 15148 39 56170
1 4 6022 8 395
0 4 441 4 351
2 8 21931 18 1083

4 7 4282 8 588
1 4 5666 8 395
2 7 6783 11 831
3 2 149 2 151

4 18 6809 19 7906
1 4 3331 7 355

4 30 14674 37 32042
0 1 40 1 103
2 33 31617 60 52905
1 3 5401 7 355

