4 223 4 199
2 109 2 105
1 40 1 79
0 0 0 0
0 0 0 0
0 0 0 0
0 0 0 0
0 0 0 0

0 0 0 0
0 0 0 0
0 0 0 0
1 109 1 40
0 0 0 0
0 0 0 0
0 0 0 0
0 0 0 0

4 433 4 5381
7 2737 8 420
0 0 0 0
0 0 0 0
0 0 0 0
0 0 0 0
0 0 0 0
0 0 0 0

3 375 3 120
0 0 0 0
0 0 0 0
0 0 0 0
3 1638 3 120
0 0 0 0
0 0 0 0
0 0 0 0

11 3080 11 1408
2 109 2 105
0 0 0 0
6 1541 6 534
0 0 1 40
0 0 0 0
0 0 0 0
0 0 0 0

0 0 0 0
0 0 0 0
0 0 0 0
15 4432 17 1908
10 4863 11 5630
0 0 0 0
0 0 0 0
0 0 0 0

2 80 2 2604
2 109 2 105
18 5030 18 2069
0 0 0 0
0 0 0 0
0 0 0 0
0 0 0 0
0 0 0 0

0 0 0 0
0 0 0 0
0 0 0 0
1 93 1 40
0 0 0 0
0 0 0 0
0 0 0 0
0 0 0 0

50 5828 52 26140
0 0 0 0
0 0 0 0
0 0 0 0
0 0 0 0
0 0 0 0
0 0 0 0
0 0 0 0

103 9733 107 67032
2 109 2 105
4 231 4 227
0 0 0 0
0 0 0 0
0 0 0 0
0 0 0 0
0 0 0 0

111 20187 117 61892
0 0 0 0
0 0 0 0
0 0 0 0
0 0 0 0
0 0 0 0
0 0 0 0
0 0 0 0

34 5957 36 10684
2 109 2 105
0 0 0 0
2 149 2 151
0 0 0 0
0 0 0 0
0 0 0 0
0 0 0 0

44 11918 45 9381
0 0 0 0
2 112 2 108
0 0 0 0
0 0 0 0
0 0 0 0
0 0 0 0
0 0 0 0

28 2826 28 6433
2 109 2 105
0 0 0 0
0 0 0 0
0 0 0 0
0 0 0 0
0 0 0 0
0 0 0 0

21 9516 23 10539
0 0 0 0
0 0 0 0
0 0 0 0
0 0 0 0
0 0 0 0
0 0 0 0
0 0 0 0

38 7713 45 11457
5 2891 6 315
2 112 2 108
0 0 0 0
0 0 0 0
9 2309 9 3132
0 0 0 0
0 0 0 0

31 3272 35 9720
0 0 0 0
0 0 0 0
2 119 2 119
0 0 0 0
0 0 0 0
0 0 0 0
0 0 0 0

55 5248 59 14840
2 109 2 105
0 0 0 0
0 0 0 0
2 119 2 119
0 0 0 0
0 0 0 0
0 0 0 0

38 3467 38 9828
0 0 0 0
2 112 2 108
2 149 2 151
0 0 0 0
0 0 0 0
0 0 0 0
0 0 0 0

43 16202 57 65961
1 69 1 40
0 0 0 0
0 0 0 0
0 0 0 0
0 0 0 0
0 0 0 0
0 0 0 0

2 260 2 80
0 0 0 0
0 0 0 0
0 0 0 0
0 0 0 0
0 0 0 0
0 0 0 0
0 0 0 0

6 516 6 1342
25 14800 29 2415
4 231 4 227
0 0 0 0
0 0 0 0
0 0 0 0
0 0 0 0
0 0 0 0

16 1441 17 3839
2 116 3 145
0 0 0 0
0 0 0 0
0 0 0 0
0 0 0 0
0 0 0 0
0 0 0 0

6 674 7 1320
0 0 0 0
0 0 0 0
0 0 0 0
0 0 0 0
0 0 0 0
0 0 0 0
0 0 0 0

20 4205 21 4380
2 109 2 105
0 0 0 0
2 149 2 151
0 0 0 0
0 0 0 0
0 0 0 0
0 0 0 0

12 1062 13 3640
4 184 5 224
2 112 2 108
0 0 0 0
0 0 0 0
0 0 0 0
0 0 0 0
0 0 0 0

17 1622 18 4341
2 109 2 105
0 0 0 0
0 0 0 0
0 0 0 0
0 0 0 0
0 0 0 0
0 0 0 0

21 1930 22 5579
1 79 2 119
0 0 0 0
0 0 0 0
0 0 0 0
2 119 2 119
0 0 0 0
0 0 0 0

23 21128 37 51306
2 109 2 105
2 112 2 108
2 119 2 119
2 119 2 119
0 0 0 0
0 0 0 0
0 0 0 0

8 828 10 2480
5 2800 6 315
0 0 0 0
2 149 2 151
0 0 0 0
0 0 0 0
0 0 0 0
0 0 0 0

47 4799 53 11480
0 0 0 0
0 0 0 0
0 0 0 0
0 0 0 0
0 0 0 0
0 0 0 0
0 0 0 0

40 3557 43 14911
2 109 2 105
2 112 2 108
0 0 0 0
0 0 0 0
0 0 0 0
0 0 0 0
0 0 0 0

60 5746 65 15235
0 0 0 0
5 263 6 279
0 0 0 0
0 0 0 0
0 0 0 0
0 0 0 0
0 0 0 0

0 0 0 0
3 188 4 224
0 0 0 0
2 149 2 151
0 0 0 0
0 0 0 0
0 0 0 0
0 0 0 0

5 493 5 678
0 0 0 0
2 112 2 108
0 0 0 0
0 0 0 0
0 0 0 0
0 0 0 0
0 0 0 0

6 2175 7 541
2 109 2 105
0 0 0 0
0 0 0 0
0 0 0 0
0 0 0 0
0 0 0 0
0 0 0 0

3 237 3 159
0 0 0 0
0 0 0 0
0 0 0 0
0 0 0 0
0 0 0 0
0 0 0 0
0 0 0 0

23 27787 37 67504
6 2737 7 380
1 72 1 40
0 0 0 0
0 0 0 0
0 0 0 0
0 0 0 0
0 0 0 0

0 0 0 0
1 76 1 40
1 40 1 68
0 0 0 0
37 9302 37 38975
2 119 2 119
0 0 0 0
0 0 0 0

0 0 0 0
6 4324 9 474
0 0 0 0
5 263 6 264
49 11175 52 94053
0 0 0 0
0 0 0 0
0 0 0 0

2 282 2 80
4 5389 8 395
26 8937 32 9782
2 149 2 151
9 14513 16 2616
0 0 0 0
0 0 0 0
0 0 0 0

0 0 0 0
4 5829 8 395
10 10108 14 1311
0 0 0 0
20 11405 23 4336
0 0 0 0
0 0 0 0
0 0 0 0

14 12788 20 39240
0 0 0 0
0 0 0 0
0 0 0 0
0 0 0 0
0 0 0 0
0 0 0 0
0 0 0 0

2 119 2 119
7 6149 10 500
10 9784 15 1323
0 0 0 0
19 8859 22 28339
0 0 0 0
0 0 0 0
0 0 0 0

0 0 0 0
0 0 0 0
2 112 2 108
0 0 0 0
4 1605 4 505
0 0 0 0
0 0 0 0
0 0 0 0

0 0 0 0
3 188 4 224
0 0 0 0
0 0 0 0
0 0 0 0
0 0 0 0
0 0 0 0
0 0 0 0

4 223 5 224
0 0 0 0
0 0 0 0
0 0 0 0
0 0 0 0
0 0 0 0
0 0 0 0
0 0 0 0

0 0 0 0
0 0 0 0
2 112 2 108
2 149 2 151
0 0 0 0
0 0 0 0
0 0 0 0
0 0 0 0

2 150 2 152
2 109 2 105
0 0 0 0
0 0 0 0
0 0 0 0
0 0 0 0
0 0 0 0
0 0 0 0

0 0 0 0
0 0 0 0
1 40 1 178
0 0 0 0
0 0 0 0
4 223 5 239
0 0 0 0
0 0 0 0

0 0 0 0
2 109 2 105
2 112 2 108
0 0 0 0
0 0 0 0
0 0 0 0
0 0 0 0
0 0 0 0

0 0 0 0
1 79 2 119
1 40 1 94
2 149 2 151
0 0 0 0
0 0 0 0
0 0 0 0
0 0 0 0

2 150 2 152
2 109 2 105
0 0 0 0
0 0 0 0
0 0 0 0
0 0 0 0
0 0 0 0
0 0 0 0

0 0 0 0
0 0 0 0
2 112 2 108
0 0 0 0
0 0 0 0
0 0 0 0
0 0 0 0
0 0 0 0

2 149 2 226
8 5700 11 540
0 0 0 0
0 0 0 0
0 0 0 0
0 0 0 0
0 0 0 0
0 0 0 0

2 119 2 119
12 1412 13 709
2 119 2 119
0 0 0 0
8 4464 9 1113
0 0 0 0
0 0 0 0
0 0 0 0

0 0 0 0
2 4511 5 200
4 8081 9 360
0 0 0 0
6 9515 10 400
0 0 0 0
0 0 0 0
0 0 0 0

4 432 4 232
3 185 4 260
3 120 3 513
0 0 0 0
14 3553 15 7859
0 0 0 0
0 0 0 0
0 0 0 0

0 0 0 0
0 0 0 0
6 9278 11 811
0 0 0 0
12 4674 12 1687
0 0 0 0
0 0 0 0
0 0 0 0

0 0 0 0
5 4322 7 355
0 0 0 0
2 149 2 151
14 5670 14 1626
0 0 0 0
0 0 0 0
0 0 0 0

0 0 0 0
4 6358 9 435
10 23296 22 1270
0 0 0 0
48 27747 57 89388
0 0 0 0
0 0 0 0
0 0 0 0

2 150 2 152
8 11418 16 790
1 40 1 82
0 0 0 0
18 6073 18 7913
0 0 0 0
0 0 0 0
0 0 0 0

5 454 6 1372
0 0 0 0
8 25015 21 1200
0 0 0 0
27 18626 35 31056
0 0 0 0
0 0 0 0
0 0 0 0

0 0 0 0
5 4055 7 355
2 112 2 108
0 0 0 0
29 11920 31 22141
0 0 0 0
0 0 0 0
0 0 0 0

3 283 4 648
5 4926 8 395
6 11313 12 842
0 0 0 0
18 13518 23 28791
0 0 0 0
0 0 0 0
0 0 0 0

5 263 6 279
4 6185 9 435
0 0 0 0
0 0 0 0
10 3741 10 3994
0 0 0 0
0 0 0 0
0 0 0 0

1 40 1 310
0 0 0 0
9 15700 17 1071
2 149 2 151
17 11020 21 5382
0 0 0 0
0 0 0 0
0 0 0 0

16 3134 17 8074
4 5436 8 395
1 40 1 94
0 0 0 0
11 5837 13 4290
0 0 0 0
0 0 0 0
0 0 0 0

43 4786 48 106054
4 4381 7 355
8 7860 12 1202
0 0 0 0
4 3656 6 778
0 0 0 0
0 0 0 0
0 0 0 0

5 469 5 364
0 0 0 0
2 112 2 108
0 0 0 0
0 0 0 0
0 0 0 0
0 0 0 0
0 0 0 0

3 321 3 120
2 109 2 105
0 0 0 0
0 0 0 0
0 0 0 0
0 0 0 0
0 0 0 0
0 0 0 0

8 2448 9 621
0 0 0 0
1 40 1 96
2 149 2 151
0 0 0 0
8 2268 10 1005
0 0 0 0
0 0 0 0

10 2777 11 1070
0 0 0 0
2 112 2 108
0 0 0 0
0 0 0 0
1 40 1 2229
0 0 0 0
0 0 0 0

24 14199 33 3039
2 109 2 105
0 0 0 0
0 0 0 0
0 0 0 0
0 0 0 0
0 0 0 0
0 0 0 0

9 2531 10 741
0 0 0 0
0 0 0 0
0 0 0 0
0 0 0 0
0 0 0 0
0 0 0 0
0 0 0 0

0 0 0 0
2 109 2 105
1 72 1 40
0 0 0 0
0 0 0 0
0 0 0 0
0 0 0 0
0 0 0 0

0 0 0 0
0 0 0 0
1 40 1 68
0 0 0 0
0 0 0 0
0 0 0 0
0 0 0 0
0 0 0 0

1 40 1 103
2 109 2 105
1 40 1 78
2 149 2 151
2 2449 2 80
0 0 0 0
0 0 0 0
0 0 0 0

4 269 4 271
2 109 2 105
2 112 2 108
0 0 0 0
2 80 2 1501
0 0 0 0
0 0 0 0
0 0 0 0

1 40 1 166
0 0 0 0
2 119 2 119
0 0 0 0
4 1934 4 394
0 0 0 0
0 0 0 0
0 0 0 0

6 592 6 673
2 109 2 105
0 0 0 0
2 149 2 151
0 0 0 0
0 0 0 0
0 0 0 0
0 0 0 0

3 281 3 202
5 3649 7 355
2 112 2 108
0 0 0 0
0 0 0 0
0 0 0 0
0 0 0 0
0 0 0 0

0 0 0 0
0 0 0 0
0 0 0 0
0 0 0 0
0 0 0 0
2 119 2 119
0 0 0 0
0 0 0 0

1 107 1 40
2 109 2 105
0 0 0 0
0 0 0 0
0 0 0 0
0 0 0 0
0 0 0 0
0 0 0 0

13 2989 14 932
0 0 0 0
3 152 3 201
0 0 0 0
0 0 0 0
0 0 0 0
0 0 0 0
0 0 0 0

8 2496 9 621
2 109 2 105
0 0 0 0
0 0 0 0
0 0 0 0
0 0 0 0
0 0 0 0
0 0 0 0

0 0 0 0
0 0 0 0
0 0 0 0
2 149 2 151
0 0 0 0
0 0 0 0
0 0 0 0
0 0 0 0

1 107 1 40
2 109 2 105
2 112 2 108
0 0 0 0
0 0 0 0
0 0 0 0
0 0 0 0
0 0 0 0

1 107 1 40
0 0 0 0
0 0 0 0
0 0 0 0
0 0 0 0
0 0 0 0
0 0 0 0
0 0 0 0

9 2752 10 724
2 109 2 105
1 40 1 94
0 0 0 0
0 0 0 0
0 0 0 0
0 0 0 0
0 0 0 0

7 494 7 815
0 0 0 0
0 0 0 0
2 149 2 151
0 0 0 0
0 0 0 0
0 0 0 0
0 0 0 0

4 2460 5 200
2 109 2 105
4 231 4 227
0 0 0 0
2 119 2 119
0 0 0 0
0 0 0 0
0 0 0 0

12 2815 13 1185
0 0 0 0
0 0 0 0
0 0 0 0
0 0 0 0
0 0 0 0
0 0 0 0
0 0 0 0

2 80 2 230
0 0 0 0
1 40 1 79
0 0 0 0
0 0 0 0
0 0 0 0
0 0 0 0
0 0 0 0

7 2557 8 872
7 2790 8 420
2 112 2 108
0 0 0 0
0 0 0 0
2 119 2 119
0 0 0 0
0 0 0 0

8 786 11 882
0 0 0 0
0 0 0 0
0 0 0 0
0 0 0 0
0 0 0 0
0 0 0 0
0 0 0 0

2 119 2 119
2 109 2 105
1 40 1 94
2 149 2 151
0 0 0 0
0 0 0 0
0 0 0 0
0 0 0 0

9 2584 10 734
0 0 0 0
2 112 2 108
0 0 0 0
0 0 0 0
0 0 0 0
0 0 0 0
0 0 0 0

1 107 1 40
2 109 2 105
0 0 0 0
0 0 0 0
0 0 0 0
0 0 0 0
0 0 0 0
0 0 0 0

8 2648 9 621
2 109 2 105
2 112 2 108
0 0 0 0
0 0 0 0
0 0 0 0
0 0 0 0
0 0 0 0

6 370 7 319
0 0 0 0
0 0 0 0
2 149 2 151
0 0 0 0
0 0 0 0
0 0 0 0
0 0 0 0

0 0 0 0
2 109 2 105
5 263 6 279
0 0 0 0
0 0 0 0
0 0 0 0
0 0 0 0
0 0 0 0

3 257 3 192
0 0 0 0
2 112 2 108
0 0 0 0
2 119 2 119
0 0 0 0
0 0 0 0
0 0 0 0

7 2589 8 581
0 0 0 0
0 0 0 0
0 0 0 0
0 0 0 0
0 0 0 0
0 0 0 0
0 0 0 0

1 107 1 40
2 109 2 105
1 40 1 82
0 0 0 0
0 0 0 0
5 263 6 279
0 0 0 0
0 0 0 0

5 263 6 279
0 0 0 0
0 0 0 0
0 0 0 0
0 0 0 0
0 0 0 0
0 0 0 0
0 0 0 0

1 107 1 40
7 3057 8 420
2 112 2 108
0 0 0 0
0 0 0 0
0 0 0 0
0 0 0 0
0 0 0 0

0 0 0 0
0 0 0 0
0 0 0 0
2 149 2 151
0 0 0 0
0 0 0 0
0 0 0 0
0 0 0 0

7 2805 8 501
2 109 2 105
0 0 0 0
0 0 0 0
0 0 0 0
0 0 0 0
0 0 0 0
0 0 0 0

2 158 2 160
0 0 0 0
2 112 2 108
0 0 0 0
0 0 0 0
0 0 0 0
0 0 0 0
0 0 0 0

1 107 1 40
2 109 2 105
0 0 0 0
0 0 0 0
0 0 0 0
0 0 0 0
0 0 0 0
0 0 0 0

7 2653 8 581
0 0 0 0
0 0 0 0
2 149 2 151
0 0 0 0
0 0 0 0
0 0 0 0
0 0 0 0

0 0 0 0
0 0 0 0
2 112 2 108
0 0 0 0
5 263 6 279
0 0 0 0
0 0 0 0
0 0 0 0

0 0 0 0
7 2387 8 420
15 7328 18 2145
0 0 0 0
12 4938 14 5734
0 0 0 0
0 0 0 0
0 0 0 0

0 0 0 0
5 5898 8 395
0 0 0 0
0 0 0 0
42 12120 45 95852
0 0 0 0
0 0 0 0
0 0 0 0

0 0 0 0
5 2270 6 315
15 33009 29 1548
0 0 0 0
14 16490 21 6493
0 0 0 0
0 0 0 0
0 0 0 0

2 150 2 152
0 0 0 0
0 0 0 0
0 0 0 0
0 0 0 0
0 0 0 0
0 0 0 0
0 0 0 0

2 282 2 80
2 109 2 105
5 1779 6 659
2 149 2 151
0 0 0 0
0 0 0 0
0 0 0 0
0 0 0 0

2 163 2 402
5 5976 8 395
3 152 3 186
0 0 0 0
21 3541 21 41578
0 0 0 0
0 0 0 0
0 0 0 0

10 1799 10 964
7 3934 10 550
8 31581 24 1321
0 0 0 0
26 15908 32 8994
0 0 0 0
0 0 0 0
0 0 0 0

4 441 4 351
4 6022 8 395
8 21931 18 1083
0 0 0 0
32 15148 39 56170
0 0 0 0
0 0 0 0
0 0 0 0

0 0 0 0
4 5666 8 395
7 6783 11 831
2 149 2 151
7 4282 8 588
0 0 0 0
0 0 0 0
0 0 0 0

0 0 0 0
4 3331 7 355
0 0 0 0
0 0 0 0
18 6809 19 7906
0 0 0 0
0 0 0 0
0 0 0 0

1 40 1 103
3 5401 7 355
33 31617 60 52905
0 0 0 0
30 14674 37 32042
0 0 0 0
0 0 0 0
0 0 0 0

3 322 3 537
4 5776 8 395
648 31501 1143 28359784
0 0 0 0
14 2013 14 30173
0 0 0 0
0 0 0 0
0 0 0 0

0 0 0 0
0 0 0 0
248 16400 461 12758618
0 0 0 0
4 2780 5 432
0 0 0 0
0 0 0 0
0 0 0 0

6 823 6 347
2 109 2 105
0 0 0 0
2 149 2 151
0 0 0 0
0 0 0 0
0 0 0 0
0 0 0 0

0 0 0 0
0 0 0 0
68 7411 114 1737461
0 0 0 0
15 4916 16 35516
0 0 0 0
0 0 0 0
0 0 0 0

0 0 0 0
10 9815 15 750
33 6770 38 62775
0 0 0 0
14 17447 23 6339
0 0 0 0
0 0 0 0
0 0 0 0

0 0 0 0
0 0 0 0
5 2743 6 603
0 0 0 0
0 0 0 0
10 2327 11 3225
0 0 0 0
0 0 0 0

2 150 2 152
7 6223 11 540
53 5029 85 523325
0 0 0 0
14 4979 14 10960
0 0 0 0
0 0 0 0
0 0 0 0

0 0 0 0
0 0 0 0
2 112 2 108
0 0 0 0
5 1573 5 4145
0 0 0 0
0 0 0 0
0 0 0 0

0 0 0 0
2 109 2 105
0 0 0 0
2 149 2 151
0 0 0 0
0 0 0 0
0 0 0 0
0 0 0 0

0 0 0 0
0 0 0 0
5 1931 6 602
0 0 0 0
19 3721 19 15175
0 0 0 0
0 0 0 0
0 0 0 0

2 150 2 152
5 5607 8 395
2 112 2 108
0 0 0 0
4 1551 4 481
0 0 0 0
0 0 0 0
0 0 0 0

3 5884 6 304
0 0 0 0
0 0 0 0
0 0 0 0
0 0 0 0
0 0 0 0
0 0 0 0
0 0 0 0

0 0 0 0
1 69 1 40
0 0 0 0
0 0 0 0
0 0 0 0
0 0 0 0
0 0 0 0
0 0 0 0

1 79 1 40
0 0 0 0
1 72 1 40
1 109 1 40
0 0 0 0
0 0 0 0
0 0 0 0
0 0 0 0

1 40 1 79
1 70 1 40
1 40 1 68
1 40 1 111
0 0 0 0
0 0 0 0
0 0 0 0
0 0 0 0

0 0 0 0
1 40 1 65
0 0 0 0
0 0 0 0
0 0 0 0
0 0 0 0
0 0 0 0
0 0 0 0

2 150 2 152
24 14727 29 2415
0 0 0 0
0 0 0 0
8 3354 8 874
0 0 0 0
0 0 0 0
0 0 0 0

0 0 0 0
0 0 0 0
2 112 2 108
0 0 0 0
0 0 0 0
2 119 2 119
0 0 0 0
0 0 0 0

0 0 0 0
6 293 7 329
16 1025 16 11915
0 0 0 0
10 3382 10 4008
0 0 0 0
0 0 0 0
0 0 0 0

0 0 0 0
0 0 0 0
17 1005 17 17181
0 0 0 0
5 2701 5 800
0 0 0 0
0 0 0 0
0 0 0 0

0 0 0 0
6 6471 10 500
37 2592 37 40268
0 0 0 0
8 2532 8 3892
0 0 0 0
0 0 0 0
0 0 0 0

0 0 0 0
6 3952 8 395
50 5006 68 645042
2 149 2 151
10 3483 10 7359
42 11997 50 15721
0 0 0 0
0 0 0 0

2 150 2 152
1 79 2 119
0 0 0 0
0 0 0 0
4 1460 4 482
0 0 0 0
0 0 0 0
0 0 0 0

0 0 0 0
7 5964 10 500
32 2302 32 13212
0 0 0 0
6 2114 6 1491
0 0 0 0
0 0 0 0
0 0 0 0

0 0 0 0
8 9960 16 790
77 6512 111 839728
0 0 0 0
18 5438 18 11697
8 5158 12 862
0 0 0 0
0 0 0 0

2 150 2 152
8 8928 14 710
21 1254 21 13966
0 0 0 0
10 3472 11 4967
0 0 0 0
0 0 0 0
0 0 0 0

2 119 2 119
7 2432 8 470
10 652 10 5110
0 0 0 0
0 0 0 0
0 0 0 0
0 0 0 0
0 0 0 0

0 0 0 0
13 14698 22 1105
30 1846 30 41884
0 0 0 0
4 1404 4 3202
0 0 0 0
0 0 0 0
0 0 0 0

0 0 0 0
1 79 2 119
11 756 11 4390
2 149 2 151
4 1460 4 484
0 0 0 0
0 0 0 0
0 0 0 0

9 656 12 797
4 3871 7 355
5 331 5 303
0 0 0 0
4 5877 7 513
2 119 2 119
0 0 0 0
0 0 0 0

12 1752 15 18019
2 109 2 105
0 0 0 0
0 0 0 0
0 0 0 0
0 0 0 0
0 0 0 0
0 0 0 0

1 107 1 40
0 0 0 0
2 112 2 108
0 0 0 0
0 0 0 0
0 0 0 0
0 0 0 0
0 0 0 0

0 0 0 0
1 69 1 40
1 79 1 40
0 0 0 0
0 0 0 0
0 0 0 0
0 0 0 0
0 0 0 0

3 257 3 192
2 119 3 184
2 80 2 237
0 0 0 0
4 1495 4 483
0 0 0 0
0 0 0 0
0 0 0 0

0 0 0 0
0 0 0 0
2 112 2 108
0 0 0 0
0 0 0 0
0 0 0 0
0 0 0 0
0 0 0 0

6 2823 7 447
0 0 0 0
3 159 3 215
2 149 2 151
0 0 0 0
2 119 2 119
0 0 0 0
0 0 0 0

3 201 3 272
7 3474 9 460
0 0 0 0
0 0 0 0
0 0 0 0
0 0 0 0
0 0 0 0
0 0 0 0

1 40 1 103
0 0 0 0
9 574 9 3641
0 0 0 0
0 0 0 0
0 0 0 0
0 0 0 0
0 0 0 0

2 80 2 206
2 109 2 105
0 0 0 0
0 0 0 0
0 0 0 0
0 0 0 0
0 0 0 0
0 0 0 0

2 282 2 80
6 2678 8 434
3 219 3 190
2 149 2 151
4 1517 4 483
33 3774 33 62902
128 11670 139 1126172
0 0 0 0

2 150 2 152
0 0 0 0
3 152 3 207
0 0 0 0
0 0 0 0
110 5369 111 512574
110 13136 170 1370614
16 3658 16 5151

1 40 1 294
2 109 2 105
0 0 0 0
0 0 0 0
0 0 0 0
66 9995 82 823342
52 12561 69 649705
19 3686 18 1593

18 2697 18 6892
59 14132 65 7906
1 40 1 121
0 0 0 0
0 0 0 0
48 15596 54 164589
51 11376 73 465202
1 40 1 1160

2 149 2 211
7 4729 9 460
3 152 3 188
0 0 0 0
0 0 0 0
91 43153 99 237635
102 12287 126 282409
0 0 0 0

3 281 3 202
11 3272 12 677
0 0 0 0
2 149 2 151
0 0 0 0
43 8028 44 147998
50 3921 63 236539
55 13414 50 20466

3 254 3 193
14 5768 18 1046
2 119 2 119
28 5899 29 7045
3 1420 3 155
60 27304 65 69287
57 10154 67 140466
126 14620 176 197431

1 107 1 40
13 24871 26 1190
5 338 5 1416
0 0 0 0
4 1025 4 946
10 1797 10 16617
25 5350 47 48299
25 4619 23 49603

7 2236 8 653
7 6702 11 540
11 1798 11 961
0 0 0 0
10 1950 10 1264
32 13860 32 10217
8 1240 16 9476
27 2426 27 48804

9 2612 10 661
9 4949 11 629
18 3012 19 4748
0 0 0 0
51 8276 56 123416
0 0 0 0
34 6302 65 50933
72 6848 78 15638

1 40 1 98
5 335 7 319
7 445 7 640
2 149 2 151
0 0 0 0
19 9119 22 14297
13 1376 17 19902
12 1394 12 17312

1 40 1 103
23 10586 31 1839
5 326 5 298
0 0 0 0
0 0 0 0
3 1428 3 738
4 251 4 1175
15 1026 15 4012

1 40 1 310
4 2980 6 315
0 0 0 0
2 149 2 151
0 0 0 0
0 0 0 0
0 0 0 0
4 809 4 381

9 978 9 4409
0 0 0 0
3 215 3 191
0 0 0 0
4 1632 4 482
0 0 0 0
0 0 0 0
10 498 10 17175

0 0 0 0
6 2807 8 421
2 112 2 108
0 0 0 0
82 835732 596 23875
0 0 0 0
0 0 0 0
6 344 6 818

2 150 2 152
1 79 2 119
8 477 9 469
0 0 0 0
1 40 2 707
0 0 0 0
0 0 0 0
1 40 1 87

0 0 0 0
9 5037 12 605
0 0 0 0
2 149 2 151
0 0 0 0
0 0 0 0
0 0 0 0
0 0 0 0

0 0 0 0
0 0 0 0
2 112 2 108
2 119 2 119
0 0 0 0
0 0 0 0
0 0 0 0
8 455 8 443

0 0 0 0
3 185 4 297
17 1277 17 3941
0 0 0 0
4 1557 4 5100
10 2358 11 767
26 2454 29 105765
0 0 0 0

0 0 0 0
0 0 0 0
9 576 9 801
1 40 1 110
4 1460 4 485
7 2055 7 6242
0 0 0 0
2 80 2 172

0 0 0 0
3 178 3 145
4 231 4 227
2 149 2 151
6 3671 6 472
5 2913 5 239
0 0 0 0
6 336 6 324

1 110 1 40
5 10976 11 440
2 214 2 80
1 109 1 40
3 1911 4 160
15 19129 21 840
12 1479 12 480
2 323 2 80

2 80 2 222
21 11378 28 1697
5 263 6 373
1 40 1 111
7 3008 8 2168
52 7954 56 167525
19 1892 19 36855
1 40 1 604

0 0 0 0
7 7994 13 670
2 112 2 108
0 0 0 0
0 0 0 0
72 29519 78 133594
60 7680 70 115274
3 120 3 637

0 0 0 0
4 7182 9 435
0 0 0 0
0 0 0 0
0 0 0 0
0 0 0 0
0 0 0 0
4 224 4 216

4 238 4 238
3 185 3 145
0 0 0 0
0 0 0 0
4 1460 4 483
66 12853 79 422349
50 6660 95 50122
2 112 2 108

2 150 2 152
3 7322 8 395
2 112 2 108
0 0 0 0
0 0 0 0
14 7702 17 3697
0 0 0 0
0 0 0 0

0 0 0 0
32 16452 42 2238
0 0 0 0
4 298 4 302
0 0 0 0
20 8770 25 27603
21 2224 30 30625
18 1259 20 5849

0 0 0 0
1 79 2 119
0 0 0 0
0 0 0 0
0 0 0 0
0 0 0 0
48 2512 79 1917908
3 220 3 199

0 0 0 0
4 218 4 210
2 112 2 108
2 119 2 119
0 0 0 0
178 129097 247 210718
7 856 13 5219
11 669 11 633

0 0 0 0
5 5083 8 395
2 119 2 119
0 0 0 0
0 0 0 0
0 0 0 0
2 119 2 119
3 211 3 191

0 0 0 0
2 109 2 105
2 119 2 119
0 0 0 0
4 2266 4 482
2 119 2 119
0 0 0 0
1 40 1 78

2 150 2 152
2 109 2 105
2 112 2 108
0 0 0 0
0 0 0 0
0 0 0 0
0 0 0 0
9 550 9 517

0 0 0 0
7 4187 9 461
0 0 0 0
0 0 0 0
0 0 0 0
5 2618 5 3954
0 0 0 0
1 40 1 658

4 323 4 751
3 188 4 224
0 0 0 0
2 149 2 151
0 0 0 0
5 3033 6 562
0 0 0 0
0 0 0 0

0 0 0 0
2 109 2 105
3 152 3 218
2 149 2 151
0 0 0 0
0 0 0 0
0 0 0 0
6 336 6 324

0 0 0 0
2 109 2 105
1 40 1 82
0 0 0 0
0 0 0 0
0 0 0 0
0 0 0 0
0 0 0 0

4 238 4 238
7 372 8 369
0 0 0 0
0 0 0 0
4 1602 4 483
0 0 0 0
0 0 0 0
0 0 0 0

0 0 0 0
5 4040 7 355
2 112 2 108
0 0 0 0
0 0 0 0
2 119 2 119
0 0 0 0
6 336 6 324

2 150 2 152
2 109 2 105
0 0 0 0
0 0 0 0
0 0 0 0
0 0 0 0
0 0 0 0
8 476 9 471

0 0 0 0
2 109 2 105
0 0 0 0
5 263 5 239
0 0 0 0
0 0 0 0
2 119 2 119
0 0 0 0

0 0 0 0
2 109 2 105
4 231 4 227
4 298 4 302
0 0 0 0
0 0 0 0
0 0 0 0
6 336 6 324

0 0 0 0
2 109 2 105
7 376 8 557
0 0 0 0
9 1909 9 1204
7 363 7 323
2 119 2 119
0 0 0 0

0 0 0 0
0 0 0 0
0 0 0 0
0 0 0 0
4 1539 4 485
0 0 0 0
0 0 0 0
0 0 0 0

2 150 2 152
4 218 4 210
3 152 3 206
0 0 0 0
0 0 0 0
0 0 0 0
0 0 0 0
6 336 6 324

0 0 0 0
0 0 0 0
1 40 1 91
0 0 0 0
0 0 0 0
0 0 0 0
0 0 0 0
0 0 0 0

0 0 0 0
7 3146 8 421
2 113 2 568
2 149 2 151
0 0 0 0
7 3139 8 651
8 866 8 9845
1 40 1 88

8 446 9 399
2 109 2 105
1 72 1 40
0 0 0 0
0 0 0 0
0 0 0 0
0 0 0 0
6 336 6 324

0 0 0 0
2 109 2 105
0 0 0 0
1 109 1 40
0 0 0 0
0 0 0 0
0 0 0 0
0 0 0 0

2 150 2 152
2 109 2 105
1 40 1 68
1 40 1 111
4 1980 4 487
0 0 0 0
0 0 0 0
0 0 0 0

0 0 0 0
2 109 2 105
0 0 0 0
0 0 0 0
0 0 0 0
2 119 2 119
0 0 0 0
6 336 6 324

0 0 1 40
7 4921 10 500
0 0 0 0
0 0 0 0
8 1787 8 1187
0 0 0 0
0 0 0 0
0 0 0 0

0 0 0 0
0 0 0 0
6 335 6 307
2 149 2 151
0 0 0 0
0 0 0 0
2 119 2 119
1 40 1 82

0 0 0 0
4 218 4 210
0 0 0 0
0 0 0 0
0 0 0 0
0 0 0 0
0 0 0 0
6 336 6 324

2 150 2 152
0 0 0 0
0 0 0 0
2 149 2 151
0 0 0 0
0 0 0 0
0 0 0 0
0 0 0 0

0 0 0 0
3 178 3 145
2 112 2 108
0 0 0 0
14 3388 14 1771
0 0 0 0
0 0 0 0
0 0 0 0

0 0 0 0
1 40 1 65
0 0 0 0
0 0 0 0
4 2010 4 409
5 2874 6 533
0 0 0 0
6 336 6 324

0 0 0 0
2 109 2 105
0 0 0 0
2 149 2 151
0 0 0 0
0 0 0 0
0 0 0 0
0 0 0 0

0 0 0 0
2 109 2 105
2 112 2 108
0 0 0 0
4 1990 5 1606
0 0 0 0
2 119 2 119
0 0 0 0

2 150 2 152
7 2790 8 421
0 0 0 0
0 0 0 0
0 0 0 0
0 0 0 0
0 0 0 0
6 336 6 324

0 0 0 0
2 109 2 105
0 0 0 0
2 149 2 151
0 0 0 0
5 263 6 279
0 0 0 0
0 0 0 0

0 0 0 0
2 109 2 105
3 152 3 220
0 0 0 0
4 2266 4 507
0 0 0 0
0 0 0 0
1 40 1 135

0 0 0 0
2 109 2 105
1 40 1 78
0 0 0 0
0 0 0 0
0 0 0 0
0 0 0 0
6 336 6 324

0 0 0 0
2 109 2 105
0 0 0 0
0 0 0 0
0 0 0 0
5 2434 5 3805
5 263 6 279
1 40 1 526

1 110 1 40
6 4652 8 398
2 112 2 108
0 0 0 0
0 0 0 0
5 2038 5 430
0 0 0 0
1 138 1 40

2 80 2 340
10 1301 12 697
0 0 0 0
2 149 2 151
0 0 0 0
0 0 0 0
0 0 0 0
8 416 8 475

3 264 3 309
0 0 0 0
0 0 0 0
0 0 0 0
0 0 0 0
0 0 0 0
0 0 0 0
3 215 3 192

2 152 2 269
4 218 4 210
2 112 2 108
2 149 2 151
4 1602 4 503
0 0 0 0
78 6647 101 1308268
0 0 0 0

2 152 2 268
0 0 0 0
0 0 0 0
0 0 0 0
0 0 0 0
5 1523 5 10916
15 2003 26 65817
9 551 9 516

3 262 3 396
3 178 3 145
0 0 0 0
0 0 0 0
0 0 0 0
0 0 0 0
0 0 0 0
0 0 0 0

1 40 1 112
1 40 1 65
2 112 2 108
0 0 0 0
0 0 0 0
0 0 0 0
2 119 2 119
0 0 0 0

0 0 0 0
7 2928 8 421
0 0 0 0
0 0 0 0
0 0 0 0
0 0 0 0
0 0 0 0
6 336 6 324

0 0 0 0
15 12289 21 1065
1 40 1 81
4 298 4 302
0 0 0 0
75 28095 90 137607
45 6624 76 137299
5 295 5 368

0 0 0 0
6 5539 9 435
2 112 2 108
0 0 0 0
4 1454 4 507
42 18085 47 35540
39 5745 56 87853
3 166 3 308

0 0 0 0
11 6952 14 735
0 0 0 0
0 0 0 0
0 0 0 0
41 14734 41 31317
36 4595 54 146625
6 344 6 473

2 150 2 152
9 1061 9 530
0 0 0 0
0 0 0 0
0 0 0 0
57 41524 80 89689
75 9854 103 182334
4 224 4 216

0 0 0 0
7 6374 11 540
2 112 2 108
0 0 0 0
0 0 0 0
47 60799 74 34551
0 0 0 0
0 0 0 0

0 0 0 0
0 0 0 0
0 0 0 0
2 149 2 151
0 0 0 0
36 43723 53 39203
0 0 0 0
1 40 1 96

0 0 0 0
16 14356 26 1316
7 445 7 503
0 0 0 0
0 0 0 0
27 37677 45 22038
9 614 9 26487
8 513 9 515

2 150 2 152
0 0 0 0
2 112 2 108
2 149 2 151
3 1425 3 155
6 2551 6 6485
0 0 0 0
0 0 0 0

0 0 0 0
4 218 4 210
0 0 0 0
0 0 0 0
1 40 1 351
0 0 0 0
0 0 0 0
0 0 0 0

0 0 0 0
0 0 0 0
0 0 0 0
0 0 0 0
0 0 0 0
0 0 0 0
0 0 0 0
5 296 5 281

0 0 0 0
2 109 2 105
2 112 2 108
2 149 2 151
0 0 0 0
0 0 0 0
0 0 0 0
2 80 2 136

0 0 0 0
2 109 2 105
0 0 0 0
0 0 0 0
0 0 0 0
0 0 0 0
0 0 0 0
1 40 1 82

0 0 0 0
2 109 2 105
0 0 0 0
0 0 0 0
0 0 0 0
0 0 0 0
0 0 0 0
0 0 0 0

1 110 1 40
2 109 2 105
1 72 1 40
1 109 1 40
0 0 0 0
0 0 0 0
0 0 0 0
5 296 5 256

1 40 1 112
4 5848 7 305
1 40 1 68
1 40 1 111
4 1460 4 1713
9 2355 9 3149
0 0 0 0
1 40 1 68

0 0 0 0
5 1272 6 390
0 0 0 0
0 0 0 0
0 0 0 0
0 0 0 0
2 119 2 119
1 40 1 75

0 0 0 0
2 109 2 105
9 625 9 861
0 0 0 0
0 0 0 0
5 5227 7 509
0 0 0 0
4 224 4 216

0 0 0 0
7 5398 10 501
5 327 5 305
2 149 2 151
0 0 0 0
0 0 0 0
0 0 0 0
3 152 3 192

0 0 0 0
4 3063 6 316
4 258 4 289
0 0 0 0
0 0 0 0
0 0 0 0
2 119 2 119
1 40 1 74

0 0 0 0
6 6528 11 541
7 472 7 8537
0 0 0 0
17 7455 18 6457
0 0 0 0
0 0 0 0
4 224 4 216

2 150 2 152
11 10657 19 966
237 26890 333 5505440
0 0 0 0
29 21770 38 45902
0 0 0 0
0 0 0 0
2 112 2 108

0 0 0 0
2 109 2 105
1 40 1 217
2 149 2 151
0 0 0 0
4 2373 4 195
0 0 0 0
1 40 1 504

0 0 0 0
15 18264 30 1504
8 3229 9 1035
0 0 0 0
19 7066 22 31809
1 40 1 3011
0 0 0 0
5 266 5 812

2 150 2 152
13 1805 16 1153
2 112 2 108
0 0 0 0
0 0 0 0
5 2206 5 538
0 0 0 0
12 735 14 1010

0 0 0 0
2 109 2 105
6 6355 10 820
0 0 0 0
0 0 0 0
0 0 0 0
0 0 0 0
1 40 1 102

15 6223 20 2116
4 3459 6 265
2 80 2 296
2 149 2 151
4 1612 4 506
0 0 0 0
0 0 0 0
2 112 2 108

0 0 0 0
3 156 3 196
4 1777 5 566
0 0 0 0
0 0 0 0
2 119 2 119
0 0 0 0
5 264 5 317

0 0 0 0
7 6579 11 540
3 152 3 326
2 149 2 151
0 0 0 0
0 0 0 0
2 119 2 119
0 0 0 0

0 0 0 0
2 109 2 105
7 1606 7 773
0 0 0 0
9 3285 9 1255
8 1269 9 4158
0 0 0 0
2 112 2 108

0 0 0 0
2 109 2 105
60 5716 93 1363280
0 0 0 0
38 4662 39 129904
0 0 0 0
0 0 0 0
7 378 7 596

2 150 2 152
9 3175 10 612
12 2162 13 1076
0 0 0 0
8 497 8 14589
16 10023 18 13073
15 1445 15 3332
7 447 7 588

0 0 0 0
0 0 0 0
0 0 0 0
4 298 4 302
4 2409 4 505
0 0 0 0
0 0 0 0
2 112 2 108

0 0 0 0
9 1027 10 637
0 0 0 0
0 0 0 0
0 0 0 0
3 1437 3 514
0 0 0 0
16 1140 17 5337

0 0 0 0
1 70 2 80
2 112 2 108
4 214 5 262
0 0 0 0
7 8993 11 671
0 0 0 0
25 1528 28 11891

2 150 2 152
2 109 2 105
0 0 0 0
0 0 0 0
0 0 0 0
0 0 0 0
0 0 0 0
0 0 0 0

2 119 2 119
2 109 2 105
2 112 2 108
0 0 0 0
0 0 0 0
0 0 0 0
0 0 0 0
0 0 0 0

0 0 0 0
0 0 0 0
0 0 0 0
2 149 2 151
3 1951 3 155
0 0 0 0
0 0 0 0
0 0 0 0

0 0 0 0
5 4612 7 356
0 0 0 0
0 0 0 0
5 1903 5 768
2 119 2 119
0 0 0 0
0 0 0 0

2 150 2 152
0 0 0 0
2 112 2 108
0 0 0 0
0 0 0 0
0 0 0 0
0 0 0 0
0 0 0 0

0 0 0 0
2 109 2 105
2 119 2 119
0 0 0 0
0 0 0 0
2 119 2 119
5 263 6 279
0 0 0 0

0 0 0 0
0 0 0 0
2 119 2 119
2 149 2 151
0 0 0 0
0 0 0 0
0 0 0 0
0 0 0 0

0 0 0 0
2 109 2 105
0 0 0 0
0 0 0 0
0 0 0 0
0 0 0 0
2 119 2 119
0 0 0 0

0 0 0 0
0 0 0 0
2 112 2 108
0 0 0 0
0 0 0 0
0 0 0 0
0 0 0 0
0 0 0 0

2 150 2 152
2 109 2 105
0 0 0 0
0 0 0 0
4 1453 4 505
2 119 2 119
0 0 0 0
0 0 0 0

0 0 0 0
2 109 2 105
2 112 2 108
0 0 0 0
0 0 0 0
9 1599 12 4522
0 0 0 0
0 0 0 0

0 0 0 0
0 0 0 0
0 0 0 0
2 149 2 151
0 0 0 0
0 0 0 0
0 0 0 0
0 0 0 0

4 269 4 271
1 69 1 40
0 0 0 0
0 0 0 0
0 0 0 0
0 0 0 0
0 0 0 0
0 0 0 0

0 0 0 0
1 40 1 65
2 112 2 108
0 0 0 0
0 0 0 0
5 263 6 279
0 0 0 0
0 0 0 0

0 0 0 0
0 0 0 0
0 0 0 0
0 0 0 0
4 1453 4 506
0 0 0 0
0 0 0 0
0 0 0 0

0 0 0 0
7 3388 9 461
0 0 0 0
0 0 0 0
0 0 0 0
0 0 0 0
0 0 0 0
0 0 0 0

0 0 0 0
0 0 0 0
5 271 5 323
0 0 0 0
0 0 0 0
2 119 2 119
0 0 0 0
0 0 0 0

2 150 2 152
2 109 2 105
2 119 2 119
2 149 2 151
0 0 0 0
0 0 0 0
0 0 0 0
0 0 0 0

0 0 0 0
0 0 0 0
0 0 0 0
0 0 0 0
0 0 0 0
0 0 0 0
2 119 2 119
0 0 0 0

0 0 0 0
2 109 2 105
2 112 2 108
0 0 0 0
0 0 0 0
0 0 0 0
0 0 0 0
0 0 0 0

0 0 0 0
0 0 0 0
0 0 0 0
0 0 0 0
7 3272 7 660
2 119 2 119
0 0 0 0
0 0 0 0

0 0 0 0
2 109 2 105
1 40 1 106
0 0 0 0
1 40 1 262
0 0 0 0
0 0 0 0
0 0 0 0

0 0 0 0
0 0 0 0
2 112 2 108
2 149 2 151
4 1908 5 1670
2 119 2 119
0 0 0 0
0 0 0 0

7 413 8 431
2 109 2 105
0 0 0 0
0 0 0 0
0 0 0 0
0 0 0 0
0 0 0 0
0 0 0 0

0 0 0 0
0 0 0 0
2 112 2 108
0 0 0 0
0 0 0 0
0 0 0 0
0 0 0 0
0 0 0 0

2 150 2 152
2 109 2 105
5 263 6 279
0 0 0 0
4 1453 4 507
5 263 6 264
0 0 0 0
0 0 0 0

0 0 0 0
7 2792 8 421
6 335 7 332
2 149 2 151
0 0 0 0
0 0 0 0
5 263 6 279
0 0 0 0

2 150 2 152
2 109 2 105
0 0 0 0
0 0 0 0
0 0 0 0
5 263 5 239
0 0 0 0
0 0 0 0

0 0 0 0
0 0 0 0
2 112 2 108
0 0 0 0
4 1453 4 506
0 0 0 0
0 0 0 0
0 0 0 0

0 0 0 0
2 109 2 105
0 0 0 0
0 0 0 0
0 0 0 0
0 0 0 0
0 0 0 0
0 0 0 0

0 0 0 0
0 0 0 0
0 0 0 0
2 149 2 151
0 0 0 0
2 119 2 119
0 0 0 0
0 0 0 0

0 0 0 0
2 109 2 105
2 112 2 108
0 0 0 0
0 0 0 0
0 0 0 0
0 0 0 0
0 0 0 0

2 150 2 152
0 0 0 0
0 0 0 0
0 0 0 0
0 0 0 0
0 0 0 0
0 0 0 0
0 0 0 0

0 0 0 0
2 109 2 105
0 0 0 0
0 0 0 0
0 0 0 0
0 0 0 0
0 0 0 0
0 0 0 0

2 149 2 226
0 0 0 0
2 112 2 108
0 0 0 0
4 2246 4 506
9 2331 9 3156
0 0 0 0
0 0 0 0

5 381 4 246
2 109 2 105
1 40 1 82
2 149 2 151
0 0 0 0
0 0 0 0
0 0 0 0
0 0 0 0

1 107 1 40
5 3022 6 316
2 112 2 108
0 0 0 0
0 0 0 0
0 0 0 0
0 0 0 0
0 0 0 0

7 2605 8 581
0 0 0 0
0 0 0 0
0 0 0 0
0 0 0 0
0 0 0 0
0 0 0 0
0 0 0 0

0 0 0 0
2 109 2 105
0 0 0 0
0 0 0 0
0 0 0 0
0 0 0 0
0 0 0 0
0 0 0 0

0 0 0 0
0 0 0 0
2 112 2 108
2 149 2 151
0 0 0 0
4 223 5 239
0 0 0 0
0 0 0 0

0 0 0 0
2 109 2 105
0 0 0 0
0 0 0 0
4 1706 4 507
0 0 0 0
0 0 0 0
0 0 0 0

2 282 2 80
0 0 0 0
0 0 0 0
0 0 0 0
0 0 0 0
0 0 0 0
0 0 0 0
0 0 0 0

2 150 2 152
2 109 2 105
2 112 2 108
0 0 0 0
0 0 0 0
0 0 0 0
0 0 0 0
0 0 0 0

0 0 0 0
0 0 0 0
0 0 0 0
2 149 2 151
0 0 0 0
0 0 0 0
0 0 0 0
0 0 0 0

0 0 0 0
2 109 2 105
1 40 1 94
0 0 0 0
0 0 0 0
2 119 2 119
0 0 0 0
0 0 0 0

0 0 0 0
2 109 2 105
3 152 3 200
0 0 0 0
4 1453 4 506
0 0 0 0
0 0 0 0
0 0 0 0

2 150 2 152
0 0 0 0
0 0 0 0
0 0 0 0
0 0 0 0
0 0 0 0
0 0 0 0
0 0 0 0

2 856 2 144
0 0 0 0
0 0 0 0
0 0 0 0
0 0 0 0
0 0 0 0
0 0 0 0
0 0 0 0

0 0 0 0
7 3514 9 461
2 112 2 108
0 0 0 0
0 0 0 0
0 0 0 0
0 0 0 0
0 0 0 0

0 0 0 0
0 0 0 0
0 0 0 0
2 149 2 151
0 0 0 0
9 2708 9 3868
0 0 0 0
0 0 0 0

0 0 0 0
2 109 2 105
0 0 0 0
0 0 0 0
0 0 0 0
0 0 0 0
0 0 0 0
0 0 0 0

0 0 0 0
0 0 0 0
2 112 2 108
0 0 0 0
4 1453 4 505
0 0 0 0
0 0 0 0
0 0 0 0

2 150 2 152
2 109 2 105
0 0 0 0
0 0 0 0
0 0 0 0
0 0 0 0
0 0 0 0
0 0 0 0

0 0 0 0
0 0 0 0
0 0 0 0
2 149 2 151
4 1857 5 1638
0 0 0 0
0 0 0 0
0 0 0 0

0 0 0 0
1 69 1 40
2 112 2 108
0 0 0 0
0 0 0 0
0 0 0 0
11 1770 10 5800
0 0 0 0

0 0 0 0
1 40 1 65
0 0 0 0
0 0 0 0
0 0 0 0
2 119 2 119
0 0 0 0
0 0 0 0

2 150 2 152
2 109 2 105
0 0 0 0
0 0 0 0
4 1453 4 507
0 0 0 0
0 0 0 0
0 0 0 0

0 0 0 0
0 0 0 0
2 112 2 108
2 149 2 151
0 0 0 0
0 0 0 0
0 0 0 0
0 0 0 0

0 0 0 0
2 109 2 105
0 0 0 0
0 0 0 0
0 0 0 0
0 0 0 0
3 302 3 1572
0 0 0 0

0 0 0 0
5 6130 9 436
0 0 0 0
0 0 0 0
0 0 0 0
0 0 0 0
0 0 0 0
0 0 0 0

0 0 0 0
0 0 0 0
2 112 2 108
0 0 0 0
0 0 0 0
2 119 2 119
0 0 0 0
0 0 0 0

2 150 2 152
1 69 1 40
0 0 0 0
0 0 0 0
0 0 0 0
0 0 0 0
0 0 0 0
0 0 0 0

0 0 0 0
1 40 1 65
0 0 0 0
0 0 0 0
4 1453 4 506
0 0 0 0
0 0 0 0
0 0 0 0

0 0 0 0
0 0 0 0
2 112 2 108
0 0 0 0
0 0 0 0
0 0 0 0
0 0 0 0
0 0 0 0

0 0 0 0
2 109 2 105
0 0 0 0
2 149 2 151
0 0 0 0
0 0 0 0
0 0 0 0
0 0 0 0

2 150 2 152
0 0 0 0
0 0 0 0
0 0 0 0
0 0 0 0
5 263 6 279
0 0 0 0
0 0 0 0

0 0 0 0
2 109 2 105
2 112 2 108
0 0 0 0
0 0 0 0
0 0 0 0
0 0 0 0
0 0 0 0

0 0 0 0
2 109 2 105
0 0 0 0
0 0 0 0
4 1453 4 507
0 0 0 0
0 0 0 0
0 0 0 0

0 0 0 0
0 0 0 0
3 152 3 205
0 0 0 0
0 0 0 0
0 0 0 0
0 0 0 0
0 0 0 0

0 0 0 0
2 109 2 105
0 0 0 0
0 0 0 0
0 0 0 0
0 0 0 0
2 119 2 119
0 0 0 0

2 150 2 152
0 0 0 0
0 0 0 0
0 0 0 0
0 0 0 0
0 0 0 0
0 0 0 0
0 0 0 0

0 0 0 0
2 109 2 105
2 112 2 108
2 149 2 151
0 0 0 0
2 119 2 119
0 0 0 0
0 0 0 0

0 0 0 0
4 3365 6 316
0 0 0 0
0 0 0 0
0 0 0 0
0 0 0 0
0 0 0 0
0 0 0 0

0 0 0 0
2 109 2 105
2 112 2 108
0 0 0 0
4 1453 4 508
0 0 0 0
0 0 0 0
0 0 0 0

2 150 2 152
0 0 0 0
0 0 0 0
0 0 0 0
0 0 0 0
0 0 0 0
0 0 0 0
0 0 0 0

0 0 0 0
2 109 2 105
0 0 0 0
0 0 0 0
0 0 0 0
0 0 0 0
0 0 0 0
0 0 0 0

0 0 0 0
2 109 2 105
2 112 2 108
2 149 2 151
0 0 0 0
0 0 0 0
0 0 0 0
0 0 0 0

0 0 0 0
2 109 2 105
0 0 0 0
0 0 0 0
4 1453 4 507
0 0 0 0
0 0 0 0
0 0 0 0

2 150 2 152
0 0 0 0
2 112 2 108
0 0 0 0
0 0 0 0
5 263 6 279
2 119 2 119
0 0 0 0

0 0 0 0
2 109 2 105
1 40 1 81
0 0 0 0
0 0 0 0
0 0 0 0
0 0 0 0
0 0 0 0

0 0 0 0
0 0 0 0
0 0 0 0
3 189 3 261
0 0 0 0
0 0 0 0
0 0 0 0
0 0 0 0

0 0 0 0
2 109 2 105
2 112 2 108
0 0 0 0
0 0 0 0
0 0 0 0
0 0 0 0
0 0 0 0

0 0 0 0
5 3489 7 356
0 0 0 0
0 0 0 0
0 0 0 0
0 0 0 0
0 0 0 0
0 0 0 0

3 190 3 262
0 0 0 0
0 0 0 0
0 0 0 0
4 1453 4 505
0 0 0 0
0 0 0 0
0 0 0 0

0 0 0 0
2 109 2 105
2 112 2 108
0 0 0 0
4 1863 5 1639
0 0 0 0
0 0 0 0
0 0 0 0

0 0 0 0
2 109 2 105
0 0 0 0
0 0 0 0
0 0 0 0
0 0 0 0
0 0 0 0
0 0 0 0

0 0 0 0
0 0 0 0
2 112 2 108
2 149 2 151
0 0 0 0
9 2331 9 3155
0 0 0 0
0 0 0 0

2 150 2 152
0 0 0 0
0 0 0 0
0 0 0 0
0 0 0 0
0 0 0 0
0 0 0 0
0 0 0 0

0 0 0 0
2 109 2 105
0 0 0 0
0 0 0 0
4 2230 4 538
0 0 0 0
5 263 6 279
0 0 0 0

0 0 0 0
0 0 0 0
2 112 2 108
0 0 0 0
0 0 0 0
0 0 0 0
0 0 0 0
0 0 0 0

0 0 0 0
2 109 2 105
0 0 0 0
0 0 0 0
0 0 0 0
0 0 0 0
0 0 0 0
0 0 0 0

2 150 2 152
0 0 0 0
1 40 1 78
0 0 0 0
0 0 0 0
0 0 0 0
0 0 0 0
0 0 0 0

8 1282 8 3776
2 109 2 105
2 112 2 108
2 149 2 151
0 0 0 0
0 0 0 0
0 0 0 0
0 0 0 0

2 150 2 152
5 4768 8 396
1 40 1 93
0 0 0 0
4 2000 4 506
0 0 0 0
0 0 0 0
0 0 0 0

0 0 0 0
0 0 0 0
3 152 3 189
0 0 0 0
0 0 0 0
0 0 0 0
0 0 0 0
0 0 0 0

0 0 0 0
2 109 2 105
0 0 0 0
0 0 0 0
0 0 0 0
0 0 0 0
0 0 0 0
0 0 0 0

0 0 0 0
0 0 0 0
0 0 0 0
0 0 0 0
0 0 0 0
2 119 2 119
0 0 0 0
0 0 0 0

2 150 2 152
2 109 2 105
0 0 0 0
0 0 0 0
0 0 0 0
0 0 0 0
0 0 0 0
0 0 0 0

0 0 0 0
0 0 0 0
2 112 2 108
2 149 2 151
0 0 0 0
0 0 0 0
0 0 0 0
0 0 0 0

0 0 0 0
2 109 2 105
0 0 0 0
0 0 0 0
3 1438 3 155
0 0 0 0
0 0 0 0
0 0 0 0

0 0 0 0
0 0 0 0
0 0 0 0
0 0 0 0
2 80 2 392
0 0 0 0
0 0 0 0
0 0 0 0

0 0 0 0
2 109 2 105
2 112 2 108
0 0 0 0
0 0 0 0
0 0 0 0
0 0 0 0
0 0 0 0

2 150 2 152
0 0 0 0
0 0 0 0
0 0 0 0
0 0 0 0
0 0 0 0
0 0 0 0
0 0 0 0

2 119 2 119
0 0 0 0
0 0 0 0
0 0 0 0
0 0 0 0
0 0 0 0
0 0 0 0
0 0 0 0

0 0 0 0
2 109 2 105
2 112 2 108
2 149 2 151
0 0 0 0
0 0 0 0
0 0 0 0
0 0 0 0

0 0 0 0
8 3711 9 461
0 0 0 0
0 0 0 0
4 1453 4 506
0 0 0 0
0 0 0 0
0 0 0 0

2 150 2 152
0 0 0 0
2 112 2 108
0 0 0 0
0 0 0 0
0 0 0 0
0 0 0 0
0 0 0 0

0 0 0 0
2 109 2 105
0 0 0 0
0 0 0 0
0 0 0 0
2 119 2 119
0 0 0 0
0 0 0 0

0 0 0 0
0 0 0 0
0 0 0 0
2 149 2 151
0 0 0 0
0 0 0 0
0 0 0 0
0 0 0 0

2 150 2 152
0 0 0 0
2 112 2 108
0 0 0 0
0 0 0 0
0 0 0 0
0 0 0 0
0 0 0 0

0 0 0 0
2 109 2 105
0 0 0 0
0 0 0 0
0 0 0 0
0 0 0 0
0 0 0 0
0 0 0 0

0 0 0 0
0 0 0 0
0 0 0 0
0 0 0 0
4 1453 4 507
0 0 0 0
0 0 0 0
0 0 0 0

0 0 0 0
2 109 2 105
2 112 2 108
0 0 0 0
0 0 0 0
0 0 0 0
0 0 0 0
0 0 0 0

2 150 2 152
0 0 0 0
0 0 0 0
0 0 0 0
0 0 0 0
0 0 0 0
0 0 0 0
0 0 0 0

2 119 2 119
2 109 2 105
0 0 0 0
0 0 0 0
0 0 0 0
0 0 0 0
0 0 0 0
0 0 0 0

0 0 0 0
0 0 0 0
2 112 2 108
2 149 2 151
0 0 0 0
0 0 0 0
0 0 0 0
0 0 0 0

0 0 0 0
2 109 2 105
1 40 1 93
0 0 0 0
0 0 0 0
0 0 0 0
0 0 0 0
0 0 0 0

2 150 2 152
0 0 0 0
0 0 0 0
0 0 0 0
8 3357 9 2135
0 0 0 0
0 0 0 0
0 0 0 0

0 0 0 0
6 3785 7 356
0 0 0 0
0 0 0 0
0 0 0 0
5 263 6 279
0 0 0 0
0 0 0 0

0 0 0 0
0 0 0 0
2 112 2 108
0 0 0 0
0 0 0 0
0 0 0 0
0 0 0 0
0 0 0 0

0 0 0 0
2 109 2 105
0 0 0 0
0 0 0 0
0 0 0 0
0 0 0 0
10 2103 9 2512
0 0 0 0

2 150 2 152
0 0 0 0
0 0 0 0
0 0 0 0
0 0 0 0
0 0 0 0
0 0 0 0
0 0 0 0

0 0 0 0
2 109 2 105
2 112 2 108
0 0 0 0
0 0 0 0
0 0 0 0
0 0 0 0
0 0 0 0

0 0 0 0
0 0 0 0
0 0 0 0
2 149 2 151
4 1453 4 508
0 0 0 0
0 0 0 0
0 0 0 0

5 263 6 279
2 109 2 105
0 0 0 0
0 0 0 0
0 0 0 0
0 0 0 0
0 0 0 0
0 0 0 0

2 150 2 152
0 0 0 0
2 112 2 108
0 0 0 0
0 0 0 0
0 0 0 0
0 0 0 0
0 0 0 0

0 0 0 0
2 109 2 105
0 0 0 0
0 0 0 0
0 0 0 0
0 0 0 0
0 0 0 0
0 0 0 0

0 0 0 0
0 0 0 0
3 152 3 187
0 0 0 0
0 0 0 0
0 0 0 0
0 0 0 0
0 0 0 0

2 150 2 152
2 109 2 105
0 0 0 0
0 0 0 0
3 1413 3 155
0 0 0 0
0 0 0 0
0 0 0 0

0 0 0 0
5 3351 7 356
0 0 0 0
0 0 0 0
1 40 1 353
0 0 0 0
0 0 0 0
0 0 0 0

0 0 0 0
0 0 0 0
2 112 2 108
2 149 2 151
0 0 0 0
0 0 0 0
0 0 0 0
0 0 0 0

2 150 2 152
2 109 2 105
0 0 0 0
0 0 0 0
0 0 0 0
0 0 0 0
2 119 2 119
0 0 0 0

0 0 0 0
2 109 2 105
3 152 3 188
0 0 0 0
0 0 0 0
0 0 0 0
0 0 0 0
0 0 0 0

