1 52 0 0
6 3085 0 0
216 14758 1620 2067341
3 164 3 176
2 109 2 105
0 0 0 0
0 0 0 0
0 0 0 0
0 0 0 0
0 0 0 0
0 0 0 0
0 0 0 0
0 0 0 0
0 0 0 0
0 0 0 0
0 0 0 0
0 0 0 0
0 0 0 0
0 0 0 0
0 0 0 0
0 0 0 0
0 0 0 0
0 0 0 0

1 52 0 0
8 4075 0 0
0 0 0 0
0 0 0 0
0 0 0 0
1 41 1 52
6 494 7 607
3 884 4 250
0 0 0 0
0 0 0 0
0 0 0 0
0 0 0 0
0 0 0 0
0 0 0 0
0 0 0 0
0 0 0 0
0 0 0 0
0 0 0 0
0 0 0 0
0 0 0 0
0 0 0 0
0 0 0 0
0 0 0 0

0 0 0 0
4 2095 0 0
0 0 0 0
0 0 0 0
2 109 2 105
0 0 0 0
4 335 4 691
0 0 0 0
1 41 1 52
2 142 0 0
2 122 2 188
9 5097 11 7679
8 2364 6 548
1 76 1 208
1 52 0 0
0 0 0 0
0 0 0 0
0 0 0 0
0 0 0 0
0 0 0 0
0 0 0 0
0 0 0 0
0 0 0 0

0 0 0 0
0 0 0 0
213 14800 1641 2091973
2 112 2 108
0 0 0 0
0 0 0 0
1 40 1 103
0 0 0 0
0 0 0 0
0 0 0 0
0 0 0 0
0 0 0 0
0 0 0 0
0 0 0 0
2 104 0 0
63 4883 420 531955
2 134 2 113
0 0 0 0
0 0 0 0
0 0 0 0
0 0 0 0
0 0 0 0
0 0 0 0

0 0 0 0
0 0 0 0
0 0 0 0
0 0 0 0
2 109 2 105
0 0 0 0
13 6023 15 861
0 0 0 0
0 0 0 0
0 0 0 0
2 156 2 469
0 0 0 0
0 0 0 0
0 0 0 0
1 52 0 0
0 0 0 0
1 40 1 152
17 6994 15 7532
0 0 0 0
0 0 0 0
0 0 0 0
0 0 0 0
0 0 0 0

0 0 0 0
0 0 0 0
0 0 0 0
0 0 0 0
0 0 0 0
0 0 0 0
6 536 9 756
0 0 0 0
1 70 2 106
0 0 0 0
0 0 0 0
0 0 0 0
0 0 0 0
1 65 1 147
1 52 0 0
0 0 0 0
2 80 3 528
0 0 0 0
10 1673 14 7277
0 0 0 0
0 0 0 0
0 0 0 0
0 0 0 0

0 0 0 0
0 0 0 0
223 15196 1647 2099581
0 0 0 0
0 0 0 0
0 0 0 0
5 2239 5 367
9 2531 9 515
0 0 0 0
0 0 0 0
1 66 1 247
0 0 0 0
0 0 0 0
3 184 3 873
0 0 0 0
0 0 0 0
0 0 0 0
2 80 1 40
0 0 0 0
2 149 2 151
25 3343 38 40918
16 2488 15 8007
37 9206 36 17101

