0 1 52 0 0
1 6 3085 0 0
2 216 14758 1620 2067341
3 3 164 3 176
4 2 109 2 105

1 8 4075 0 0
5 1 41 1 52
6 6 494 7 607
0 1 52 0 0
7 3 884 4 250

1 4 2095 0 0
8 1 41 1 52
9 2 142 0 0
6 4 335 4 691
4 2 109 2 105
10 2 122 2 188
11 9 5097 11 7679
12 8 2364 6 548
13 1 76 1 208
14 1 52 0 0

6 1 40 1 103
14 2 104 0 0
15 63 4883 420 531955
2 213 14800 1641 2091973
3 2 112 2 108
16 2 134 2 113

6 13 6023 15 861
14 1 52 0 0
10 2 156 2 469
17 17 6994 15 7532
16 1 40 1 152
4 2 109 2 105

6 6 536 9 756
13 1 65 1 147
18 10 1673 14 7277
8 1 70 2 106
16 2 80 3 528
14 1 52 0 0

6 5 2239 5 367
19 2 149 2 151
13 3 184 3 873
20 25 3343 38 40918
2 223 15196 1647 2099581
10 1 66 1 247
21 16 2488 15 8007
22 37 9206 36 17101
7 9 2531 9 515
17 2 80 1 40

6 15 3209 20 2039
12 7 2132 6 548
13 1 76 1 204
0 3 156 0 0

0 1 52 0 0
6 5 2205 7 541
16 1 40 2 157

10 2 170 2 348
15 107 10430 447 563388
3 2 112 2 108
4 2 109 2 105
2 217 14996 1629 2076386
7 3 884 4 252

5 1 41 1 52
0 1 52 0 0
23 1 32 0 0
9 1 32 0 0

1 1 32 0 0
12 7 2868 7 588
13 1 76 1 204
24 3 156 0 0
25 1 41 1 52
6 1 107 1 40

16 2 134 2 113
2 221 19784 1653 2110198
24 1 52 0 0
7 4 1240 4 252
3 6 320 7 503
6 7 503 8 2012
4 5 2476 6 340
10 2 126 2 357
26 17 6528 22 13089

2 1 59 1 59
6 6 3249 8 903
26 2 80 1 40
19 2 149 2 151

6 4 335 3 202
8 1 41 1 52
24 1 52 0 0
16 1 40 2 156
4 2 109 2 105

15 97 9826 441 557205
3 3 152 3 193
16 1 40 1 77
12 9 6404 7 588
2 210 14590 1640 2090702
13 1 76 1 208
14 2 104 0 0

14 2 104 0 0

6 1 107 1 40
8 1 70 2 106
7 4 1651 5 303

16 1 40 1 79
6 1 40 1 113
2 224 15576 1644 2097014
14 1 52 0 0
7 3 1182 4 252

5 1 41 1 52
6 2 150 2 152
1 2 390 0 0
12 8 2354 6 548
13 1 76 1 204
0 2 104 0 0

16 8 536 11 772
6 5 510 7 562
1 2 390 0 0
0 1 52 0 0
13 2 122 2 282
27 8 860 10 6100
28 3 649 1 52

28 13 1449 18 14028
16 1 40 1 81
0 5 2003 2 84
19 2 149 2 151
15 102 10391 446 563325
4 2 109 2 105
3 2 112 2 108
6 4 2944 5 367
2 206 14077 1661 2118432
12 8 3814 7 588

0 2 104 0 0
6 3 400 4 384

6 2 228 2 243
0 1 52 0 0
4 2 109 2 105

16 1 40 2 156
3 2 112 3 189
29 14 6510 12 7603
2 209 14441 1666 2123169
13 1 75 1 218
30 17 10218 11 5390
0 1 52 0 0

30 2 80 4 310
29 4 1112 4 251
1 3 2052 0 0

13 1 76 1 204
24 3 156 0 0
1 3 2052 0 0
8 1 41 1 52

10 2 170 2 348
15 99 10103 439 553901
1 1 684 0 0
16 1 40 1 225
24 1 52 0 0
2 197 13621 1649 2102654

5 1 41 1 52
6 5 480 5 272
20 4 160 4 215
16 7 466 7 516
19 4 367 2 151

24 1 52 0 0
8 1 70 2 106
16 1 40 1 96
13 1 61 1 116
31 10 924 11 6257

16 3 120 5 419
3 2 112 3 189
4 5 2033 6 340
12 7 2258 6 548
13 1 76 1 208
14 3 156 0 0
31 9 860 11 6257
2 211 14674 1644 2097283
22 2 80 3 151

6 2 150 2 152
14 1 52 0 0

4 2 109 2 105
29 11 5101 12 3094

3 3 152 3 203
15 96 9780 446 562679
14 1 52 0 0
29 3 1052 4 250
2 198 13728 1662 2119414

19 2 149 2 151
4 2 109 2 105
12 9 4094 6 548
13 1 76 1 208
14 2 104 0 0

14 2 104 0 0
6 2 150 2 152

9 1 32 0 0
6 19 10302 17 4226
1 1 32 0 0
10 2 124 2 333
23 1 32 0 0
3 2 112 2 108
4 2 109 2 105
16 2 134 2 113
2 187 12913 1644 2095488

5 1 41 1 52
6 2 80 1 40
16 1 40 2 156
14 1 52 0 0

8 1 41 1 52
16 1 40 1 80
4 2 109 2 105

10 2 170 2 348
15 98 9895 446 563591
3 3 152 3 204

2 201 13768 1667 2126821
19 2 149 2 151
29 10 5044 8 2888
16 1 40 1 148

8 1 70 2 106
6 2 150 2 152
29 3 1052 4 250

2 214 14642 1669 2130081
1 2 390 0 0

1 2 390 0 0
6 2 150 2 152

16 2 134 2 113
6 3 335 3 284
15 97 8709 437 550287
4 5 2476 6 340
3 3 152 3 201

2 195 13441 1635 2086923
5 1 41 1 52
29 3 1176 4 252
16 1 40 2 160

16 1 40 2 156
4 2 109 2 105
6 5 2239 5 367

6 3 335 4 324
16 1 40 1 151
19 2 149 2 151
3 2 112 2 108

2 196 13576 1641 2092236
10 2 152 2 589
32 8 1864 9 6726
16 3 120 5 390
29 4 945 4 250
6 3 2462 3 207

6 3 345 4 402
32 4 1017 3 505
10 2 156 2 469
33 24 6689 17 8224
8 1 41 1 52
16 4 192 7 578

6 6 6299 1 40
10 2 170 2 348
13 4 288 4 629
15 102 11464 416 525564
34 24 2055 55 69720
35 7 564 5 1630

2 211 14506 1654 2106014
6 3 277 9 608
10 2 120 2 223
36 11 2143 10 4443
29 3 1178 4 252

6 7 2371 9 608
8 1 70 2 106
16 3 174 4 274
36 2 80 2 104

16 4 160 5 454
19 2 149 2 151
6 5 2157 7 528

6 18 4589 25 11122
2 196 13469 1654 2107835
5 1 41 1 52
10 2 150 2 239
16 1 40 1 77

27 3 151 3 120
6 78 8913 103 51318
4 1 41 1 40

6 10 1135 14 5569
10 4 278 4 614
4 2 109 2 105
3 2 112 2 108
37 13 5035 16 10252
26 11 5582 16 7304
15 90 9572 422 530933
16 1 40 1 79
29 4 945 4 250

2 200 13952 1636 2085742
10 2 124 2 287
6 26 2772 32 14839
16 2 80 3 319
4 4 1661 5 275
29 4 1238 5 301

6 5 535 4 160
25 1 41 1 52
19 4 436 5 271

19 1 40 0 0
1 1 32 0 0
23 1 32 0 0
6 24 3777 30 6615
16 3 174 3 305
2 205 14142 1648 2100249
9 1 32 0 0

6 4 479 7 3344
37 24 2085 38 40328
8 1 41 1 52
9 2 142 0 0

10 2 170 2 348
15 94 8507 426 537068

5 1 41 1 52
2 210 14390 1631 2080429
25 2 179 1 209
10 2 122 2 403
38 11 5106 12 3099
6 3 321 3 120

3 2 112 3 203
4 2 109 2 105
8 1 70 2 106
16 2 80 3 238
19 2 149 2 151
38 3 1052 4 250

16 2 80 2 315
6 1 107 1 40

4 2 109 2 105
2 208 14370 1642 2090958
6 4 254 4 376
1 2 390 0 0
16 1 40 1 119

1 2 390 0 0
3 2 112 2 108
13 2 128 1 122
10 1 64 1 122
6 3 321 3 120
16 3 156 4 316
39 12 1524 4 208

39 56 29544 57 29863
6 6 2406 6 391
4 2 109 2 105
15 97 8618 451 570402
16 2 134 2 113

16 1 40 2 161
2 197 13507 1631 2080744
38 3 1177 4 252

4 2 109 2 105
3 2 112 2 108
6 16 3197 22 7947
10 4 272 4 427
11 16 5969 19 15463
19 2 149 2 151

6 15 1268 25 25794
16 1 40 1 80
10 2 152 2 257
37 14 3222 19 6034

37 177 11582 742 931158
6 1 40 1 522
5 1 41 0 0
2 237 18890 1287 1638821
11 5 200 4 160
4 5 294 5 300
38 6 1763 7 450

37 87 5639 537 672748
2 54 3944 339 430777
8 1 41 1 52
6 2 214 1 40
3 2 112 2 108

6 2 214 2 80
10 2 170 2 348
15 105 10326 448 565699
4 2 109 2 105

2 271 18194 1632 2082061
16 1 40 1 80
3 2 92 2 190
6 1 107 1 40

4 4 2627 5 275
16 1 40 1 81
8 12 2453 13 4185
10 2 124 2 252
6 2 150 2 152
13 1 60 1 76
40 9 1216 9 5047

16 2 134 2 113
3 2 112 3 186
6 1 107 1 40
10 2 156 2 467
41 17 4680 13 7439
40 9 1220 9 5049
38 3 1178 4 256
19 2 149 2 151

41 17 7078 15 7519
13 4 253 4 608
42 11 3205 9 5569
4 2 109 2 105
2 228 15490 1634 2084583
16 1 40 1 201
40 6 1065 3 2944
18 5 887 5 4304

40 4 203 6 2103
18 3 473 8 2562
6 1 107 1 40
41 5 2712 3 219
13 1 85 1 184
43 11 2705 12 5037

41 1 40 1 40
3 2 112 2 108
15 59 4584 409 519738
4 2 109 2 105
38 3 880 4 250
43 11 2583 12 5037
6 2 214 2 80

5 1 41 1 52
2 227 15404 1639 2091851
19 3 189 3 261
13 1 60 1 76
36 9 1220 9 5048
6 1 107 1 40

43 11 2702 12 5037
41 17 7080 14 7480
6 3 257 3 192
13 1 78 1 201
42 10 3165 10 5609
40 4 240 5 263

16 3 120 4 604
38 3 1176 4 252
40 4 240 6 303
41 1 40 0 0

41 1 40 1 40
6 1 107 1 40
16 6 240 11 1096
2 206 14166 1273 1623343
1 4 2736 0 0
13 1 85 1 184
44 6 2362 4 3744

2 53 3350 389 496537
1 4 2084 0 0
44 5 224 8 1293
40 3 176 5 263
9 1 32 0 0
23 1 32 0 0
16 3 174 3 312
8 1 41 1 52

19 2 149 2 151
6 2 214 2 80
15 105 9128 445 561069

16 1 40 1 149
6 2 150 2 152
2 221 15169 1630 2079224
36 4 240 6 303

16 1 40 2 168
1 8 4075 0 0
6 1 107 1 40
8 1 69 2 105
38 4 944 4 250

16 2 80 2 300
3 1 41 1 40
1 10 5180 0 0
4 1 41 1 40
6 1 107 1 40

6 3 321 3 120
5 1 41 1 52
2 207 14210 1644 2095846
1 2 390 0 0

1 2 390 0 0
6 1 107 1 40
38 3 1178 4 252

19 2 149 2 151
6 3 257 3 192
4 5 1728 6 340
3 2 112 2 108
10 4 296 4 705
15 100 8804 436 549561
26 12 6816 14 7387

16 2 134 2 113
2 234 16333 1655 2107558
3 2 92 2 160
6 1 118 2 160

6 3 321 3 120
4 2 109 2 105
3 1 40 1 84

3 2 112 2 108
6 4 4935 2 80

6 27 6570 24 5064
10 2 124 2 333
16 1 40 1 210
19 2 149 2 151
3 1 40 1 79
4 2 109 2 105
2 194 13313 1635 2084958
38 4 945 4 250

6 1 107 1 40
8 1 41 1 52
38 3 1178 4 252

16 1 40 1 95
15 98 8678 445 562851

6 1 107 1 40
16 1 40 1 129
5 1 41 1 52
13 1 65 1 147
18 33 5094 42 21395
3 3 164 4 256
4 3 161 3 170
2 197 13508 1654 2111103

6 2 214 2 80
16 1 40 1 78
13 2 146 2 222
45 10 3842 15 13900
8 1 69 2 105
18 10 1681 14 7538

16 3 174 3 194
19 2 149 2 151
6 2 150 2 152
4 2 109 2 105

6 1 107 1 40
2 197 13505 1676 2138855

18 0 0 1 40

39 3 144 2 104
6 2 214 2 80
3 2 112 2 108
4 2 109 2 105
10 2 170 2 348
15 98 9900 440 555974
16 2 80 2 364
38 10 4768 8 2855

10 4 252 4 511
36 17 4224 15 5664
43 13 3406 11 5292
38 4 1418 5 328
2 75 5776 523 666064

2 163 10355 1134 1445799
36 3 132 4 1155
19 4 310 4 302
16 1 40 1 80
43 2 80 2 104
6 4 526 3 192

6 3 267 3 446

5 1 41 1 52
16 2 80 4 616
2 45 3890 235 296776

2 291 18747 1407 1788695
10 5 360 1 264
8 1 41 1 52
13 3 206 1 325
32 24 4464 23 16776
1 1 32 0 0
16 2 92 2 358
36 2 104 0 0
43 2 104 0 0

16 3 174 3 194
9 1 32 0 0
32 4 160 4 160
13 8 541 8 1493
10 2 131 2 295
46 10 1587 8 3811
36 22 4250 19 7835
43 22 4583 21 10502
23 1 32 0 0
7 12 5017 13 9116
47 12 3173 14 7504
19 3 258 2 151
48 14 7428 15 7116
15 96 9885 449 564852
49 9 1462 9 3729

47 2 80 1 40
6 2 150 2 152
49 2 80 1 40
13 2 122 2 403
7 5 2286 5 407
2 73 5649 482 613666

2 155 9906 1182 1507844
25 1 41 1 52
8 1 69 2 105
50 1 229 0 0
13 4 232 4 504
51 27 4793 33 4645
47 16 6953 13 7451
7 4 1113 4 250
32 9 2919 8 6686
52 11 3191 10 4129
6 2 282 2 80

5 1 40 1 406
32 2 80 2 80
47 21 8343 18 7786
52 7 680 6 1825
16 1 40 1 181
4 1 41 1 40
48 7 5785 5 2708
3 1 41 1 40
13 2 134 2 416
53 40 34519 29 10815
46 11 1601 8 3817

47 2 80 1 40
6 2 150 2 152
13 2 114 2 318
54 43 6069 74 88090
1 2 390 0 0
2 41 3792 188 236729

2 228 16523 1120 1427712
1 2 390 0 0
13 2 166 1 99
10 2 166 2 198
16 8 380 9 1090
55 5 590 3 2565
56 4 404 1 52
52 3 156 0 0

2 82 6498 353 446019
52 24 7603 21 9601
19 6 414 5 484
55 8 2338 6 1030
15 138 14083 445 560230
4 8 8703 0 0
3 5 288 4 244
5 2 92 2 812
56 2 520 0 0
16 2 92 2 396
6 30 6088 32 16150
13 2 124 2 287

16 1 40 1 167
4 5 3051 6 318
52 2 160 1 40
6 3 335 3 283
56 1 40 0 0
2 63 5028 399 507598

2 200 13243 1246 1588816
6 7 3133 7 447
16 2 134 2 113
52 2 80 1 40

4 5 316 5 225
3 5 328 4 188
57 28 12003 28 25392

3 1 40 1 79
57 7 1212 6 330
6 6 3209 5 287

19 2 149 2 151
2 218 14990 1672 2131547
6 1 118 2 160
8 1 41 1 52
4 2 109 2 105

9 2 142 0 0
15 81 5970 435 553471
3 3 152 3 188

16 4 160 6 494

2 301 26176 1596 2032494
6 5 492 3 264
16 2 104 3 252
8 3 207 2 117

13 4 308 4 1058
2 15 1070 44 53278
58 28 11062 23 14571
32 7 1824 9 6726
5 1 41 1 52
19 3 201 3 262
57 3 1176 4 252

16 2 134 2 113
13 2 112 2 202
59 6 910 5 3183
60 4 689 5 4478

60 6 987 7 4558
58 3 120 2 80
32 2 80 2 80
61 13 2016 14 5847
13 10 664 10 1568
2 253 17504 1628 2071205
45 20 6250 20 14595
16 2 92 2 366
6 3 524 3 120
59 13 3945 19 15100
52 12 1827 12 3911
43 20 8134 20 7383
40 65 68487 38 6825

6 2 150 2 152
40 9 1904 8 1373
4 2 109 2 105
3 2 112 2 108
13 5 361 5 852
15 101 10103 423 532912
45 2 80 1 40
60 4 160 6 288
59 11 2646 10 3472
43 13 3480 12 5378
52 5 744 2 84
61 2 80 3 144
18 20 3304 27 14417
57 5 1006 5 299
26 13 7063 16 9786

40 17 3387 21 6932
52 6 790 8 3635
43 9 4501 11 2136
59 8 1010 15 16298
13 2 120 2 302
16 1 40 1 95
62 11 3695 10 3620
4 4 2104 5 275

62 7 682 5 2077
5 1 40 1 406
18 10 1634 14 6937
2 221 15153 1646 2100923
52 2 80 1 40
40 2 80 2 104
43 2 80 2 104
59 2 80 2 104

43 20 7981 20 7383
59 18 3515 24 21617
40 15 3617 15 5665
19 2 149 2 151
61 8 1853 9 1238
3 2 112 3 188
13 1 87 1 329
63 110 19923 93 55915
18 27 4729 37 16072
6 2 150 2 152
4 2 109 2 105

63 0 0 2 80
3 1 40 1 80
16 1 40 2 157
18 59 10541 75 32886
13 1 61 1 116
31 15 2782 20 14192
59 2 80 2 104
43 2 80 2 104
61 2 80 3 144
40 2 80 2 104

18 7 1016 13 6798
2 184 18810 773 981944
62 17 3807 11 5065
8 1 41 0 0
5 2 92 2 812
57 5 3282 4 254
13 1 74 1 122
64 11 5715 12 6091

2 194 12923 865 1101925
64 4 222 6 1107
4 5 265 5 300
43 25 11643 20 7442
59 41 11075 43 37712
40 29 7684 15 10523
13 1 83 1 131
65 12 2937 11 6558
16 5 320 6 531
31 51 11765 60 41582
62 2 80 1 40
15 113 9604 427 536657
3 3 176 4 244

9 1 32 0 0
40 15 1952 13 4540
31 12 1595 14 8671
1 1 32 0 0
23 1 32 0 0
59 7 344 8 1962
43 2 80 2 104

40 18 3051 18 5825
16 2 80 2 179
2 228 15440 1646 2099754
4 2 109 2 105
62 15 3310 15 5291
8 1 69 2 105
5 1 40 1 406
57 3 883 4 250
6 2 220 0 0

6 4 370 6 312
3 5 268 6 424
62 2 80 1 40
18 10 1682 13 6812
65 10 1811 10 6506
19 2 149 2 151

4 2 109 2 105
13 1 64 1 122
39 21 14923 15 6946
1 2 390 0 0
16 2 80 4 415

1 2 390 0 0
2 228 15629 1666 2119608
16 1 40 2 156
57 3 1175 4 252

16 1 40 2 157
15 72 5456 407 514790

16 1 40 1 87

55 0 0 1 40
2 116 10005 596 756922
6 5 376 5 488

16 2 134 2 113
2 120 11715 439 559805
19 5 419 3 262

2 48 4837 136 171369
3 11 660 12 820
4 15 9673 14 878
57 7 1127 5 300
1 4 2736 0 0

2 66 5403 100 125329
57 16 7525 9 5377
1 3 2052 0 0
3 2 104 2 136
8 1 41 0 0
5 1 41 0 0
16 5 224 10 810

2 127 13923 193 240596
16 9 396 10 790
57 6 1446 1 52
6 5 306 5 488
4 2 138 0 0

4 3 173 4 235
2 120 10276 213 268582
16 4 196 4 400
6 1 52 1 112
57 7 3349 3 3834
3 4 236 3 176

2 112 11819 190 236748
57 61 17735 52 36607
19 7 637 3 262
3 1 52 1 68
16 2 104 2 154
8 1 69 2 105
6 15 1734 16 1592
31 1 52 0 0

2 97 7699 148 185491
57 24 5831 15 10486
31 13 1078 8 4616
4 2 109 2 105

57 8 6004 2 2832
2 12 8586 3 2618
31 12 1314 9 7662
16 1 52 1 77
6 3 260 2 152
13 2 120 2 210
40 7 2440 2 104
3 1 52 1 68

31 6 500 6 2963
40 4 1240 2 1528
3 7 452 6 318
57 3 1544 3 120
2 15 3205 18 23004
16 9 630 8 877
4 7 437 6 290
13 6 360 6 792
10 6 360 1 115
66 6 1344 2 104
46 6 1313 3 128
59 9 2082 3 156

46 14 3496 9 6635
59 25 7939 13 12173
66 19 9207 11 7648
16 2 104 2 272
3 3 144 3 240
31 5 248 1 1319
57 4 196 1 40
2 2 1199 1 1278
40 6 3585 1 1417

40 6 3999 2 1457
46 6 240 5 800
31 15 864 5 272
59 11 3984 11 2526
2 2 200 1 1278
66 17 2270 16 7364
57 5 771 1 52
13 2 158 0 0
16 1 52 1 136
4 3 178 2 105
67 4 783 2 104

31 4 208 6 336
67 6 3109 1 52
57 21 10252 16 8976
10 2 158 0 0
59 21 6712 10 693
66 2 92 3 1062
19 3 258 2 151
2 0 0 1 1278
5 1 41 0 0
46 1 40 0 0
40 1 1476 0 0

10 1 79 1 140
13 1 79 1 184
2 172 27016 354 465260
40 25 7385 15 8031
59 5 922 3 1680
6 6 428 6 600
57 18 2054 12 923
67 2 1278 0 0
66 2 92 2 840
16 1 52 1 136
46 1 40 0 0
31 0 0 1 64

67 1 40 1 52
40 12 1935 7 3275
57 21 13746 12 8530
2 24 1847 64 79116
59 23 6830 21 13499
31 10 556 6 1579
46 1 40 1 40

31 2 104 9 528
57 3 1554 0 0
2 6 4490 2 113
59 9 984 8 6306
39 13 1168 4 208
66 0 0 1 222
67 1 639 0 0
13 6 420 3 464
40 8 879 5 3203
8 1 41 1 52
10 4 308 2 465
68 1 52 0 0
32 1 52 0 0

59 6 322 1 40
32 5 260 0 0
68 39 23985 20 14086
40 9 3409 2 104
39 3 1164 1 52
31 5 248 2 128
66 3 132 4 762
2 9 5632 5 414
46 1 40 0 0
57 2 803 0 0

31 8 440 11 572
40 4 1403 1 1057
59 2 80 4 196
68 8 2488 8 3449
2 62 5838 90 114459
3 6 380 5 306
4 13 8433 7 455
32 5 1258 2 104
6 5 480 3 192
57 6 1334 5 2977
39 1 40 5 4697
16 7 466 7 750
67 1 40 0 0

4 2 128 4 235
31 0 0 5 320
2 75 5650 137 172639
68 5 2880 1 52
19 7 592 4 444
32 2 92 3 4500
6 1 52 1 112
16 3 144 3 267
1 2 64 0 0
59 1 52 1 64
40 5 224 2 80
8 9 553 5 325
57 1 40 0 0
13 2 122 0 0
66 0 0 1 222

40 17 7470 8 3378
2 1 65 1 1278
19 1 52 1 111
8 6 327 3 144
10 2 122 2 403
69 18 1765 11 13018
68 1 576 0 0
46 1 40 1 40
25 2 82 0 0
31 0 0 3 192
57 8 3334 5 4436
3 1 40 1 81
59 0 0 1 222
4 2 138 0 0
16 1 52 1 89

8 2 121 1 64
4 5 316 2 105
46 1 41 0 0
2 7 471 13 16778
31 1 52 3 1447
40 14 4646 8 1472
10 4 294 2 252
69 4 382 0 0
59 0 0 2 286
68 1 576 0 0
25 1 41 0 0
32 1 40 1 1500
1 2 390 0 0
3 4 236 3 176
70 2 104 0 0

1 2 390 0 0
25 1 41 1 52
40 3 713 2 155
8 1 52 1 64
2 103 7913 252 319639
10 2 170 0 0
13 1 85 0 0
46 3 120 2 80
31 0 0 2 128
70 1 52 0 0
69 2 154 1 40
66 0 0 1 64
3 1 52 1 68
5 1 41 1 52
16 1 52 1 89

2 6 4034 1 1278
40 1 621 0 0
46 1 40 1 40
70 1 52 0 0
13 4 296 0 0
31 0 0 1 64
3 1 52 1 68
8 1 40 0 0
4 2 138 0 0
68 1 576 0 0

4 4 276 0 0
46 1 40 1 40
13 1 85 0 0
32 2 80 0 0
2 3 183 0 0
10 2 126 0 0
6 4 440 0 0
69 5 248 0 0
70 1 52 0 0
3 2 144 0 0

8 0 0 1 64
40 4 160 3 120
32 2 92 4 852
2 6 416 5 1560
10 4 290 5 719
26 12 7980 0 0
3 4 236 3 176
19 6 654 0 0
6 2 92 5 344
4 3 144 4 235
69 9 2728 5 260
70 5 1354 3 156
13 3 255 0 0
36 3 156 0 0
59 0 0 1 64
15 4 2660 0 0

15 25 14943 14 10358
40 0 0 1 1120
46 1 40 1 40
2 1 64 1 55
31 1 40 2 128
69 4 1350 0 0
70 2 645 1 1476
26 2 104 0 0
36 1 52 0 0
16 6 330 5 791
25 4 372 2 420
19 1 109 0 0

25 4 208 4 840
15 22 9735 13 11425
31 0 0 1 64
10 4 268 2 355
68 4 196 5 480
36 15 8146 6 3101
70 1 52 1 1476
2 0 0 1 75
4 3 161 3 170
69 40 19820 17 9072
3 1 52 1 68
16 2 92 2 162
71 8 2118 7 3463

71 7 311 7 1713
26 2 104 0 0
15 9 3304 5 2371
10 2 144 2 316
13 4 288 2 341
72 15 9843 5 4286
69 5 1656 4 5664
36 2 2952 0 0
3 5 360 0 0
70 1 52 1 1476
16 6 300 8 796
19 3 133 0 0
6 8 677 5 819
73 6 1815 2 104
68 7 1350 2 104

68 21 10554 11 7176
71 2 80 2 80
73 3 1671 0 0
72 3 2628 0 0
15 2 1552 1 1500
19 13 5773 9 6754
26 28 18725 13 3694
3 1 72 0 0
8 0 0 1 64
36 2 80 2 104
69 7 2283 5 1648
4 5 299 3 170
6 4 440 0 0
2 1 68 1 55

68 10 12954 2 92
73 6 2517 2 191
26 7 5551 2 104
19 2 1018 1 1064
6 2 1542 0 0
46 1 40 1 40
16 3 144 4 353
3 5 256 4 365
15 2 1540 1 52
72 1 1476 0 0
36 1 1476 1 40
13 2 124 0 0
2 1 1042 0 0
69 2 104 0 0
70 3 1327 2 2899
39 2 104 0 0

2 3 2152 1 71
73 3 581 2 278
19 1 966 0 0
39 3 168 6 312
10 2 124 0 0
68 2 2037 0 0
69 2 1504 0 0
70 4 1395 3 816
6 2 2280 2 80
5 1 41 0 0
4 4 5441 4 160
26 3 3593 1 52
72 1 1476 0 0

2 25 1764 52 64716
26 11 651 9 6177
6 9 1394 4 496
4 9 576 6 517
70 20 6881 11 4877
10 1 62 0 0
13 1 62 0 0
69 16 2058 15 12341
73 2 529 1 139
68 5 6477 1 52
15 20 8432 29 35759
19 2 92 0 0

15 19 7248 29 43080
70 6 2531 2 1587
73 5 224 8 7380
6 3 536 1 176
68 2 2960 0 0
13 1 62 0 0
10 1 62 0 0
59 0 0 1 64
26 2 115 1 52
19 2 104 0 0
3 3 164 4 255
2 6 4049 3 1386
69 2 80 1 40
31 1 52 1 1319

3 1 40 0 0
15 8 3911 2 1552
13 3 186 0 0
26 2 804 0 0
4 3 161 3 170
10 4 246 1 113
70 3 1339 2 1587
19 1 52 0 0
73 7 4880 4 559
32 0 0 1 118
31 0 0 1 64
69 1 607 1 40
68 4 4480 1 40
72 1 40 0 0

16 5 416 2 113
15 11 5075 2 104
68 4 4997 0 0
70 2 1275 1 40
69 1 40 0 0
73 1 1184 0 0
13 1 62 1 138
10 4 247 1 138
6 19 9454 6 3776
26 2 80 0 0
19 1 52 0 0

1 8 4075 0 0
6 4 2968 0 0
73 1 1184 0 0
4 4 247 2 105
15 4 808 0 0
3 6 400 1 80
13 3 185 0 0
70 1 1235 0 0

1 10 5180 0 0
70 1 52 1 1476
15 11 4312 3 144
68 2 1521 0 0
19 3 156 0 0
3 1 72 0 0
10 2 124 1 172
6 1 1432 0 0
13 1 61 0 0
73 1 1184 0 0

73 5 248 3 648
15 7 1486 3 132
68 3 144 3 225
31 1 40 0 0
3 1 72 0 0
13 3 184 0 0
4 5 345 0 0
26 1 41 0 0
19 6 2552 1 52
6 1 52 0 0
10 3 231 0 0
16 3 120 7 610

19 14 8625 10 4179
13 6 417 0 0
10 2 123 1 115
6 17 5062 1 52
4 1 69 0 0
68 2 1532 1 75
15 1 631 0 0
2 0 0 1 1448
16 1 52 1 198

19 8 3205 10 949
6 48 13211 33 23937
16 2 92 2 296
13 1 61 0 0
10 13 885 10 1422
68 0 0 1 40
70 25 5408 20 7975
15 102 15338 160 204123
3 16 4481 16 3874
2 144 17919 565 696859
4 2 109 2 105
25 2 181 1 211
5 1 41 1 52
11 25 11015 20 19124

26 2 769 2 80
11 16 3621 10 2718
6 19 2987 14 4213
68 1 40 0 0
3 5 323 1 40
15 16 748 7 8712
70 2 104 0 0
19 0 0 3 144
9 2 142 0 0
10 1 56 0 0
13 1 56 0 0
2 3 3126 0 0

2 39 9974 167 192705
11 5 747 4 172
15 75 11230 140 193818
6 14 1177 10 4822
3 9 3476 7 1122
13 5 336 1 72
70 0 0 1 1476
10 5 336 4 727
16 2 80 3 293
19 0 0 1 64
57 13 5363 12 2237
74 222 20595 1496 1895389
59 13 3010 15 11283

74 652 44666 5884 7498260
15 589 33684 1308 1922852
3 10 1395 14 1844
16 8 428 9 1110
4 2 109 2 105
6 17 2055 21 2547
70 49 11268 48 19291
57 14 4725 13 2230
59 2 80 3 144
13 2 116 2 302
46 7 1484 7 3623
1 1 32 0 0

15 45 1908 173 258253
9 1 32 0 0
74 316 21772 2828 3605524
6 31 10469 37 5821
70 4 1495 2 691
11 8 1812 8 1158
13 2 152 2 257
37 9 2409 9 5056
23 1 32 0 0
16 2 80 3 273
19 0 0 1 64
26 0 0 2 143

