247 23714 1637 2068531142 142 146 146

53 15979 39 10380137 137 142 142

317 30506 2093 2633723136 136 140 140

319 33447 2101 2633371140 140 142 142

57 15850 64 17933140 140 142 142

344 37958 1786 2176614136 136 137 137

349 41055 1784 2170591138 138 139 139

33 7870 36 3489145 145 147 147

340 28998 2095 2641285143 143 144 144

337 26858 2087 2640639142 142 145 145

18 3437 11 936142 142 147 147

279 34443 1714 2127748137 137 140 140

276 34700 1716 2128017139 139 140 140

20 4114 20 1668143 143 144 144

332 31769 2101 2649488140 140 142 142

325 31296 2093 2648973144 144 146 146

8 1932 8 449148 148 149 149

236 18718 1658 2097907144 144 145 145

246 20005 1660 2098414141 141 144 144

45 6234 41 8724139 139 143 143

374 38207 2177 2705037135 135 137 137

350 35592 2150 2697653140 140 141 141

10 893 8 732147 147 149 149

250 31837 1699 2137073142 142 144 144

254 34692 1703 2137286142 142 144 144

17 5569 10 817145 145 148 148

309 26995 2093 2657384142 142 146 146

322 26184 2110 2658334141 141 143 143

35 2661 34 7781142 142 143 143

257 21516 1694 2111970138 138 140 140

246 20571 1681 2105547141 141 143 143

16 5412 16 3351148 148 149 149

314 29974 2129 2685745145 145 146 146

317 29296 2126 2683558142 142 144 144

20 4786 13 1164145 145 147 147

221 24044 1671 2100525141 141 145 145

222 24003 1673 2100621139 139 143 143

9 403 8 485145 145 146 146

107 10407 455 564380146 146 146 146

317 29218 2129 2694151145 145 145 145

220 20273 1686 2130516145 145 145 145

222 16304 1677 2130589147 147 148 148

220 15572 1671 2130233148 148 150 150

114 12346 453 551377145 145 146 146

310 26504 2093 2638612143 143 143 143

208 17086 1651 2088015145 145 145 145

16 3024 18 1362145 145 145 145

224 19755 1673 2101132142 142 142 142

254 27559 1698 2110628140 140 140 140

183 29280 517 608161140 140 140 140

375 39064 2162 2709471141 141 141 141

243 20919 1696 2112632143 143 143 143

24 5161 31 2225145 145 145 145

229 20755 1697 2120458144 144 144 144

300 27394 1790 2170803144 144 144 144

219 31913 588 606692140 140 140 140

375 42635 2164 2656977137 137 137 137

248 20839 1693 2102246143 143 143 143

246 19241 1691 2107652142 142 146 146

267 20976 1727 2150893141 141 146 146

127 11424 474 581140146 146 147 147

325 28836 2078 2621728144 144 144 144

241 21731 1666 2085365140 140 140 140

15 1759 19 1408144 144 144 144

220 15350 1652 2091913145 145 146 146

242 17858 1664 2092554140 140 142 142

188 43506 533 601870140 140 141 141

364 55535 2155 2682031144 144 144 144

243 24532 1688 2105358143 143 143 143

74 14490 98 56366142 142 142 142

464 37492 2093 2603576141 141 142 142

578 42760 2926 3675136140 140 141 141

257 20769 1334 1669957143 143 143 143

386 29252 2090 2648603144 144 144 144

306 25103 1669 2092439141 141 141 141

69 14406 69 23769137 137 137 137

312 35863 1709 2119534136 136 136 136

299 34412 1704 2115978138 138 138 138

105 14807 463 535503139 139 139 139

322 25543 2086 2622686139 139 139 139

288 30543 1699 2116110140 140 140 140

57 15098 59 19941142 142 143 143

236 21312 1305 1629606141 141 143 143

296 25849 1697 2126904137 137 141 141

180 15604 855 1059757141 141 144 144

337 25090 2088 2641128145 145 145 145

243 20834 1648 2080391143 143 144 144

30 10684 14 983142 142 144 144

228 20411 1653 2096438143 143 145 145

219 16637 1653 2096310145 145 147 147

134 19837 472 558736142 142 143 143

367 34839 2128 2666435141 141 141 141

245 17147 1667 2108300145 145 145 145

12 5517 10 497147 147 147 147

239 26337 1675 2091338142 142 142 142

238 22616 1677 2091494141 141 141 141

104 10044 452 563290147 147 147 147

339 27898 2153 2696238142 142 142 142

266 25172 1743 2155215138 138 138 138

35 6574 45 22525142 142 142 142

207 14194 1686 2139497146 146 146 146

198 13612 1678 2138935150 150 149 149

121 15497 461 559978144 144 143 143

234 30573 1018 1237797139 139 139 139

290 26519 1706 2125491141 141 141 141

180 11710 1151 1448078145 145 145 145

51 4278 243 297890148 148 148 148

379 28161 1675 2103914140 140 143 143

550 62863 2002 2423228128 128 133 133

305 47080 1060 1231466131 131 133 133

317 38095 1752 2146454135 135 136 136

325 81032 1333 1559860130 130 131 131

186 61899 341 353443135 135 136 136

346 29370 1403 1757045138 138 141 141

563 65618 2008 2466969132 132 136 136

384 55497 1282 1543659134 134 137 137

286 25244 1666 2097822142 142 143 143

249 29237 1293 1615221145 145 145 145

52 17108 49 26501146 146 146 146

238 19868 1691 2132711144 144 144 144

310 21671 2117 2685674144 144 145 145

90 6424 444 554153148 148 149 149

315 27139 1610 2033621147 147 147 147

372 42661 1692 2109326141 141 141 141

75 17527 102 84175141 141 141 141

436 112475 1791 2139614135 135 135 135

618 141932 2301 2701048124 124 124 124

254 46949 597 602703129 129 129 129

305 33476 1746 2143988136 136 136 136

454 60054 1881 2219510133 133 133 133

292 56009 318 156782132 132 131 131

313 46621 926 1049053135 135 135 135

713 101614 2280 2745838131 131 132 132

524 72844 1501 1760029132 132 135 135

311 27269 1727 2127192136 136 140 140

305 27562 1728 2126160137 137 138 138

61 19926 60 21833141 141 142 142

262 32800 1694 2127604143 143 145 145

307 22730 2081 2634963146 146 147 147

74 5536 410 515034149 149 149 149

122 10421 603 757537149 149 148 148

248 22649 1046 1317630147 147 146 146

212 31301 611 733547144 144 145 145

179 34423 288 305019140 140 144 144

243 31599 330 373578140 140 144 144

288 30491 437 515265141 141 142 142

339 46484 494 548875138 138 139 139

336 46919 439 476234140 140 141 141

182 33545 195 214421140 140 140 140

130 32295 86 44118132 132 132 132

164 39585 106 61417131 131 131 131

152 39617 88 45116132 132 133 133

134 35845 85 26642131 131 135 135

296 61771 435 490406131 131 135 135

326 64419 508 583949134 134 135 135

147 35685 147 117652133 133 136 136

137 46686 70 27147130 130 136 136

210 58675 183 144800129 129 133 133

243 33273 315 308474126 126 128 128

176 24656 205 202652126 126 128 128

110 21773 73 45472125 125 131 131

171 17545 300 342511125 125 132 132

140 15684 269 321881130 130 137 137

43 7523 5 1490133 133 147 147

92 18891 40 4590128 128 140 140

115 35266 66 18938127 127 133 133

152 58897 90 45139130 130 131 131

186 64137 106 48741126 126 128 128

174 67514 91 39235124 124 131 131

142 75440 68 26445123 123 132 132

81 52973 39 6969123 123 135 135

152 50736 147 126843127 127 136 136

174 47165 179 180413127 127 133 133

91 34933 67 59582127 127 133 133

89 39628 29 8552129 129 137 137

82 33984 16 4494133 133 144 144

64 25196 8 1977134 134 147 147

72 19609 22 3459130 130 144 144

83 22026 32 7734132 132 141 141

433 88457 856 965034131 131 133 133

457 83918 878 974874128 128 133 133

470 68296 1898 2320087130 130 133 133

1755 156366 9172 11756488129 129 128 128

1772 140203 10376 13329548130 130 131 131

