3.2619012860600183 3327.558869126134 4.6946778377222005 3858.560274247379

2.991237202229205 3181.170310986194 4.306680856529771 3306.2440759871315

5.47060325741138 3974.2879900052535 203.11144724017893 279513.6112819732

24.743231397697432 21379.405498984295 561.6204657061564 779247.4580170282

24.356672597052334 20977.98327437602 561.1906627876127 778939.1085180151

24.818541455935723 22810.715903441083 604.263526948301 843420.3200411347

24.796370702181402 22793.576301010773 604.9003306330721 843926.6499898259

24.896335071652615 22855.99987590786 598.2835782469714 835115.9620855224

11.671653696027825 14238.418831106213 328.8799895098515 465897.87058973295

11.72987638468539 14369.448039503814 329.19333225325204 466125.2130314639

20.11566553708825 25085.035366678276 13.790848414800301 13904.343426695847

20.444803740804165 25492.76906394243 19.16109339260158 21140.62474715447

21.55898884456319 26522.91410172533 19.637400540804784 21439.274515710647

21.060567418756794 25952.78203829986 19.026034794459935 21044.914774061213

20.47162670624882 25316.287893172645 19.135046380921054 21592.765803099428

11.710999103407019 13914.417086155638 17.059528129464777 19757.06818305793

11.49119227930679 13453.203431153488 11.905775909196343 12655.251415519173

6.609652033201143 8016.168641408438 9.22212014669078 10115.822747557415

4.127953488110058 4937.124854356024 8.734271578099687 10086.764657212936

3.0805843601498726 3395.9957490403317 2.6191601707417593 2196.6406078373407

2.991237202229205 3274.841084312337 2.5903667693977237 2185.3193422243808

3.427462618322773 3726.2046974770456 3.9022429447690716 3136.5878000623547

3.3952172242729923 3698.125876711067 3.871369266809871 3120.5720533261206

2.9512709126747407 3034.481939310235 12.113112729600102 14817.435770992903

2.3764469276632294 2481.287589135931 12.161825520866511 14886.702618360454

2.85657137141714 3240.5045286189616 12.314523945325696 14819.644241681377

2.2781571499789033 2713.934399999381 12.071039723238426 14744.819202943794

2.56661255354212 3054.1357742412174 12.010308072651592 14697.060330130647

2.570992026436488 3098.406953177713 4.128861828639945 2610.1791432773343

3.3015148038438356 3873.476581509175 4.3943145085439665 2595.477487862301

3.1603006186120965 3613.708232550049 4.530728418256826 4154.057092469962

3.4146742157927745 3903.6604651916127 4.624932431938872 3989.333922787111

7.635443667528429 8057.484194678882 18.90740595639709 21271.87488181284

13.850180504238926 14495.67096446384 300.9313210684458 420869.68327239965

13.837900852369192 14537.885996939167 300.8899258865274 420842.9912470059

13.98740504882875 14746.679238391263 300.9568532198594 420971.0893397075

13.792298575654462 14535.885395375819 300.7446591379471 420898.92117205524

12.707871576310486 13466.402150908758 301.631745676744 421974.20337175525

3.9496835316262997 4828.126449255446 3.562302626111375 1549.2852577882486

3.9987498046264416 4840.603304083077 3.2783379935571015 1446.2163487874143

3.0182776545573136 3782.2565020765055 11.939325776608994 14651.747327452109

2.7386127875258306 3346.7917562943767 12.05197079319395 14739.260781582636

2.616772821625905 3254.9826032561214 12.041594578792296 14724.12047110115

2.3345235059857505 2772.5171392617212 12.117239784703447 14758.674183340454

