12 13100 14 12030

12 13100 14 11271

25 17475 936 1286332

104 86745 2223 3097252

104 86745 2223 3097252

104 86745 2223 3097252

104 86745 2223 3097252

104 86745 2223 3097252

45 55217 1436 2035213

45 55217 1436 2035213

87 109335 47 48987

87 109335 55 66784

87 109335 55 66784

87 109335 55 66784

87 109335 55 66784

48 54625 55 66784

48 54625 40 46464

25 30884 40 46464

15 18672 40 46464

10 11908 10 9325

10 11908 10 9325

10 11908 15 11466

10 11908 15 11466

10 10651 55 68210

10 10651 55 68210

10 11373 55 68210

9 11373 55 68210

9 11373 55 68210

9 11373 16 8683

14 15707 16 8683

14 15707 17 17247

14 15707 17 17247

34 35667 77 85643

59 60859 1389 1938437

59 60859 1389 1938437

59 60859 1389 1938437

59 60859 1389 1938437

59 60859 1389 1938437

17 20313 12 6024

17 20313 12 6024

11 14057 57 68415

10 12230 57 68415

10 12230 57 68415

7 8725 57 68415

