2.0 2.0 1.5 1.5

2.0 2.0 2.0 2.0

2.0 2.0 1.5 1.5

2.0 2.0 1.0 1.0

1.5 1.5 1.0 1.0

1.5 1.5 1.0 1.0

2.0 2.0 1.0 1.0

2.0 2.0 1.0 1.0

2.0 2.0 1.5 1.5

2.0 2.0 1.5 1.5

2.0 2.0 2.0 2.0

2.0 2.0 2.0 2.0

1.5 1.5 2.0 2.0

1.0 1.0 2.0 2.0

1.0 1.0 1.0 1.0

2.5 2.5 3.0 3.0

3.5 3.5 5.0 5.0

4.0 4.0 13.0 13.0

3.5 3.5 8.0 8.0

3.0 3.0 3.0 3.0

2.0 2.0 2.5 2.5

1.0 1.0 1.5 1.5

1.5 1.5 2.0 2.0

1.0 1.0 1.0 1.0

2.0 2.0 1.5 1.5

1.5 1.5 1.0 1.0

2.0 2.0 1.0 1.0

1.5 1.5 1.0 1.0

1.0 1.0 1.0 1.0

1.0 1.0 1.0 1.0

1.0 1.0 1.0 1.0

1.0 1.0 1.0 1.0

1.0 1.0 1.0 1.0

1.5 1.5 1.5 1.5

1.5 1.5 1.5 1.5

2.0 2.0 2.0 2.0

1.0 1.0 0 0

1.0 1.0 0 0

1.0 1.0 0 0

1.0 1.0 0 0

1.0 1.0 1.0 1.0

1.0 1.0 1.0 1.0

1.0 1.0 1.0 1.0

1.0 1.0 1.0 1.0

