52 50033 68 51638

39 38531 69 50902

53 43787 1044 1391478

263 231662 5779 7918300

289 261984 5796 7930528

376 369847 7814 10778842

376 369862 7794 10762890

357 361323 6808 9411427

147 173974 2071 2883629

118 143704 2050 2868583

152 187201 105 96977

198 246679 209 219240

278 339979 273 281024

321 390737 302 295999

345 417562 350 349317

221 263911 257 256358

171 201096 149 132978

85 100415 79 69064

48 56047 55 56070

38 41463 24 17856

39 42313 26 18563

49 52601 43 31493

53 53260 45 32352

46 44328 103 106453

29 28380 86 91389

36 36740 109 99250

38 39863 106 97957

45 50573 121 108759

54 62681 69 36536

80 93653 86 42498

85 99102 87 54183

76 89273 82 46381

120 136529 202 178015

193 212434 1596 2124174

185 199996 1599 2126307

191 208344 1593 2114904

203 223717 1610 2120740

158 175842 1486 1982247

100 118574 98 38866

98 118709 91 35237

86 102841 139 104691

80 94984 130 106765

81 92971 140 119299

70 78205 133 116950

