1.8 1.8 1.6666666666666667 1.6666666666666667

1.8333333333333333 1.8333333333333333 2.0 2.0

1.8333333333333333 1.8333333333333333 1.75 1.75

1.6 1.6 1.3333333333333333 1.3333333333333333

1.5 1.5 1.0 1.0

1.5 1.5 1.0 1.0

2.0 2.0 1.0 1.0

2.0 2.0 1.3333333333333333 1.3333333333333333

2.3333333333333335 2.3333333333333335 2.0 2.0

2.25 2.25 2.75 2.75

1.8 1.8 3.0 3.0

1.8 1.8 3.6666666666666665 3.6666666666666665

1.75 1.75 3.3333333333333335 3.3333333333333335

1.3333333333333333 1.3333333333333333 2.0 2.0

1.0 1.0 1.3333333333333333 1.3333333333333333

2.5 2.5 3.0 3.0

3.5 3.5 5.0 5.0

3.3333333333333335 3.3333333333333335 13.0 13.0

3.25 3.25 8.0 8.0

2.6 2.6 5.333333333333333 5.333333333333333

2.4 2.4 3.5 3.5

1.5714285714285714 1.5714285714285714 2.0 2.0

1.6666666666666667 1.6666666666666667 2.2 2.2

1.4285714285714286 1.4285714285714286 1.6666666666666667 1.6666666666666667

1.7142857142857142 1.7142857142857142 2.0 2.0

1.8333333333333333 1.8333333333333333 1.8333333333333333 1.8333333333333333

2.25 2.25 1.6666666666666667 1.6666666666666667

2.0 2.0 1.2857142857142858 1.2857142857142858

2.0 2.0 1.3333333333333333 1.3333333333333333

1.0 1.0 1.0 1.0

1.0 1.0 1.0 1.0

1.25 1.25 1.2 1.2

1.3333333333333333 1.3333333333333333 1.3333333333333333 1.3333333333333333

1.5 1.5 1.5 1.5

1.5 1.5 1.5 1.5

2.0 2.0 2.0 2.0

1.0 1.0 0 0

1.0 1.0 0 0

1.0 1.0 0 0

1.0 1.0 0 0

1.0 1.0 1.0 1.0

1.0 1.0 1.0 1.0

1.0 1.0 1.0 1.0

1.0 1.0 1.0 1.0

