2.6 2501.65 3.4 2581.9

1.95 1926.55 3.45 2545.1

2.65 2189.35 52.2 69573.9

13.15 11583.1 288.95 395915.0

14.45 13099.2 289.8 396526.4

18.8 18492.35 390.7 538942.1

18.8 18493.1 389.7 538144.5

17.85 18066.15 340.4 470571.35

7.35 8698.7 103.55 144181.45

5.9 7185.2 102.5 143429.15

7.6 9360.05 5.25 4848.85

9.9 12333.95 10.45 10962.0

13.9 16998.95 13.65 14051.2

16.05 19536.85 15.1 14799.95

17.25 20878.1 17.5 17465.85

11.05 13195.55 12.85 12817.9

8.55 10054.8 7.45 6648.9

4.25 5020.75 3.95 3453.2

2.4 2802.35 2.75 2803.5

1.9 2073.15 1.2 892.8

1.95 2115.65 1.3 928.15

2.45 2630.05 2.15 1574.65

2.65 2663.0 2.25 1617.6

2.3 2216.4 5.15 5322.65

1.45 1419.0 4.3 4569.45

1.8 1837.0 5.45 4962.5

1.9 1993.15 5.3 4897.85

2.25 2528.65 6.05 5437.95

2.7 3134.05 3.45 1826.8

4.0 4682.65 4.3 2124.9

4.25 4955.1 4.35 2709.15

3.8 4463.65 4.1 2319.05

6.0 6826.45 10.1 8900.75

9.65 10621.7 79.8 106208.7

9.25 9999.8 79.95 106315.35

9.55 10417.2 79.65 105745.2

10.15 11185.85 80.5 106037.0

7.9 8792.1 74.3 99112.35

5.0 5928.7 4.9 1943.3

4.9 5935.45 4.55 1761.85

4.3 5142.05 6.95 5234.55

4.0 4749.2 6.5 5338.25

4.05 4648.55 7.0 5964.95

3.5 3910.25 6.65 5847.5

