0.7483314773547883 0.7483314773547883 0.7453559924999299 0.7453559924999299

0.6871842709362768 0.6871842709362768 0.7071067811865476 0.7071067811865476

0.6871842709362768 0.6871842709362768 0.82915619758885 0.82915619758885

0.4898979485566356 0.4898979485566356 0.4714045207910317 0.4714045207910317

0.5 0.5 0.0 0.0

0.5 0.5 0.0 0.0

0.0 0.0 0.0 0.0

0.0 0.0 0.4714045207910317 0.4714045207910317

0.4714045207910317 0.4714045207910317 1.224744871391589 1.224744871391589

0.4330127018922193 0.4330127018922193 2.48746859276655 2.48746859276655

0.7483314773547883 0.7483314773547883 2.345207879911715 2.345207879911715

0.7483314773547883 0.7483314773547883 2.3570226039551585 2.3570226039551585

0.82915619758885 0.82915619758885 2.6246692913372702 2.6246692913372702

0.4714045207910317 0.4714045207910317 0.816496580927726 0.816496580927726

0.0 0.0 0.4714045207910317 0.4714045207910317

1.5 1.5 2.0 2.0

0.5 0.5 4.0 4.0

0.9428090415820634 0.9428090415820634 0.0 0.0

0.82915619758885 0.82915619758885 5.0 5.0

1.019803902718557 1.019803902718557 4.784233364802441 4.784233364802441

1.019803902718557 1.019803902718557 2.692582403567252 2.692582403567252

0.7284313590846835 0.7284313590846835 1.1547005383792515 1.1547005383792515

0.74535599249993 0.74535599249993 1.16619037896906 1.16619037896906

0.4948716593053935 0.4948716593053935 1.1055415967851332 1.1055415967851332

0.6998542122237652 0.6998542122237652 1.1547005383792515 1.1547005383792515

1.0671873729054748 1.0671873729054748 1.21335164821342 1.21335164821342

1.0897247358851685 1.0897247358851685 0.9428090415820634 0.9428090415820634

1.224744871391589 1.224744871391589 0.6998542122237652 0.6998542122237652

1.4142135623730951 1.4142135623730951 0.74535599249993 0.74535599249993

0.0 0.0 0.0 0.0

0.0 0.0 0.0 0.0

0.4330127018922193 0.4330127018922193 0.4 0.4

0.4714045207910317 0.4714045207910317 0.4714045207910317 0.4714045207910317

0.5 0.5 0.5 0.5

0.5 0.5 0.5 0.5

0.0 0.0 0.0 0.0

0.0 0.0 0 0

0.0 0.0 0 0

0.0 0.0 0 0

0.0 0.0 0 0

0.0 0.0 0.0 0.0

0.0 0.0 0.0 0.0

0.0 0.0 0.0 0.0

0.0 0.0 0.0 0.0

