1.0 475.0 0.5 268.0

0.0 0.0 2.0 760.5

0.0 0.0 2.0 760.5

2.5 2075.5 4.5 3609.5

4.0 3860.0 5.0 4712.0

7.0 8147.0 13.0 7933.0

7.0 8147.0 9.0 6362.5

5.5 6560.0 3.5 1733.0

3.5 3409.5 1.5 457.0

1.5 1085.0 0.0 0.0

1.5 1085.0 0.0 0.0

2.0 2488.0 0.0 0.0

3.5 4884.0 0.5 385.5

8.5 10262.5 4.0 3222.0

11.0 12592.0 8.0 5585.0

7.0 7682.0 5.0 3812.5

5.0 6085.5 0.5 166.0

1.0 1068.5 0.0 0.0

0.0 0.0 0.0 0.0

0.0 0.0 0.0 0.0

0.0 0.0 0.0 0.0

0.0 0.0 0.0 0.0

1.0 484.0 0.0 0.0

1.0 484.0 0.5 101.5

0.0 0.0 0.0 0.0

0.0 0.0 0.0 0.0

1.5 1077.0 1.0 405.5

2.0 2125.5 2.0 836.5

2.0 2674.0 2.0 836.5

4.0 4105.5 2.5 1000.0

4.0 5083.5 2.5 993.0

3.5 4221.5 2.0 748.0

4.5 5454.0 3.5 1389.5

4.5 5454.0 4.5 1657.5

4.5 4726.5 5.5 1771.0

4.0 3847.5 5.5 1861.0

4.0 4779.0 6.0 2499.0

4.0 4337.5 5.0 1706.0

4.0 4837.5 3.5 1331.5

4.0 5066.0 4.0 1339.0

4.0 5066.0 4.0 1339.0

4.0 5066.0 3.0 1202.0

4.0 3630.0 3.5 1209.5

3.5 3520.0 3.0 1050.0

