2.6 2.6 3.75 3.75

2.8 2.8 3.2 3.2

2.3333333333333335 2.3333333333333335 4.25 4.25

1.8571428571428572 1.8571428571428572 6.0 6.0

1.5714285714285714 1.5714285714285714 7.5 7.5

1.375 1.375 5.0 5.0

1.5714285714285714 1.5714285714285714 4.333333333333333 4.333333333333333

1.5 1.5 2.5 2.5

1.8 1.8 2.0 2.0

2.0 2.0 1.75 1.75

1.6666666666666667 1.6666666666666667 1.2 1.2

1.8333333333333333 1.8333333333333333 1.2 1.2

2.0 2.0 1.2 1.2

2.0 2.0 1.1666666666666667 1.1666666666666667

2.0 2.0 1.3333333333333333 1.3333333333333333

2.75 2.75 1.75 1.75

1.6666666666666667 1.6666666666666667 1.4 1.4

2.2 2.2 1.4 1.4

2.2 2.2 1.4 1.4

1.6666666666666667 1.6666666666666667 1.0 1.0

1.6 1.6 1.5 1.5

2.0 2.0 2.0 2.0

1.6 1.6 3.25 3.25

2.5 2.5 5.0 5.0

3.0 3.0 5.333333333333333 5.333333333333333

3.75 3.75 5.333333333333333 5.333333333333333

3.75 3.75 5.0 5.0

5.333333333333333 5.333333333333333 5.0 5.0

4.666666666666667 4.666666666666667 4.666666666666667 4.666666666666667

3.25 3.25 3.75 3.75

4.666666666666667 4.666666666666667 5.0 5.0

3.5 3.5 4.0 4.0

2.6 2.6 4.0 4.0

5.0 5.0 9.0 9.0

5.333333333333333 5.333333333333333 9.5 9.5

2.8 2.8 4.25 4.25

3.0 3.0 6.0 6.0

2.6 2.6 3.75 3.75

2.1666666666666665 2.1666666666666665 3.0 3.0

2.8 2.8 3.75 3.75

4.0 4.0 5.666666666666667 5.666666666666667

7.5 7.5 8.0 8.0

14.0 14.0 15.0 15.0

10.0 10.0 6.0 6.0

6.0 6.0 4.0 4.0

2.0 2.0 2.0 2.0

0 0 1.0 1.0

2.0 2.0 2.5 2.5

3.0 3.0 3.0 3.0

2.0 2.0 2.25 2.25

2.3333333333333335 2.3333333333333335 2.4 2.4

2.5 2.5 3.2 3.2

2.75 2.75 3.0 3.0

3.25 3.25 3.2 3.2

3.5 3.5 3.5 3.5

2.1666666666666665 2.1666666666666665 2.1666666666666665 2.1666666666666665

1.8571428571428572 1.8571428571428572 1.5 1.5

1.7142857142857142 1.7142857142857142 1.8571428571428572 1.8571428571428572

1.5 1.5 2.0 2.0

1.4 1.4 2.25 2.25

1.5 1.5 2.6666666666666665 2.6666666666666665

1.0 1.0 2.3333333333333335 2.3333333333333335

1.5 1.5 2.5 2.5

1.6666666666666667 1.6666666666666667 2.3333333333333335 2.3333333333333335

2.3333333333333335 2.3333333333333335 3.0 3.0

2.3333333333333335 2.3333333333333335 2.2 2.2

2.5 2.5 3.25 3.25

2.75 2.75 4.0 4.0

2.4 2.4 3.0 3.0

2.6 2.6 3.25 3.25

3.0 3.0 3.0 3.0

3.25 3.25 3.0 3.0

3.0 3.0 5.0 5.0

3.5 3.5 5.333333333333333 5.333333333333333

2.4 2.4 4.0 4.0

2.0 2.0 5.333333333333333 5.333333333333333

1.8 1.8 2.8 2.8

1.1428571428571428 1.1428571428571428 2.3333333333333335 2.3333333333333335

1.3333333333333333 1.3333333333333333 2.8 2.8

1.6666666666666667 1.6666666666666667 2.3333333333333335 2.3333333333333335

2.0 2.0 3.2 3.2

2.1666666666666665 2.1666666666666665 4.25 4.25

2.2 2.2 3.75 3.75

2.1666666666666665 2.1666666666666665 3.0 3.0

2.4 2.4 2.8 2.8

2.0 2.0 1.8333333333333333 1.8333333333333333

2.6666666666666665 2.6666666666666665 2.0 2.0

3.3333333333333335 3.3333333333333335 2.25 2.25

2.25 2.25 3.3333333333333335 3.3333333333333335

2.0 2.0 3.6666666666666665 3.6666666666666665

2.2 2.2 7.0 7.0

2.1666666666666665 2.1666666666666665 7.0 7.0

2.0 2.0 5.5 5.5

1.75 1.75 3.5 3.5

2.0 2.0 4.0 4.0

1.5 1.5 1.0 1.0

2.5 2.5 1.3333333333333333 1.3333333333333333

4.5 4.5 1.75 1.75

3.6666666666666665 3.6666666666666665 2.25 2.25

3.25 3.25 2.4 2.4

3.0 3.0 2.6 2.6

3.0 3.0 2.1666666666666665 2.1666666666666665

2.8 2.8 2.8 2.8

4.0 4.0 3.0 3.0

5.0 5.0 2.25 2.25

7.0 7.0 2.6666666666666665 2.6666666666666665

3.0 3.0 2.6666666666666665 2.6666666666666665

3.0 3.0 3.5 3.5

2.5 2.5 2.5 2.5

4.0 4.0 3.5 3.5

3.6666666666666665 3.6666666666666665 5.666666666666667 5.666666666666667

5.0 5.0 6.0 6.0

4.666666666666667 4.666666666666667 9.5 9.5

3.5 3.5 9.0 9.0

3.25 3.25 5.0 5.0

2.6 2.6 3.75 3.75

2.0 2.0 2.6 2.6

2.0 2.0 2.4 2.4

3.0 3.0 3.5 3.5

3.6666666666666665 3.6666666666666665 3.5 3.5

3.6666666666666665 3.6666666666666665 2.8 2.8

7.0 7.0 5.333333333333333 5.333333333333333

4.666666666666667 4.666666666666667 4.0 4.0

3.25 3.25 3.75 3.75

3.25 3.25 4.0 4.0

2.0 2.0 2.8 2.8

1.4285714285714286 1.4285714285714286 3.5 3.5

2.0 2.0 5.0 5.0

1.8 1.8 6.0 6.0

1.6666666666666667 1.6666666666666667 5.0 5.0

2.2 2.2 3.3333333333333335 3.3333333333333335

2.4 2.4 2.25 2.25

2.2 2.2 3.0 3.0

2.3333333333333335 2.3333333333333335 3.0 3.0

3.75 3.75 4.0 4.0

3.0 3.0 5.666666666666667 5.666666666666667

3.2 3.2 6.0 6.0

3.0 3.0 6.0 6.0

3.0 3.0 4.25 4.25

3.0 3.0 4.0 4.0

3.25 3.25 3.2 3.2

2.4 2.4 2.5 2.5

2.6 2.6 3.0 3.0

2.6 2.6 3.0 3.0

2.6 2.6 2.8 2.8

3.0 3.0 2.4 2.4

2.4 2.4 2.6 2.6

3.25 3.25 2.0 2.0

3.25 3.25 2.8 2.8

3.25 3.25 3.75 3.75

4.0 4.0 5.666666666666667 5.666666666666667

4.25 4.25 5.666666666666667 5.666666666666667

3.2 3.2 6.0 6.0

4.666666666666667 4.666666666666667 8.0 8.0

3.0 3.0 4.666666666666667 4.666666666666667

3.0 3.0 4.666666666666667 4.666666666666667

2.75 2.75 4.666666666666667 4.666666666666667

1.6666666666666667 1.6666666666666667 2.4 2.4

2.6 2.6 2.6 2.6

3.25 3.25 3.25 3.25

2.5 2.5 2.5 2.5

2.5 2.5 1.8 1.8

2.5 2.5 2.25 2.25

1.5 1.5 1.5 1.5

1.5 1.5 2.0 2.0

2.0 2.0 3.0 3.0

2.6666666666666665 2.6666666666666665 3.6666666666666665 3.6666666666666665

3.0 3.0 3.3333333333333335 3.3333333333333335

2.25 2.25 2.75 2.75

2.5 2.5 2.4 2.4

2.0 2.0 2.4 2.4

2.4 2.4 4.666666666666667 4.666666666666667

3.0 3.0 8.5 8.5

3.25 3.25 8.5 8.5

4.0 4.0 7.0 7.0

2.6666666666666665 2.6666666666666665 5.0 5.0

2.3333333333333335 2.3333333333333335 2.6666666666666665 2.6666666666666665

2.0 2.0 2.0 2.0

1.6666666666666667 1.6666666666666667 1.6666666666666667 1.6666666666666667

1.6666666666666667 1.6666666666666667 1.6666666666666667 1.6666666666666667

1.75 1.75 3.0 3.0

1.1666666666666667 1.1666666666666667 2.5 2.5

1.25 1.25 4.0 4.0

1.2 1.2 3.3333333333333335 3.3333333333333335

1.3333333333333333 1.3333333333333333 2.75 2.75

1.4 1.4 2.25 2.25

1.6666666666666667 1.6666666666666667 3.0 3.0

1.6666666666666667 1.6666666666666667 3.0 3.0

1.5 1.5 2.0 2.0

1.25 1.25 1.5 1.5

1.3333333333333333 1.3333333333333333 1.25 1.25

1.3333333333333333 1.3333333333333333 1.25 1.25

1.3333333333333333 1.3333333333333333 1.4 1.4

1.0 1.0 1.25 1.25

0 0 1.6666666666666667 1.6666666666666667

1.5 1.5 2.3333333333333335 2.3333333333333335

2.0 2.0 2.6666666666666665 2.6666666666666665

2.0 2.0 3.0 3.0

2.0 2.0 3.0 3.0

2.0 2.0 2.0 2.0

1.0 1.0 1.0 1.0

0 0 1.0 1.0

4.0 4.0 5.0 5.0

4.0 4.0 6.0 6.0

2.5 2.5 4.0 4.0

3.0 3.0 4.5 4.5

3.0 3.0 4.0 4.0

2.0 2.0 1.6666666666666667 1.6666666666666667

2.0 2.0 1.6666666666666667 1.6666666666666667

1.0 1.0 1.0 1.0

0 0 1.0 1.0

0 0 1.0 1.0

2.0 2.0 1.25 1.25

2.5 2.5 1.75 1.75

3.0 3.0 2.0 2.0

2.0 2.0 1.6666666666666667 1.6666666666666667

2.0 2.0 1.8333333333333333 1.8333333333333333

1.6 1.6 1.5 1.5

1.2 1.2 1.1666666666666667 1.1666666666666667

1.2 1.2 1.1666666666666667 1.1666666666666667

1.3333333333333333 1.3333333333333333 1.25 1.25

1.0 1.0 1.0 1.0

1.25 1.25 1.2 1.2

1.6666666666666667 1.6666666666666667 1.75 1.75

1.5 1.5 1.8 1.8

1.4 1.4 2.0 2.0

1.2 1.2 2.0 2.0

1.2 1.2 2.0 2.0

1.1666666666666667 1.1666666666666667 1.8333333333333333 1.8333333333333333

1.25 1.25 1.5 1.5

1.2 1.2 1.5714285714285714 1.5714285714285714

1.1666666666666667 1.1666666666666667 1.5714285714285714 1.5714285714285714

1.1666666666666667 1.1666666666666667 2.1666666666666665 2.1666666666666665

1.2 1.2 2.4 2.4

1.2 1.2 2.6 2.6

1.4 1.4 4.666666666666667 4.666666666666667

1.5 1.5 4.333333333333333 4.333333333333333

1.25 1.25 3.3333333333333335 3.3333333333333335

1.2 1.2 3.6666666666666665 3.6666666666666665

1.2 1.2 4.333333333333333 4.333333333333333

