2.308137777516759 2553.4565098117487 2.4591665254715878 2083.742869813835

2.2907422377910622 2489.2158785448873 2.17428149051589 1698.7579425862891

1.0198039027185568 962.6408195687528 0.35707142142714243 60.56094038239501

0.9165151389911678 794.3040648895108 0.30000000000000004 53.388575556948524

2.650943228362313 3675.0700711006857 0.5567764362830022 247.01386094711364

3.1188940347501384 4016.777931377337 0.9733961166965893 362.2516356070735

22.911569130026866 19938.480924082458 466.82849098999947 640525.0065711155

29.419848741963307 25315.788914035445 619.1699988694543 850504.165245384

29.38005275693017 25271.207490887733 618.7970002351336 850158.3669072767

29.571777085592952 25423.98735171177 618.818018483625 850171.9181434422

29.619081687317713 25448.91166651337 618.7347250639809 850146.4135073499

20.915544458607812 17802.04318301694 445.0320072758812 611476.9952233771

1.7684739183827392 1684.7178101984914 2.558808316384797 2503.73027500967

1.7 1750.7899759822708 1.5771810295587503 800.0693469943716

1.8055470085267786 1885.466660405323 3.800986713999406 3774.63282287165

1.57797338380595 1510.2959114027951 3.672533185690771 3775.7468860478452

1.6085707942145413 1619.3475661512566 3.672533185690771 3771.6273357796094

1.378404875209022 1763.640849918146 3.597221149720991 3742.2798996734596

2.372235232855292 2332.287769551605 3.8272052466519213 3896.803093562722

2.418160457868749 2435.2911792021914 1.681517172080024 1370.2787818542618

2.372235232855292 2361.5103980291933 1.7399712641305312 1387.4408410811611

2.541653005427767 2499.630434684296 3.3147398087934445 3342.908440265752

2.5074887836239665 2405.6690436342237 3.3686050525402944 3358.601543425478

1.691153452528776 1852.062479372659 3.0495901363953815 3155.8490759223573

1.829617446353199 1840.8702799219723 3.1764760348537187 3208.6012665178578

1.9098429254784284 1968.7738690616554 3.176476034853719 3208.6012665178578

1.5198684153570667 1583.5566448662332 1.161895003862225 765.0210765070464

1.4309088021254188 1415.6223110349738 1.161895003862225 765.0210765070465

1.6209565077447323 1740.6314802392837 1.935846068260594 1636.4931866647048

3.118894034750139 3524.1942114474905 2.060946384552495 1695.9747307964233

3.1080540535840107 3499.590702853692 2.060946384552495 1695.9747307964233

3.2171415884290826 3648.352972232813 2.0712315177207983 1698.5035207499575

3.213642792844282 3661.2106641792693 2.0712315177207983 1698.5035207499575

3.198046278589476 3631.5624750236643 1.3143439428094923 876.2760110262059

1.5124483462254175 1909.003493972706 0.21794494717703358 55.14007163578952

1.6431676725154984 2026.0439105557411 2.3932195887548637 2353.2304875426034

1.6209565077447325 2055.0534171889544 2.3958297101421877 2355.5748236895383

2.3748684174075834 2433.4481970035854 2.578274616870748 2410.8016529776983

2.3748684174075834 2433.4481970035854 2.5782746168707473 2410.8016529776987

2.315167380558045 2318.457620919563 2.5782746168707478 2410.801652977699

2.2466641938660974 2209.2550842987785 1.2031209415515967 725.0360404835061

2.039607805437114 1744.70993004568 1.2041594578792296 723.0682263797792

34.09384108603781 26453.85040669883 343.0340325681987 465848.15314246714

33.54768993537409 25955.425541252447 342.7356525078767 465602.217352699

34.34515977543269 28437.321695968487 341.34614030335837 464150.88134574034

34.109932571026874 28171.79322207765 340.05234891116396 462224.57189691626

37.033599609003716 31377.052552940662 339.2168148839323 461228.38317771326

32.049141954192784 29839.851737022756 113.42057793892606 145925.3080616587

32.58201190841351 30215.056583556154 120.9397680665876 156801.5681042763

33.21185782216948 29805.23482695615 123.03032146588906 158992.52337467787

31.938378167965897 28332.007267885198 118.23053751040806 153834.3093930609

11.018620603324178 9176.839749472581 58.88836897045121 78305.97880245162

11.058480908334566 9182.877574458891 58.854800144083406 78284.39462459936

2.7676705006196096 3123.695230012046 1.7058722109231985 1443.077554222226

2.242208732477866 1961.7076107310181 1.4352700094407325 704.8739940585127

2.2242976419535223 1936.4132945990636 1.909842925478428 1505.2164096899821

2.177154105707724 1801.440851096699 1.8947295321496413 1499.7799263558638

2.0832666655999654 1709.1443553720094 1.8567444627627143 1479.599894397131

17.170032032585148 16790.526260662587 53.95690409947554 69631.80028857145

19.844394674567425 21680.68454500457 63.76629203583975 81464.95117955636

31.992928906244266 33363.10054251553 104.58226427076438 122945.01660778081

31.91300675273328 33258.77835440593 251.7819046317666 313723.4465060748

31.46311332338235 32771.51378423035 251.44999502883272 313555.9228385584

32.12860874672292 34156.28889326239 253.89094115387422 315921.1940864367

32.359349499024226 33585.46734448547 257.4876501892858 320012.8809125462

16.01280737409902 17285.7979396382 246.72381320010442 309496.2300418012

2.7386127875258306 3053.3465885811265 4.994997497496871 5453.28989578768

3.562302626111375 3903.253161146482 4.710360920354193 5391.226265887938

4.532107677449864 5167.543670594376 4.526588119102511 5320.850332418683

4.576843890717707 5156.133036491592 4.6249324319388725 5371.944315375952

4.643274706497559 5085.548755050923 2.7092434368288134 2393.2526109878163

4.598641103630506 5059.66194794672 2.7092434368288134 2393.2526109878168

3.6482872693909387 4096.310748405202 2.6381811916545836 2416.183012004679

2.4392621835300936 2376.1696125276917 2.896118091514916 2622.3285568364627

2.4819347291981715 2630.143370141636 2.6832815729997477 2448.2924309608106

2.1418449990603894 2409.784585289731 2.4062418831031933 1849.8568721660608

2.08806130178211 2252.9729131749455 2.3874672772626644 1842.5754122966039

2.046948949045872 2214.1265518257983 2.3874672772626644 1842.5754122966039

1.6815171720800235 1891.3984138726562 2.2242976419535223 1848.802998564206

2.353720459187964 2384.3428921822465 2.481934729198171 2098.7464181029586

2.374868417407583 2422.3135036571966 2.111871208194288 1961.8469512171428

3.305676935213119 3434.2987916021516 3.583294573433783 2708.2693532955686

3.539420856580918 3727.9834884290995 3.682390527904394 2793.206588761382

3.5675621928706445 3761.569968444028 3.398161267509239 2398.192569415559

3.118894034750139 3360.081446557509 3.222964473896664 2186.1075545361446

5.333619783974106 5889.391824288821 4.955804677345547 4590.417158331038

23.71075705244352 21462.241204671518 327.9951066708161 399952.65573703847

23.90502039321448 21661.891359885914 328.10088006587245 400025.68226141436

23.79889703326606 21532.411867925992 328.116305599097 400032.44135080784

23.86084659017781 21605.779678768828 328.13172278827295 400042.79300338286

24.100777995741137 21780.645507594585 328.5767642423912 400472.90113790473

6.427285585688566 6296.968894634942 17.153060951328772 21367.331104457106

9.65336728815391 10211.185393479056 25.109559932424144 31608.35136700426

14.725063667094958 15657.580407824831 30.35374770930272 36737.60406327555

19.50762671367278 21748.96833162438 29.97711627225007 35874.26096587217

19.292161620720474 22145.5301853444 29.15385909275134 35482.14342634193

20.328305389284175 23338.70793440588 28.247964528439923 33176.33207634624

22.171772594900933 25363.853738884 26.365887051263805 28648.193392385147

20.778534597030653 24236.260983287008 18.207416071480324 17837.878863460755

9.334211268232572 12141.298274484483 2.5019992006393608 1496.2299990308973

1.7578395831246947 1811.113780937023 1.5524174696260025 1375.3326606679564

1.7578395831246947 1811.113780937023 1.5524174696260025 1375.4646523993265

1.760681686165901 1809.7859065370137 1.5580436450882882 1378.792075513926

29.017408567961404 20477.08898842802 1525.1384683037797 1906573.9531321991

34.93279261668039 25301.426191570707 1881.5006583841528 2359718.005123457

33.89760316010558 25013.658271032647 1880.7708386456868 2359186.461021977

33.42644910845303 24585.829705899698 1870.7443545284323 2346723.2052443945

33.35187401031612 24518.525462596645 1870.5723956853421 2346578.0393866403

25.036922734233936 20452.792488740994 1262.4134465380187 1589363.310245442

13.282601401833906 14016.119482581475 241.41973821541592 301195.33501863456

10.317339773410586 9405.164344124989 241.83194578053588 301519.3515592782

1.2359207094308275 1321.5274297191108 1.5297058540778345 1292.1563092366184

1.0198039027185568 1214.1223115897344 0.21794494717703355 43.80693438258379

1.0198039027185568 1210.1771316629643 0.30000000000000004 82.14223943867125

1.883480820183736 2058.456904455374 2.080264406271472 1813.9748454705757

1.8439088914585775 1964.9731264065674 2.080264406271472 1813.9748454705757

2.219797288042311 2422.0997558936338 2.2422087324778666 1949.2312298698685

2.449489742783178 2641.0341019191706 2.5592967784139455 2213.9699523706277

2.5154522456210535 2684.938946698788 2.5961509971494334 2225.975976397769

3.954743986657038 4067.5245945783777 2.541653005427767 1734.1583664706056

3.954743986657038 4068.3978698622877 2.5416530054277664 1734.1583664706056

3.884263121880391 3949.5445544391573 2.4062418831031933 1566.6695718944693

3.871369266809871 3976.5568432376263 2.2863726730347347 1500.6000299880045

3.8791107228332637 3992.006792015766 2.535251466817444 1813.9498415060987

1.894069692487581 1905.9545187385768 2.5475478405713994 1930.1293246826751

1.9078784028338913 1966.3240443782402 2.5219040425836985 1919.5100937478812

1.8547236990991407 1919.0777856824877 2.5219040425836985 1919.5100937478812

1.5132745950421558 1428.348157838277 2.2781571499789037 1614.3038004043722

2.3932195887548637 2406.935362655175 2.7092434368288125 2109.6444457538337

2.515452245621053 2523.6025855906873 2.5074887836239665 2086.0891016445103

2.5470571253900056 2524.907768612549 2.5074887836239665 2087.086977104692

2.74362898366379 2809.6401811441974 2.6358110706194404 2238.8823880454283

2.7202941017470885 2812.0235578671814 2.6358110706194404 2238.8823880454283

2.4591665254715878 2340.9478507647277 2.1788758569500932 1644.1944676649416

2.211334438749598 2139.2592754268944 1.5297058540778354 1164.1593737542978

2.426417111710186 2440.6819866586475 2.233830790368868 1954.7670775568122

2.178875856950093 2074.375599427451 1.9078784028338913 1654.0151722399646

2.1447610589527217 1968.865218215813 1.9078784028338913 1654.0151722399644

1.5124483462254175 1651.2798634695453 1.746424919657298 1639.828677026963

1.5124483462254175 1657.5776120592368 1.7457090250096097 1637.3700520957382

1.70293863659264 1822.0073072026908 1.3219304066402287 1140.857024346171

1.7399712641305314 1915.1782025440868 1.3228756555322954 1138.6762171486678

1.7457090250096092 1949.5310788751228 1.3228756555322954 1138.6762171486678

2.0149441679609885 2102.838115500097 1.8055470085267789 1526.210155909074

3.1 3333.7216350499334 7.658165576690022 9161.943528940788

7.281998352100885 7205.010309499911 12.260811555521112 12713.114722502114

7.281998352100884 7205.507971510407 12.279657975692972 12718.93450883367

7.317615731917056 7248.539767429023 12.260811555521112 12715.876994922528

7.302568041449528 7239.470135306867 12.340482162379232 12771.828852106502

7.364781055808785 7278.325356838618 10.236576576180143 9469.600733399482

3.0757112998459397 3129.892657903782 2.4753787588973126 2363.720309173655

3.0573681492420888 3100.1091896092953 2.4753787588973126 2363.720309173655

3.0540956108150894 3102.3985636117095 2.481934729198171 2366.035521711371

7.405909802313285 7845.964049114678 32.142611903826364 36163.254887074254

11.09459327780879 12160.168503766714 32.515534748793534 36329.58876879836

11.094593277808793 12160.311382834736 32.57698574147092 36408.204001124526

11.044795154279685 12100.405557149728 32.57698574147092 36408.204001124526

10.997613377456034 12075.217596797165 32.48734368950467 36339.27674569212

9.222120146690777 10239.984804187943 8.002968199362035 7149.710429625803

34.399273248137085 31397.66517816253 429.04967952441126 590396.8047086298

39.0234224537008 39535.98868006212 426.0328009672495 586149.7210449819

39.000512817141264 39557.40654198023 425.9780393400581 586115.9844247127

38.84121522300764 39460.49184640253 425.5596432933932 585721.6339521253

41.23966537206625 39568.794931707234 1046.421878354997 1328405.031654258

30.401110177097156 31153.95356050336 988.9498205166932 1237452.9800391963

24.490610445638143 20796.183850108177 992.9070588428707 1242419.51334203

24.24747409525372 20497.42077335585 992.8033742891896 1242286.0351892435

26.138286095304714 23704.674359712262 992.1067218298646 1241680.2768098398

15.446277868794152 17845.812706626726 13.421903739782968 11973.167325315388

15.551848764696757 17876.54804002999 13.485547819795826 12029.888476623544

15.551848764696759 17876.548040029993 13.485547819795826 12029.888476623542

15.727285207562053 18053.992996287558 13.592645070036955 12101.848366571943

1.6695807857064 2078.7154561170705 0.9 416.4866714554021

4.972675336275233 6689.276253078505 1.2031209415515964 388.7777514210401

23.274664336999578 28107.937093461696 36.49585592913256 44058.30459206868

41.18892448219545 43344.19763520834 523.7179847016904 654434.3980461659

40.09173855047945 42275.264076644155 520.1699722206195 650461.0893997791

39.789791404328824 41975.87144643337 519.9913845440134 650409.3370248367

39.009614199579055 41236.21116070195 518.6204657550645 649121.0245544259

37.02418128736947 37210.34460119927 522.497043053834 653495.1295233959

8.932384899902154 8637.990082189259 56.449003534163474 65518.826913262135

6.801470429252781 8071.395570005227 11.8375461984315 11856.539279654924

6.569627082262738 7657.592948178952 38.82344652397568 46684.68615788264

9.148223871331528 9002.53578096194 46.73264383704392 55959.93101130487

9.113040107450422 8729.143373063589 46.98113983291593 56149.72380383986

11.710999103407017 11512.177119902213 55.35557785806233 66069.13039075056

16.587570647927922 18670.575931395368 56.300444047982424 68848.18995914127

16.88312767232423 18893.68163699177 47.22329933412108 57903.214541919

16.738876903783 19355.482955741507 40.84250237191644 50905.50604431214

16.63099515964093 19242.289507423488 40.78047939884964 50851.48406742914

17.33861297797491 20826.359726558072 27.039600588766096 35873.11188411176

23.834638658893066 29188.87648934094 21.209137181884604 25103.33698988045

26.21907702418222 32023.99771558042 21.35509306933594 25552.050136143676

44.97210246363851 53046.394806692566 22.265387937334484 25860.16637509318

43.587383495686 50954.279703965985 69.75548365540877 92941.07654740178

44.796316812880946 52349.393419862085 70.43527170388428 93631.30138794398

47.463538637568945 52228.10587076177 2276.9294296266626 2869900.7801333675

46.43662347759578 51568.5991677833 2279.159031309575 2872687.134231768

35.38145700787349 32533.493430770694 2522.4052786972993 3176652.6846886235

34.536936748935915 33020.069741143794 2521.2711198917104 3176949.959154618

33.029532240102945 34586.81511197584 2507.9716884366935 3161222.8208833123

30.215683013958163 33506.36248218389 1361.874240706535 1712474.1616583853

34.693335094798826 37850.67806113254 1355.441677092747 1703762.3938782443

32.82133452497019 37580.10274131113 183.78750637624955 226509.19303314708

31.962908190588664 36530.08818012215 181.8710807137847 223809.81526561236

34.09439103430357 33469.02468477383 272.06118797064755 331927.54408564453

34.15329413102051 33210.21776742815 801.2083670931052 998522.7500076802

32.69250678672408 31779.725723486037 798.5558136411005 995725.9689592614

36.16528031137046 30706.3754459477 1974.1816399460308 2483261.4936297103

36.945906403822335 31011.232141395154 2060.9973138022283 2592008.2350952565

48.95722622861715 28811.493034724874 2592.2675807099854 3266419.0550459074

49.03863272971627 27789.326637892827 2604.99674232042 3281001.537789827

49.9685901342033 28646.110973393927 2610.0010589078315 3286380.7042462295

48.161810597194105 27622.658582402964 2115.188570198884 2659335.1117350603

47.92014190296185 29835.827276740627 1997.7428582027271 2512681.1972979666

16.617686361223694 20545.08925820231 100.95913777365573 122956.43613511049

15.762217483590309 19115.071895234923 101.0546757948389 123071.61726932616

15.533431687814511 18857.174106623188 105.69856905370101 128770.60449792101

17.052492486437284 19706.64982759627 110.47736193447057 133673.6716896319

10.358571330062848 9625.694722979739 55.73820503030215 65166.611227376256

9.76012295004525 9297.34034603445 55.58549720925414 65169.59145537127

9.746153087244219 9305.794329878563 55.90749055359218 65447.666469401345

10.21028892833107 9789.117693132512 43.47444651746588 49138.33473295059

4.851803788283282 5020.930890781111 3.5298725189445586 2623.0321628794413

4.054626986542658 4542.455039678433 2.930443652418521 2146.986336123264

9.178643690654955 5422.415341893315 96.46781846812956 126149.81089367517

9.156418513807678 5755.911730560155 96.35054488688684 126021.69878972232

9.133865556269152 5716.071132342564 96.31251216742298 125954.9406942419

9.2426998220217 5992.569878399417 96.32625550700078 125960.09682776529

9.082951062292475 5831.061620965774 96.24857141796963 125909.24505391774

3.33878720495931 3746.550625575477 9.73909646733207 12755.264600450277

5.0722283071644165 6893.747105892411 1.7457090250096088 1715.9126900865322

6.248799884777876 8617.743979139783 1.6309506430300091 1338.9494193209835

6.2038294625174855 8543.963952844135 1.8567444627627143 1453.7664143527322

6.81248853210044 8898.485778350157 9.568698971124547 10682.199903928966

6.884039511798287 8954.232502565475 9.582666643476646 10684.61356566067

7.1082698316819695 8808.615194228887 9.547119984581737 10660.026854914579

6.207052440571128 7313.376249038471 9.489336120087643 10630.618312214958

6.2118837722545965 7323.515873369838 19.74962024951366 22728.870304966767

5.427706698044765 6643.64685921821 17.970740107185343 20751.040426687046

