0.0 0.0 0.0 0.0

0.0 0.0 0.0 0.0

0.0 0.0 0.0 0.0

0.0 0.0 0.0 0.0

0.0 0.0 0.0 0.0

0.0 0.0 0.0 0.0

0.0 0.0 0.0 0.0

1.0 213.0 0.5 75.5

1.0 369.0 1.0 448.0

0.5 91.0 1.0 385.5

0.5 91.0 1.5 507.0

0.0 0.0 1.0 329.0

0.0 0.0 1.0 268.0

0.0 0.0 1.0 196.0

0.0 0.0 1.0 151.0

0.0 0.0 1.0 164.0

0.5 119.0 1.0 176.0

0.0 0.0 1.0 164.0

0.0 0.0 1.0 151.0

0.5 93.0 1.0 189.0

1.0 238.0 1.0 151.0

1.0 835.0 0.5 75.5

1.0 835.0 0.0 0.0

0.5 93.0 0.0 0.0

0.0 0.0 0.0 0.0

0.0 0.0 0.0 0.0

0.0 0.0 0.0 0.0

0.0 0.0 0.0 0.0

0.0 0.0 0.0 0.0

0.0 0.0 0.0 0.0

0.0 0.0 0.0 0.0

0.0 0.0 0.0 0.0

0.0 0.0 0.0 0.0

0.0 0.0 0.0 0.0

0.0 0.0 0.0 0.0

0.0 0.0 0.0 0.0

0.0 0.0 0.0 0.0

0.0 0.0 0.0 0.0

0.0 0.0 0.0 0.0

0.0 0.0 0.0 0.0

0.0 0.0 0.0 0.0

0.0 0.0 0.0 0.0

0.0 0.0 0.0 0.0

0.5 86.0 0.0 0.0

6.5 7192.0 1.5 926.5

14.5 15620.0 14.0 13672.0

41.0 40836.0 30.5 31569.5

14.5 15620.0 16.0 16227.0

18.0 19774.0 16.5 17766.5

9.0 9877.5 9.0 9370.5

4.0 5394.5 0.0 0.0

2.0 1816.0 0.0 0.0

0.0 0.0 0.0 0.0

0.0 0.0 0.0 0.0

0.0 0.0 0.0 0.0

0.0 0.0 0.0 0.0

0.0 0.0 0.0 0.0

0.0 0.0 0.0 0.0

2.0 1730.0 0.5 164.0

2.5 2642.0 1.0 345.0

13.0 13636.0 9.5 7673.5

32.0 36541.5 29.5 32878.0

32.0 36541.5 29.5 32878.0

6.5 7468.0 7.5 5275.0

2.5 1986.0 1.0 282.5

2.0 1788.5 0.0 0.0

0.5 90.0 0.0 0.0

0.0 0.0 0.0 0.0

0.0 0.0 0.0 0.0

0.0 0.0 0.0 0.0

0.0 0.0 0.0 0.0

0.0 0.0 0.0 0.0

0.0 0.0 0.0 0.0

0.0 0.0 0.0 0.0

0.0 0.0 0.0 0.0

0.5 476.0 0.0 0.0

1.5 1317.0 0.0 0.0

2.0 1674.0 0.0 0.0

2.0 1674.0 0.0 0.0

0.5 476.0 0.0 0.0

0.0 0.0 0.0 0.0

0.0 0.0 0.0 0.0

0.0 0.0 0.0 0.0

0.0 0.0 0.0 0.0

0.0 0.0 0.0 0.0

0.5 86.0 0.0 0.0

2.0 2079.5 1.0 466.5

0.5 412.0 1.0 385.0

1.5 1326.0 0.5 164.5

1.0 914.0 0.0 0.0

0.0 0.0 0.0 0.0

0.0 0.0 0.0 0.0

1.0 873.0 0.0 0.0

6.5 8156.5 5.5 3300.0

19.5 21913.0 20.5 19510.0

22.0 25293.0 20.5 19510.0

19.5 21913.0 11.5 8143.5

4.0 3326.0 4.5 1323.0

0.0 0.0 1.0 230.0

0.0 0.0 0.0 0.0

0.0 0.0 0.0 0.0

0.0 0.0 0.0 0.0

0.0 0.0 0.0 0.0

0.0 0.0 0.0 0.0

1.0 176.5 1.0 257.0

5.0 3962.5 2.5 747.5

15.5 15209.0 7.0 4295.5

15.5 15209.0 8.5 6672.5

4.0 3144.0 0.5 100.5

2.0 1997.0 0.0 0.0

0.0 0.0 0.0 0.0

0.0 0.0 0.0 0.0

0.0 0.0 0.0 0.0

0.0 0.0 0.0 0.0

0.0 0.0 0.0 0.0

0.0 0.0 0.0 0.0

0.5 93.0 0.0 0.0

0.5 93.0 0.0 0.0

0.0 0.0 0.0 0.0

0.0 0.0 0.0 0.0

0.0 0.0 0.0 0.0

0.0 0.0 0.0 0.0

0.0 0.0 0.0 0.0

0.0 0.0 0.0 0.0

0.0 0.0 0.0 0.0

0.0 0.0 0.0 0.0

1.0 179.0 0.0 0.0

0.0 0.0 0.0 0.0

2.0 1036.0 0.0 0.0

1.0 857.0 0.5 140.5

0.0 0.0 0.5 103.5

0.0 0.0 1.0 268.0

0.0 0.0 1.0 268.0

0.0 0.0 0.0 0.0

0.0 0.0 0.0 0.0

0.0 0.0 0.0 0.0

0.0 0.0 0.0 0.0

0.0 0.0 0.0 0.0

0.0 0.0 0.0 0.0

0.0 0.0 0.0 0.0

0.0 0.0 0.0 0.0

0.0 0.0 0.0 0.0

0.0 0.0 0.0 0.0

0.0 0.0 0.0 0.0

0.0 0.0 0.0 0.0

0.0 0.0 0.0 0.0

0.0 0.0 0.0 0.0

0.0 0.0 0.0 0.0

0.0 0.0 0.0 0.0

0.0 0.0 0.0 0.0

0.0 0.0 0.0 0.0

0.0 0.0 0.0 0.0

0.0 0.0 0.0 0.0

0.0 0.0 0.0 0.0

0.0 0.0 0.0 0.0

0.0 0.0 0.0 0.0

0.0 0.0 0.0 0.0

0.5 86.0 0.0 0.0

0.0 0.0 0.0 0.0

0.0 0.0 0.0 0.0

0.5 86.0 0.5 103.0

0.5 86.0 1.0 215.0

2.0 1687.5 1.0 215.0

15.0 16767.0 11.0 10019.0

8.5 8828.5 4.0 1527.5

1.0 889.0 0.0 0.0

4.0 3873.0 0.0 0.0

6.0 5279.0 2.5 595.5

2.0 1836.0 0.0 0.0

0.5 86.0 0.0 0.0

0.5 86.0 0.0 0.0

0.0 0.0 0.0 0.0

0.0 0.0 0.0 0.0

0.0 0.0 0.0 0.0

0.0 0.0 0.0 0.0

4.5 5283.5 0.5 429.5

14.5 15580.5 4.0 1184.5

14.5 15580.5 4.0 1184.5

18.0 17903.0 17.0 13090.0

11.0 12940.5 7.0 5418.5

5.5 5830.5 4.0 1182.0

5.5 5830.5 2.0 590.5

7.0 7577.5 4.5 1805.5

6.5 6338.5 2.0 592.0

4.0 4044.5 0.0 0.0

5.5 5424.5 2.0 543.5

8.5 8834.0 6.0 5922.5

10.5 11225.5 7.0 5379.0

4.0 4392.5 3.0 2082.0

5.5 6283.0 3.5 2079.5

3.0 2887.5 6.5 4822.5

3.0 2887.5 6.5 4822.5

4.0 5035.5 1.0 343.5

21.0 24357.0 16.0 14098.0

40.0 50216.0 23.5 25552.0

30.5 37333.5 18.0 19270.0

36.0 24278.0 16.0 14098.0

47.0 41573.5 30.0 24437.0

33.5 23671.5 46.0 49901.5

46.5 28739.5 73.5 77807.0

48.5 47142.5 123.5 151602.5

51.0 57437.5 73.5 79384.0

25.0 30433.0 16.0 7411.0

28.0 30433.0 16.0 7411.0

22.0 25007.0 12.0 3757.0

12.5 12649.0 15.5 16633.5

15.5 12246.0 21.0 15723.0

20.5 15835.0 22.0 22192.0

20.5 16385.0 42.5 45541.0

20.5 17940.5 58.0 62197.0

25.5 26658.0 133.0 144814.5

21.0 20307.5 36.5 39508.5

16.0 18042.5 17.0 20031.5

8.5 9938.0 6.5 5637.5

7.5 8747.5 5.0 1455.5

4.0 5078.5 2.0 590.5

3.0 3153.5 0.0 0.0

5.5 5986.5 4.0 1182.0

6.5 6751.0 7.5 4593.0

5.5 5986.5 6.0 4318.5

6.5 6430.5 8.0 5891.5

5.0 5164.0 4.5 1820.5

4.0 4120.5 1.0 344.0

3.0 2867.5 1.0 310.0

2.0 1616.0 1.0 180.5

2.0 1608.0 0.5 101.5

2.0 1616.0 0.5 155.0

2.0 2179.0 0.5 181.0

2.0 1706.5 0.0 0.0

3.0 2525.5 1.0 363.5

2.0 1908.0 0.0 0.0

2.0 1908.0 0.0 0.0

2.0 1928.5 0.0 0.0

2.5 2254.5 0.0 0.0

2.5 2859.5 0.0 0.0

2.0 2612.5 0.0 0.0

3.0 3054.5 0.0 0.0

4.0 3054.5 0.5 100.5

3.0 2422.0 0.0 0.0

2.5 2422.0 0.0 0.0

