8 1267 0 0 0 0 2 2
14 3897 16 3820 1 1 1 1
33 3307 39 5278 1 1 1 1
6 2271 3 144 0 0 0 0
3 2052 0 0 0 0 2 2
1 63 1 55 0 0 0 0
4 248 4 570 1 1 1 1
7 2306 6 548 1 1 1 1
4 990 4 250 1 1 1 1
5 306 5 364 1 1 1 1
2 104 3 585 1 1 1 1
2 109 2 105 1 1 1 1
0 0 0 0 2 2 2 2
0 0 0 0 2 2 2 2
0 0 0 0 2 2 2 2
0 0 0 0 2 2 2 2
0 0 0 0 2 2 2 2
0 0 0 0 2 2 2 2
0 0 0 0 2 2 2 2
0 0 0 0 2 2 2 2
0 0 0 0 2 2 2 2
0 0 0 0 2 2 2 2
0 0 0 0 2 2 2 2
0 0 0 0 2 2 2 2
0 0 0 0 2 2 2 2
0 0 0 0 2 2 2 2
0 0 0 0 2 2 2 2
0 0 0 0 2 2 2 2
0 0 0 0 2 2 2 2
0 0 0 0 2 2 2 2
0 0 0 0 2 2 2 2
0 0 0 0 2 2 2 2
0 0 0 0 2 2 2 2
0 0 0 0 2 2 2 2

8 1267 0 0 1 1 2 2
16 4065 19 3967 1 1 1 1
19 4768 23 9850 1 1 1 1
11 6353 9 1458 0 0 0 0
3 2052 0 0 0 0 2 2
1 63 1 55 1 1 1 1
2 124 2 287 1 1 1 1
22 6862 19 1696 1 1 1 1
4 990 4 250 1 1 1 1
5 306 5 364 1 1 1 1
2 104 3 585 0 0 0 0
2 109 2 105 1 1 1 1
1 63 1 62 1 1 1 1
52 4144 400 508072 1 1 1 1
0 0 0 0 2 2 2 2
0 0 0 0 2 2 2 2
0 0 0 0 2 2 2 2
0 0 0 0 2 2 2 2
0 0 0 0 2 2 2 2
0 0 0 0 2 2 2 2
0 0 0 0 2 2 2 2
0 0 0 0 2 2 2 2
0 0 0 0 2 2 2 2
0 0 0 0 2 2 2 2
0 0 0 0 2 2 2 2
0 0 0 0 2 2 2 2
0 0 0 0 2 2 2 2
0 0 0 0 2 2 2 2
0 0 0 0 2 2 2 2
0 0 0 0 2 2 2 2
0 0 0 0 2 2 2 2
0 0 0 0 2 2 2 2
0 0 0 0 2 2 2 2
0 0 0 0 2 2 2 2

0 0 0 0 2 2 2 2
16 4065 19 3967 1 1 1 1
19 4768 23 9850 0 0 0 0
11 6353 9 1458 0 0 0 0
3 2052 0 0 0 0 2 2
0 0 0 0 2 2 2 2
4 297 2 324 0 0 0 0
22 6862 19 1696 0 0 0 0
0 0 0 0 2 2 2 2
0 0 0 0 2 2 2 2
1 40 1 225 1 1 1 1
6 5833 5 276 1 1 1 1
1 63 1 62 1 1 1 1
52 4144 400 508072 1 1 1 1
153 12476 611 775298 1 1 1 1
0 0 0 0 2 2 2 2
0 0 0 0 2 2 2 2
0 0 0 0 2 2 2 2
0 0 0 0 2 2 2 2
0 0 0 0 2 2 2 2
0 0 0 0 2 2 2 2
0 0 0 0 2 2 2 2
0 0 0 0 2 2 2 2
0 0 0 0 2 2 2 2
0 0 0 0 2 2 2 2
0 0 0 0 2 2 2 2
0 0 0 0 2 2 2 2
0 0 0 0 2 2 2 2
0 0 0 0 2 2 2 2
0 0 0 0 2 2 2 2
0 0 0 0 2 2 2 2
0 0 0 0 2 2 2 2
0 0 0 0 2 2 2 2
0 0 0 0 2 2 2 2

0 0 0 0 2 2 2 2
2 112 2 108 1 1 1 1
15 1559 19 9400 0 0 0 0
9 7826 4 892 0 0 0 0
1 684 0 0 1 1 2 2
9 570 9 519 1 1 1 1
4 297 2 324 0 0 0 0
18 5380 15 1240 0 0 0 0
0 0 0 0 2 2 2 2
8 5105 7 2418 1 1 1 1
1 94 1 40 1 1 1 1
6 5833 5 276 1 1 1 1
3 270 1 71 1 1 1 1
0 0 0 0 2 2 2 2
153 12476 611 775298 0 0 0 0
4 278 2 493 1 1 1 1
10 732 10 798 1 1 1 1
2 149 2 151 1 1 1 1
0 0 0 0 2 2 2 2
0 0 0 0 2 2 2 2
0 0 0 0 2 2 2 2
0 0 0 0 2 2 2 2
0 0 0 0 2 2 2 2
0 0 0 0 2 2 2 2
0 0 0 0 2 2 2 2
0 0 0 0 2 2 2 2
0 0 0 0 2 2 2 2
0 0 0 0 2 2 2 2
0 0 0 0 2 2 2 2
0 0 0 0 2 2 2 2
0 0 0 0 2 2 2 2
0 0 0 0 2 2 2 2
0 0 0 0 2 2 2 2
0 0 0 0 2 2 2 2

0 0 0 0 2 2 2 2
2 112 2 108 1 1 1 1
15 1559 19 9400 0 0 0 0
9 9201 7 646 0 0 0 0
0 0 0 0 2 2 2 2
9 570 9 519 0 0 0 0
2 150 2 239 1 1 1 1
18 5380 15 1240 0 0 0 0
4 1273 5 301 1 1 1 1
9 5105 9 4751 0 0 0 0
1 94 1 80 0 0 0 0
2 109 2 105 1 1 1 1
3 270 1 71 1 1 1 1
0 0 0 0 2 2 2 2
49 5740 180 223674 1 1 1 1
4 278 2 493 1 1 1 1
10 732 10 798 1 1 1 1
2 149 2 151 1 1 1 1
0 0 0 0 2 2 2 2
0 0 0 0 2 2 2 2
0 0 0 0 2 2 2 2
0 0 0 0 2 2 2 2
0 0 0 0 2 2 2 2
0 0 0 0 2 2 2 2
0 0 0 0 2 2 2 2
0 0 0 0 2 2 2 2
0 0 0 0 2 2 2 2
0 0 0 0 2 2 2 2
0 0 0 0 2 2 2 2
0 0 0 0 2 2 2 2
0 0 0 0 2 2 2 2
0 0 0 0 2 2 2 2
0 0 0 0 2 2 2 2
0 0 0 0 2 2 2 2

0 0 0 0 2 2 2 2
6 392 0 0 1 1 2 2
3 292 2 152 0 0 0 0
9 9201 8 1052 0 0 0 0
0 0 0 0 2 2 2 2
3 189 2 111 1 1 1 1
1 81 1 209 1 1 1 1
16 6220 13 1148 0 0 0 0
4 1273 5 301 1 1 1 1
9 4690 9 4751 1 1 1 1
1 40 1 490 0 0 0 0
2 109 2 105 1 1 1 1
0 0 0 0 2 2 2 2
0 0 0 0 2 2 2 2
0 0 0 0 2 2 2 2
0 0 0 0 2 2 2 2
0 0 0 0 2 2 2 2
0 0 0 0 2 2 2 2
12 5607 10 7185 1 1 1 1
2 142 0 0 1 1 2 2
1 41 0 0 1 1 2 2
0 0 0 0 2 2 2 2
0 0 0 0 2 2 2 2
0 0 0 0 2 2 2 2
0 0 0 0 2 2 2 2
0 0 0 0 2 2 2 2
0 0 0 0 2 2 2 2
0 0 0 0 2 2 2 2
0 0 0 0 2 2 2 2
0 0 0 0 2 2 2 2
0 0 0 0 2 2 2 2
0 0 0 0 2 2 2 2
0 0 0 0 2 2 2 2
0 0 0 0 2 2 2 2

0 0 0 0 2 2 2 2
15 3960 21 4038 0 0 1 1
22 10912 24 2576 0 0 0 0
9 5902 8 1218 0 0 0 0
0 0 0 0 2 2 2 2
1 63 1 57 1 1 1 1
1 81 1 209 1 1 1 1
16 6220 13 1148 1 1 1 1
0 0 0 0 2 2 2 2
0 0 0 0 2 2 2 2
1 40 1 490 1 1 1 1
2 109 2 105 1 1 1 1
0 0 0 0 2 2 2 2
0 0 0 0 2 2 2 2
0 0 0 0 2 2 2 2
0 0 0 0 2 2 2 2
0 0 0 0 2 2 2 2
0 0 0 0 2 2 2 2
12 5607 10 7185 1 1 1 1
2 142 0 0 1 1 2 2
1 41 1 52 1 1 1 1
0 0 0 0 2 2 2 2
0 0 0 0 2 2 2 2
0 0 0 0 2 2 2 2
0 0 0 0 2 2 2 2
0 0 0 0 2 2 2 2
0 0 0 0 2 2 2 2
0 0 0 0 2 2 2 2
0 0 0 0 2 2 2 2
0 0 0 0 2 2 2 2
0 0 0 0 2 2 2 2
0 0 0 0 2 2 2 2
0 0 0 0 2 2 2 2
0 0 0 0 2 2 2 2

0 0 0 0 2 2 2 2
15 3960 21 4038 1 1 1 1
22 10912 24 2576 0 0 0 0
2 80 3 1218 1 1 1 1
0 0 0 0 2 2 2 2
1 63 1 57 1 1 1 1
4 314 4 768 1 1 1 1
0 0 0 0 2 2 2 2
0 0 0 0 2 2 2 2
2 150 2 121 1 1 1 1
1 40 1 98 1 1 1 1
2 109 2 105 1 1 1 1
0 0 0 0 2 2 2 2
110 10696 406 509912 1 1 1 1
0 0 0 0 2 2 2 2
0 0 0 0 2 2 2 2
0 0 0 0 2 2 2 2
0 0 0 0 2 2 2 2
0 0 0 0 2 2 2 2
0 0 0 0 2 2 2 2
0 0 1 52 2 2 1 1
1 41 1 52 1 1 1 1
16 4371 22 6174 1 1 1 1
0 0 0 0 2 2 2 2
0 0 0 0 2 2 2 2
0 0 0 0 2 2 2 2
0 0 0 0 2 2 2 2
0 0 0 0 2 2 2 2
0 0 0 0 2 2 2 2
0 0 0 0 2 2 2 2
0 0 0 0 2 2 2 2
0 0 0 0 2 2 2 2
0 0 0 0 2 2 2 2
0 0 0 0 2 2 2 2

0 0 0 0 2 2 2 2
2 112 2 108 1 1 1 1
2 150 2 152 0 0 0 0
0 0 0 0 2 2 2 2
0 0 0 0 2 2 2 2
1 63 1 57 1 1 1 1
4 314 4 768 1 1 1 1
0 0 0 0 2 2 2 2
3 931 4 252 1 1 1 1
7 4319 7 1188 0 0 0 0
1 40 1 134 0 0 0 0
2 109 2 105 1 1 1 1
0 0 0 0 2 2 2 2
110 10696 406 509912 1 1 1 1
0 0 0 0 2 2 2 2
0 0 0 0 2 2 2 2
0 0 0 0 2 2 2 2
0 0 0 0 2 2 2 2
0 0 0 0 2 2 2 2
0 0 0 0 2 2 2 2
0 0 0 0 2 2 2 2
1 41 1 52 1 1 1 1
16 4371 22 6174 0 0 0 0
0 0 0 0 2 2 2 2
0 0 0 0 2 2 2 2
0 0 0 0 2 2 2 2
0 0 0 0 2 2 2 2
0 0 0 0 2 2 2 2
0 0 0 0 2 2 2 2
0 0 0 0 2 2 2 2
0 0 0 0 2 2 2 2
0 0 0 0 2 2 2 2
0 0 0 0 2 2 2 2
0 0 0 0 2 2 2 2

0 0 0 0 2 2 2 2
2 112 2 108 1 1 1 1
8 661 7 423 0 0 0 0
0 0 0 0 2 2 2 2
0 0 0 0 2 2 2 2
11 700 9 1978 0 0 0 0
1 69 1 219 1 1 1 1
0 0 0 0 2 2 2 2
3 931 4 252 1 1 1 1
7 4319 7 1188 1 1 1 1
4 172 6 530 0 0 0 0
2 109 2 105 1 1 1 1
0 0 0 0 2 2 2 2
0 0 0 0 2 2 2 2
0 0 0 0 2 2 2 2
0 0 0 0 2 2 2 2
0 0 0 0 2 2 2 2
0 0 0 0 2 2 2 2
0 0 0 0 2 2 2 2
0 0 0 0 2 2 2 2
0 0 0 0 2 2 2 2
0 0 0 0 2 2 2 2
2 80 2 104 1 1 1 1
6 418 4 359 1 1 1 1
0 0 0 0 2 2 2 2
0 0 0 0 2 2 2 2
0 0 0 0 2 2 2 2
0 0 0 0 2 2 2 2
0 0 0 0 2 2 2 2
0 0 0 0 2 2 2 2
0 0 0 0 2 2 2 2
0 0 0 0 2 2 2 2
0 0 0 0 2 2 2 2
0 0 0 0 2 2 2 2

0 0 0 0 2 2 2 2
4 248 4 244 1 1 1 1
17 6179 13 1857 0 0 0 0
0 0 0 0 2 2 2 2
0 0 0 0 2 2 2 2
11 700 9 1978 0 0 0 0
1 69 1 219 1 1 1 1
0 0 0 0 2 2 2 2
0 0 0 0 2 2 2 2
0 0 0 0 2 2 2 2
4 172 6 530 0 0 0 0
0 0 0 0 2 2 2 2
0 0 0 0 2 2 2 2
0 0 0 0 2 2 2 2
215 19861 785 992284 1 1 1 1
0 0 0 0 2 2 2 2
0 0 0 0 2 2 2 2
4 367 2 151 1 1 1 1
0 0 0 0 2 2 2 2
0 0 0 0 2 2 2 2
0 0 0 0 2 2 2 2
3 207 3 169 1 1 1 1
0 0 0 0 2 2 2 2
6 418 6 439 0 0 0 0
0 0 0 0 2 2 2 2
0 0 0 0 2 2 2 2
0 0 0 0 2 2 2 2
0 0 0 0 2 2 2 2
0 0 0 0 2 2 2 2
0 0 0 0 2 2 2 2
0 0 0 0 2 2 2 2
0 0 0 0 2 2 2 2
0 0 0 0 2 2 2 2
0 0 0 0 2 2 2 2

0 0 0 0 2 2 2 2
4 248 4 244 1 1 1 1
17 6179 13 1857 0 0 0 0
0 0 0 0 2 2 2 2
0 0 0 0 2 2 2 2
8 602 5 707 0 0 0 0
5 295 5 927 1 1 1 1
0 0 0 0 2 2 2 2
0 0 0 0 2 2 2 2
11 3452 10 5177 1 1 1 1
3 144 3 301 0 0 0 0
3 178 2 105 1 1 1 1
0 0 0 0 2 2 2 2
0 0 0 0 2 2 2 2
215 19861 785 992284 0 0 0 0
0 0 0 0 2 2 2 2
0 0 0 0 2 2 2 2
4 367 2 151 1 1 1 1
0 0 0 0 2 2 2 2
0 0 0 0 2 2 2 2
0 0 0 0 2 2 2 2
3 207 3 169 1 1 1 1
0 0 0 0 2 2 2 2
6 406 6 439 1 1 1 1
5 1136 5 1579 1 1 1 1
44 8735 47 26679 1 1 1 1
0 0 0 0 2 2 2 2
0 0 0 0 2 2 2 2
0 0 0 0 2 2 2 2
0 0 0 0 2 2 2 2
0 0 0 0 2 2 2 2
0 0 0 0 2 2 2 2
0 0 0 0 2 2 2 2
0 0 0 0 2 2 2 2

1 238 0 0 1 1 2 2
2 112 2 108 1 1 1 1
5 508 4 244 0 0 0 0
0 0 0 0 2 2 2 2
0 0 0 0 2 2 2 2
8 602 5 707 1 1 1 1
5 295 5 927 0 0 0 0
0 0 0 0 2 2 2 2
5 4326 0 0 1 1 2 2
15 7978 19 6464 0 0 0 0
2 134 2 182 0 0 0 0
3 178 2 105 1 1 1 1
0 0 0 0 2 2 2 2
0 0 0 0 2 2 2 2
24 2828 85 104114 1 1 1 1
0 0 0 0 2 2 2 2
0 0 0 0 2 2 2 2
0 0 0 0 2 2 2 2
0 0 0 0 2 2 2 2
0 0 0 0 2 2 2 2
0 0 0 0 2 2 2 2
0 0 0 0 2 2 2 2
0 0 0 0 2 2 2 2
0 0 0 0 2 2 2 2
5 1136 5 1579 0 0 0 0
80 14256 125 74162 0 0 0 0
19 5982 22 18901 1 1 1 1
15 2831 16 12987 1 1 1 1
0 0 0 0 2 2 2 2
0 0 0 0 2 2 2 2
0 0 0 0 2 2 2 2
0 0 0 0 2 2 2 2
0 0 0 0 2 2 2 2
0 0 0 0 2 2 2 2

1 238 0 0 1 1 2 2
10 3693 10 3352 0 0 0 0
5 470 4 243 0 0 0 0
0 0 0 0 2 2 2 2
0 0 0 0 2 2 2 2
0 0 0 0 2 2 2 2
4 294 4 859 0 0 0 0
0 0 0 0 2 2 2 2
8 4526 16 4635 0 0 1 1
15 7978 19 6464 1 1 1 1
2 134 3 329 0 0 0 0
2 109 2 105 1 1 1 1
0 0 0 0 2 2 2 2
102 10157 401 504111 1 1 1 1
0 0 0 0 2 2 2 2
2 156 2 469 1 1 1 1
0 0 0 0 2 2 2 2
0 0 0 0 2 2 2 2
0 0 0 0 2 2 2 2
0 0 0 0 2 2 2 2
0 0 0 0 2 2 2 2
0 0 0 0 2 2 2 2
0 0 0 0 2 2 2 2
0 0 0 0 2 2 2 2
2 80 1 40 1 1 1 1
80 14256 125 74162 0 0 0 0
19 5982 22 18901 0 0 0 0
15 2831 16 12987 0 0 0 0
13 3119 11 7360 1 1 1 1
0 0 0 0 2 2 2 2
0 0 0 0 2 2 2 2
0 0 0 0 2 2 2 2
0 0 0 0 2 2 2 2
0 0 0 0 2 2 2 2

0 0 0 0 2 2 2 2
10 3693 10 3352 0 0 0 0
5 470 4 243 0 0 0 0
0 0 0 0 2 2 2 2
0 0 0 0 2 2 2 2
3 189 3 168 1 1 1 1
4 294 2 310 1 1 1 1
0 0 0 0 2 2 2 2
8 4526 16 4635 1 1 1 1
10 6101 11 4293 1 1 1 1
2 80 3 329 0 0 0 0
4 2592 5 276 0 0 0 0
0 0 0 0 2 2 2 2
102 10157 401 504111 1 1 1 1
0 0 0 0 2 2 2 2
2 156 2 469 1 1 1 1
0 0 0 0 2 2 2 2
0 0 0 0 2 2 2 2
0 0 0 0 2 2 2 2
0 0 0 0 2 2 2 2
0 0 0 0 2 2 2 2
0 0 0 0 2 2 2 2
0 0 0 0 2 2 2 2
0 0 0 0 2 2 2 2
5 1136 6 1648 1 1 1 1
4 160 2 80 1 1 1 1
4 160 2 92 1 1 1 1
4 160 4 160 1 1 1 1
13 3119 11 7360 1 1 1 1
0 0 0 0 2 2 2 2
0 0 0 0 2 2 2 2
0 0 0 0 2 2 2 2
0 0 0 0 2 2 2 2
0 0 0 0 2 2 2 2

0 0 0 0 2 2 2 2
8 839 10 1074 0 0 0 0
6 4085 6 823 0 0 0 0
1 40 0 0 1 1 2 2
0 0 0 0 2 2 2 2
7 441 7 392 0 0 0 0
0 0 0 0 2 2 2 2
0 0 0 0 2 2 2 2
0 0 0 0 2 2 2 2
10 6101 11 4293 0 0 0 0
1 40 1 88 1 1 1 1
4 2592 5 276 1 1 1 1
0 0 0 0 2 2 2 2
0 0 0 0 2 2 2 2
0 0 0 0 2 2 2 2
0 0 0 0 2 2 2 2
0 0 0 0 2 2 2 2
0 0 0 0 2 2 2 2
0 0 0 0 2 2 2 2
0 0 0 0 2 2 2 2
1 41 1 52 1 1 1 1
0 0 0 0 2 2 2 2
0 0 0 0 2 2 2 2
0 0 0 0 2 2 2 2
5 1136 6 1648 0 0 0 0
0 0 0 0 2 2 2 2
0 0 0 0 2 2 2 2
0 0 0 0 2 2 2 2
2 80 1 40 1 1 1 1
0 0 0 0 2 2 2 2
0 0 0 0 2 2 2 2
0 0 0 0 2 2 2 2
0 0 0 0 2 2 2 2
0 0 0 0 2 2 2 2

0 0 0 0 2 2 2 2
2 112 2 174 0 0 0 0
6 4085 6 823 0 0 0 0
1 40 0 0 1 1 2 2
0 0 0 0 2 2 2 2
7 441 7 392 0 0 0 0
0 0 0 0 2 2 2 2
0 0 0 0 2 2 2 2
0 0 0 0 2 2 2 2
2 150 2 121 0 0 0 0
0 0 0 0 2 2 2 2
2 109 2 105 1 1 1 1
0 0 0 0 2 2 2 2
0 0 0 0 2 2 2 2
0 0 0 0 2 2 2 2
0 0 0 0 2 2 2 2
0 0 0 0 2 2 2 2
2 149 2 151 1 1 1 1
0 0 0 0 2 2 2 2
0 0 0 0 2 2 2 2
1 41 1 52 1 1 1 1
0 0 0 0 2 2 2 2
0 0 0 0 2 2 2 2
0 0 0 0 2 2 2 2
2 80 1 40 1 1 1 1
0 0 0 0 2 2 2 2
0 0 0 0 2 2 2 2
0 0 0 0 2 2 2 2
2 80 1 40 1 1 1 1
0 0 0 0 2 2 2 2
0 0 0 0 2 2 2 2
0 0 0 0 2 2 2 2
0 0 0 0 2 2 2 2
0 0 0 0 2 2 2 2

0 0 0 0 2 2 2 2
2 112 2 108 0 0 0 0
28 5923 30 12150 0 0 0 0
0 0 0 0 2 2 2 2
0 0 0 0 2 2 2 2
4 256 4 247 0 0 0 0
6 392 6 831 1 1 1 1
0 0 0 0 2 2 2 2
8 2371 8 476 1 1 1 1
2 150 2 121 1 1 1 1
0 0 0 0 2 2 2 2
2 109 2 105 1 1 1 1
0 0 0 0 2 2 2 2
0 0 0 0 2 2 2 2
0 0 0 0 2 2 2 2
0 0 0 0 2 2 2 2
0 0 0 0 2 2 2 2
2 149 2 151 1 1 1 1
0 0 0 0 2 2 2 2
0 0 0 0 2 2 2 2
0 0 0 0 2 2 2 2
0 0 0 0 2 2 2 2
0 0 0 0 2 2 2 2
0 0 0 0 2 2 2 2
0 0 0 0 2 2 2 2
0 0 0 0 2 2 2 2
0 0 0 0 2 2 2 2
0 0 0 0 2 2 2 2
0 0 0 0 2 2 2 2
21 6982 23 17583 1 1 1 1
9 2417 7 3956 1 1 1 1
0 0 0 0 2 2 2 2
0 0 0 0 2 2 2 2
0 0 0 0 2 2 2 2

0 0 0 0 2 2 2 2
2 112 2 108 1 1 1 1
28 5923 30 12150 0 0 0 0
0 0 0 0 2 2 2 2
1 32 0 0 1 1 2 2
11 693 8 456 0 0 0 0
6 392 6 831 0 0 0 0
0 0 0 0 2 2 2 2
8 2371 8 476 0 0 1 1
0 0 0 0 2 2 2 2
0 0 0 0 2 2 2 2
0 0 0 0 2 2 2 2
0 0 0 0 2 2 2 2
0 0 0 0 2 2 2 2
49 8656 110 149782 1 1 1 1
0 0 0 0 2 2 2 2
0 0 0 0 2 2 2 2
0 0 0 0 2 2 2 2
0 0 0 0 2 2 2 2
1 32 0 0 1 1 2 2
0 0 0 0 2 2 2 2
0 0 0 0 2 2 2 2
0 0 0 0 2 2 2 2
0 0 0 0 2 2 2 2
2 104 0 0 1 1 2 2
0 0 0 0 2 2 2 2
0 0 0 0 2 2 2 2
0 0 0 0 2 2 2 2
0 0 0 0 2 2 2 2
21 6982 23 17583 0 0 0 0
9 2417 7 3956 0 0 0 0
1 32 0 0 1 1 2 2
4 208 0 0 1 1 2 2
3 144 1 52 1 1 1 1

