0.5666666666666667 247.2 0.5416666666666666 232.075
8.483333333333333 1767.725 14.55 9547.341666666667
2.4916666666666667 535.7416666666667 2.6416666666666666 141.25833333333333
2.5833333333333335 146.3 2.6166666666666667 149.04166666666666
1.9333333333333333 163.65833333333333 1.85 227.28333333333333
0.16666666666666666 9.25 0.25 13.166666666666666
1.4333333333333333 93.26666666666667 1.3166666666666667 211.50833333333333
0.11666666666666667 4.991666666666666 0.125 6.5
1.0833333333333333 56.59166666666667 1.5083333333333333 160.41666666666666
0.1 8.9 0.06666666666666667 7.341666666666667
0.075 3.7 0.0 0.0
0.1 7.983333333333333 0.06666666666666667 13.441666666666666
0.4666666666666667 198.74166666666667 0.45 236.76666666666668
0.025 1.0 0.016666666666666666 0.925
0.0 0.0 0.008333333333333333 0.3333333333333333
0.016666666666666666 0.6666666666666666 0.016666666666666666 1.3083333333333333
0.475 190.75833333333333 0.0 0.0
0.325 116.85 0.35 271.4166666666667
0.43333333333333335 33.1 0.43333333333333335 33.43333333333333
0.4583333333333333 268.15 0.3 112.225
0.375 23.616666666666667 0.2833333333333333 43.68333333333333
0.13333333333333333 20.0 0.14166666666666666 108.21666666666667
0.2916666666666667 43.333333333333336 0.38333333333333336 100.475
0.75 137.50833333333333 0.875 464.4166666666667
0.725 336.725 0.9 588.75
0.125 40.541666666666664 0.1 45.233333333333334
0.6 108.925 1.05 1060.275
0.2916666666666667 44.31666666666667 0.2916666666666667 148.89166666666668
0.016666666666666666 0.6666666666666666 0.016666666666666666 0.925
0.23333333333333334 83.925 0.18333333333333332 106.775
0.0 0.0 0.008333333333333333 0.3333333333333333
0.0 0.0 0.008333333333333333 0.3333333333333333
0.0 0.0 0.008333333333333333 0.3333333333333333
0.041666666666666664 1.3333333333333333 0.0 0.0
0.016666666666666666 0.6666666666666666 0.016666666666666666 0.925
0.0 0.0 0.008333333333333333 0.3333333333333333
0.008333333333333333 1.9833333333333334 0.0 0.0
0.0 0.0 0.008333333333333333 0.3333333333333333
0.016666666666666666 0.6666666666666666 0.008333333333333333 0.3333333333333333
2.2 824.6 3.683333333333333 2974.2083333333335
0.14166666666666666 53.333333333333336 0.15 127.28333333333333
0.19166666666666668 61.425 0.23333333333333334 156.88333333333333
0.16666666666666666 24.141666666666666 0.13333333333333333 63.775
0.06666666666666667 26.575 0.08333333333333333 76.025
1.6333333333333333 198.53333333333333 8.308333333333334 9946.625
74.41666666666667 5315.025 559.875 713010.3416666667
0.21666666666666667 51.083333333333336 0.24166666666666667 67.35
0.4 63.11666666666667 0.375 135.36666666666667
0.23333333333333334 49.25 0.4 418.4166666666667
0.125 37.49166666666667 0.11666666666666667 68.93333333333334
1.275 256.875 1.05 404.4583333333333
0.25 49.59166666666667 0.3 121.21666666666667
0.8583333333333333 137.35 0.8166666666666667 283.53333333333336
0.008333333333333333 0.3333333333333333 0.025 1.7916666666666667
0.24166666666666667 70.81666666666666 0.26666666666666666 190.11666666666667
0.425 170.03333333333333 0.4 173.65
0.18333333333333332 40.208333333333336 0.25 136.43333333333334
0.08333333333333333 32.9 0.075 10.508333333333333
0.008333333333333333 0.3333333333333333 0.025 1.7916666666666667
0.275 101.625 0.3 149.9
0.15 63.93333333333333 0.14166666666666666 67.45833333333333
0.016666666666666666 0.6833333333333333 0.016666666666666666 0.8666666666666667
0.16666666666666666 32.4 0.18333333333333332 113.43333333333334
0.125 26.641666666666666 0.1 61.65
0.09166666666666666 14.616666666666667 0.1 30.141666666666666
1.65 839.0416666666666 1.7 794.6333333333333
0.39166666666666666 25.075 0.4166666666666667 144.68333333333334
0.175 13.983333333333333 0.2 72.45833333333333
0.13333333333333333 18.025 0.175 55.958333333333336
0.39166666666666666 150.86666666666667 0.4083333333333333 111.51666666666667
0.475 29.358333333333334 0.9166666666666666 1191.0666666666666
0.75 125.26666666666667 1.0583333333333333 563.625
0.8083333333333333 339.225 0.85 332.80833333333334
0.4 84.69166666666666 0.38333333333333336 233.58333333333334
0.24166666666666667 40.90833333333333 0.31666666666666665 40.575
0.65 167.89166666666668 0.625 364.10833333333335
0.075 14.766666666666667 0.09166666666666666 54.733333333333334
0.30833333333333335 57.541666666666664 0.4 423.725
0.6583333333333333 66.275 2.0166666666666666 2488.9583333333335
0.175 41.458333333333336 0.15 67.275
1.4333333333333333 352.1666666666667 1.7583333333333333 1188.725
0.24166666666666667 22.008333333333333 0.275 293.05833333333334
0.5583333333333333 85.275 0.8416666666666667 868.0916666666667
0.10833333333333334 29.633333333333333 0.13333333333333333 97.39166666666667
0.21666666666666667 34.358333333333334 0.25 152.26666666666668
0.0 0.0 0.0 0.0
0.0 0.0 0.0 0.0
0.0 0.0 0.0 0.0
0.0 0.0 0.0 0.0

0.425 193.74166666666667 0.4 209.03333333333333
6.85 1520.4083333333333 7.433333333333334 1457.5833333333333
2.433333333333333 534.95 2.5833333333333335 138.3
2.5416666666666665 143.88333333333333 2.575 145.58333333333334
1.8666666666666667 169.075 1.7666666666666666 231.225
0.16666666666666666 9.25 0.25 13.166666666666666
1.2583333333333333 81.34166666666667 1.1666666666666667 182.44166666666666
0.11666666666666667 4.991666666666666 0.125 6.5
1.05 54.608333333333334 1.4416666666666667 153.90833333333333
0.03333333333333333 1.3333333333333333 0.016666666666666666 0.6666666666666666
0.075 3.7 0.0 0.0
0.03333333333333333 1.3333333333333333 0.016666666666666666 0.6666666666666666
0.0 0.0 0.0 0.0
0.016666666666666666 0.6666666666666666 0.016666666666666666 0.925
0.0 0.0 0.0 0.0
0.0 0.0 0.0 0.0
0.475 190.75833333333333 0.0 0.0
0.15833333333333333 57.766666666666666 0.175 135.45
0.39166666666666666 29.0 0.4 31.5
0.2833333333333333 130.25833333333333 0.2 99.60833333333333
0.8 45.125 0.675 83.75833333333334
0.0 0.0 0.0 0.0
0.3 54.34166666666667 0.38333333333333336 102.15833333333333
0.725 136.30833333333334 0.8583333333333333 463.55
0.725 336.76666666666665 0.9 582.725
0.0 0.0 0.0 0.0
0.6 108.925 1.05 1060.275
0.4 57.175 0.4 218.79166666666666
0.016666666666666666 0.6666666666666666 0.016666666666666666 0.925
0.23333333333333334 83.925 0.18333333333333332 106.775
0.0 0.0 0.008333333333333333 0.3333333333333333
0.0 0.0 0.008333333333333333 0.3333333333333333
0.0 0.0 0.008333333333333333 0.3333333333333333
0.041666666666666664 1.3333333333333333 0.0 0.0
0.016666666666666666 0.6666666666666666 0.016666666666666666 0.925
0.0 0.0 0.008333333333333333 0.3333333333333333
0.008333333333333333 1.9833333333333334 0.0 0.0
0.0 0.0 0.008333333333333333 0.3333333333333333
0.016666666666666666 0.6666666666666666 0.008333333333333333 0.3333333333333333
2.2 824.6 3.683333333333333 2974.2083333333335
0.14166666666666666 53.333333333333336 0.15 127.28333333333333
0.19166666666666668 61.425 0.23333333333333334 156.88333333333333
0.16666666666666666 24.141666666666666 0.13333333333333333 63.775
0.06666666666666667 26.575 0.08333333333333333 76.025
1.6333333333333333 198.53333333333333 8.308333333333334 9946.625
88.48333333333333 6306.975 664.5833333333334 846372.8833333333
0.21666666666666667 51.083333333333336 0.24166666666666667 67.35
0.4 63.11666666666667 0.375 135.36666666666667
0.23333333333333334 49.25 0.4 418.4166666666667
0.125 37.49166666666667 0.11666666666666667 68.93333333333334
1.375 276.95 1.1333333333333333 437.7583333333333
0.25 49.59166666666667 0.3 121.21666666666667
1.0083333333333333 159.05 0.9416666666666667 311.85833333333335
0.008333333333333333 0.3333333333333333 0.025 1.7916666666666667
0.24166666666666667 70.81666666666666 0.26666666666666666 190.11666666666667
0.425 170.03333333333333 0.4 173.65
0.18333333333333332 40.208333333333336 0.25 136.43333333333334
0.08333333333333333 32.9 0.075 10.508333333333333
0.008333333333333333 0.3333333333333333 0.025 1.7916666666666667
0.275 101.625 0.3 149.9
0.15 63.93333333333333 0.14166666666666666 67.45833333333333
0.016666666666666666 0.6833333333333333 0.016666666666666666 0.8666666666666667
0.3333333333333333 57.65833333333333 0.35 222.99166666666667
0.125 26.641666666666666 0.1 61.65
0.09166666666666666 14.616666666666667 0.1 30.141666666666666
1.7833333333333334 879.65 1.85 845.85
0.39166666666666666 25.075 0.4166666666666667 144.68333333333334
0.175 13.983333333333333 0.2 72.45833333333333
0.13333333333333333 18.025 0.175 55.958333333333336
0.39166666666666666 150.86666666666667 0.4083333333333333 111.51666666666667
0.475 29.358333333333334 0.9166666666666666 1191.0666666666666
0.75 125.26666666666667 1.0583333333333333 563.625
1.1083333333333334 466.59166666666664 1.175 358.7583333333333
0.4 84.69166666666666 0.38333333333333336 233.58333333333334
0.24166666666666667 40.90833333333333 0.31666666666666665 40.575
0.65 167.89166666666668 0.625 364.10833333333335
0.075 14.766666666666667 0.09166666666666666 54.733333333333334
0.30833333333333335 57.541666666666664 0.4 423.725
0.6583333333333333 66.275 2.0166666666666666 2488.9583333333335
0.5416666666666666 136.59166666666667 0.475 209.225
1.4333333333333333 352.1666666666667 1.7583333333333333 1188.725
0.24166666666666667 22.008333333333333 0.275 293.05833333333334
0.5583333333333333 85.275 0.8416666666666667 868.0916666666667
0.10833333333333334 29.633333333333333 0.13333333333333333 97.39166666666667
0.21666666666666667 34.358333333333334 0.25 152.26666666666668
0.8 242.4 0.8416666666666667 288.78333333333336
0.23333333333333334 40.275 0.2833333333333333 39.041666666666664
0.26666666666666666 98.48333333333333 0.23333333333333334 136.08333333333334
0.0 0.0 0.0 0.0

0.3 137.53333333333333 0.26666666666666666 136.875
7.05 1636.4666666666667 7.65 1398.6833333333334
2.433333333333333 523.5166666666667 2.575 137.96666666666667
2.591666666666667 147.05 2.6166666666666667 147.95
1.7333333333333334 160.075 1.6166666666666667 242.55
0.16666666666666666 9.25 0.25 13.166666666666666
1.2166666666666666 78.425 1.125 173.04166666666666
0.11666666666666667 4.991666666666666 0.125 6.5
1.0916666666666666 56.725 1.4916666666666667 160.96666666666667
0.0 0.0 0.0 0.0
0.075 3.7 0.0 0.0
0.0 0.0 0.0 0.0
0.0 0.0 0.0 0.0
0.0 0.0 0.0 0.0
0.0 0.0 0.0 0.0
0.0 0.0 0.0 0.0
0.475 190.75833333333333 0.0 0.0
0.15833333333333333 57.766666666666666 0.175 135.45
0.4083333333333333 30.25 0.4166666666666667 32.766666666666666
0.30833333333333335 131.45833333333334 0.21666666666666667 100.475
1.2333333333333334 66.86666666666666 1.0416666666666667 112.20833333333333
0.0 0.0 0.0 0.0
0.3333333333333333 90.56666666666666 0.38333333333333336 102.56666666666666
0.725 136.30833333333334 0.8583333333333333 463.55
0.825 394.3 1.0166666666666666 662.775
0.0 0.0 0.0 0.0
0.525 88.61666666666666 0.95 1009.3083333333333
0.19166666666666668 24.616666666666667 0.19166666666666668 129.99166666666667
0.0 0.0 0.0 0.0
0.0 0.0 0.0 0.0
0.0 0.0 0.0 0.0
0.0 0.0 0.0 0.0
0.0 0.0 0.0 0.0
0.041666666666666664 1.3333333333333333 0.0 0.0
0.0 0.0 0.0 0.0
0.0 0.0 0.0 0.0
0.008333333333333333 1.9083333333333334 0.0 0.0
0.0 0.0 0.0 0.0
0.0 0.0 0.0 0.0
2.2 824.6 3.683333333333333 2974.2083333333335
0.14166666666666666 53.333333333333336 0.15 127.28333333333333
0.19166666666666668 61.425 0.23333333333333334 156.88333333333333
0.16666666666666666 24.141666666666666 0.13333333333333333 63.775
0.06666666666666667 26.575 0.08333333333333333 76.025
1.6333333333333333 198.53333333333333 8.308333333333334 9946.625
113.0 8077.025 831.675 1059318.7083333333
0.21666666666666667 51.083333333333336 0.24166666666666667 67.35
0.4 63.11666666666667 0.375 135.36666666666667
0.23333333333333334 49.25 0.4 418.4166666666667
0.125 37.49166666666667 0.11666666666666667 68.93333333333334
1.5666666666666667 316.475 1.2916666666666667 504.4
0.25 49.59166666666667 0.3 121.21666666666667
1.0083333333333333 159.05 0.9416666666666667 311.85833333333335
0.008333333333333333 0.3333333333333333 0.025 1.7916666666666667
0.24166666666666667 70.81666666666666 0.26666666666666666 190.11666666666667
0.425 170.03333333333333 0.4 173.65
0.18333333333333332 40.208333333333336 0.25 136.43333333333334
0.08333333333333333 32.9 0.075 10.508333333333333
0.008333333333333333 0.3333333333333333 0.025 1.7916666666666667
0.275 101.625 0.3 149.9
0.15 63.93333333333333 0.14166666666666666 67.45833333333333
0.025 1.025 0.025 1.3
0.3333333333333333 57.65833333333333 0.35 222.99166666666667
0.125 26.641666666666666 0.1 61.65
0.2916666666666667 44.55 0.25 88.01666666666667
1.8583333333333334 884.9833333333333 1.925 851.525
0.39166666666666666 25.075 0.4166666666666667 144.68333333333334
0.175 13.983333333333333 0.2 72.45833333333333
0.13333333333333333 18.025 0.175 55.958333333333336
0.39166666666666666 150.86666666666667 0.4083333333333333 111.51666666666667
0.475 29.358333333333334 0.9166666666666666 1191.0666666666666
0.75 125.26666666666667 1.0583333333333333 563.625
1.1083333333333334 466.59166666666664 1.175 358.7583333333333
0.4 84.69166666666666 0.38333333333333336 233.58333333333334
0.24166666666666667 40.90833333333333 0.31666666666666665 40.575
0.65 167.89166666666668 0.625 364.10833333333335
0.075 14.766666666666667 0.09166666666666666 54.733333333333334
0.30833333333333335 57.541666666666664 0.4 423.725
0.6583333333333333 66.275 2.0166666666666666 2488.9583333333335
0.5416666666666666 136.59166666666667 0.475 209.225
1.4333333333333333 352.1666666666667 1.7583333333333333 1188.725
0.24166666666666667 22.008333333333333 0.275 293.05833333333334
0.5583333333333333 85.275 0.8416666666666667 868.0916666666667
2.191666666666667 214.20833333333334 14.666666666666666 18508.925
0.21666666666666667 34.358333333333334 0.25 152.26666666666668
1.275 307.2583333333333 1.3166666666666667 342.03333333333336
0.23333333333333334 40.275 0.2833333333333333 39.041666666666664
0.3333333333333333 141.7 0.2833333333333333 139.00833333333333
0.25833333333333336 86.05 0.25833333333333336 137.80833333333334

