8.5 3207.5 8.5 1382.5 0 0 0 0
50.0 3413.5 371.0 457239.5 0 0 0 0
6.0 1387.0 8.5 465.5 0 0 0 0
6.5 371.0 7.5 533.5 0 0 0 0
3.5 235.5 3.5 242.0 0 0 0 0
0.5 20.5 0.5 26.0 1.0 1.0 1.0 1.0
0.0 0.0 0.0 0.0 2.0 2.0 2.0 2.0
0.0 0.0 0.0 0.0 2.0 2.0 2.0 2.0
0.0 0.0 0.0 0.0 2.0 2.0 2.0 2.0
0.0 0.0 0.0 0.0 2.0 2.0 2.0 2.0
0.0 0.0 0.0 0.0 2.0 2.0 2.0 2.0
0.0 0.0 0.0 0.0 2.0 2.0 2.0 2.0
0.0 0.0 0.0 0.0 2.0 2.0 2.0 2.0
0.0 0.0 0.0 0.0 2.0 2.0 2.0 2.0
0.0 0.0 0.0 0.0 2.0 2.0 2.0 2.0
0.0 0.0 0.0 0.0 2.0 2.0 2.0 2.0
0.0 0.0 0.0 0.0 2.0 2.0 2.0 2.0
0.0 0.0 0.0 0.0 2.0 2.0 2.0 2.0
0.0 0.0 0.0 0.0 2.0 2.0 2.0 2.0
0.0 0.0 0.0 0.0 2.0 2.0 2.0 2.0
0.0 0.0 0.0 0.0 2.0 2.0 2.0 2.0
0.0 0.0 0.0 0.0 2.0 2.0 2.0 2.0
0.0 0.0 0.0 0.0 2.0 2.0 2.0 2.0
0.0 0.0 0.0 0.0 2.0 2.0 2.0 2.0
0.0 0.0 0.0 0.0 2.0 2.0 2.0 2.0
0.0 0.0 0.0 0.0 2.0 2.0 2.0 2.0
0.0 0.0 0.0 0.0 2.0 2.0 2.0 2.0
0.0 0.0 0.0 0.0 2.0 2.0 2.0 2.0
0.0 0.0 0.0 0.0 2.0 2.0 2.0 2.0
0.0 0.0 0.0 0.0 2.0 2.0 2.0 2.0
0.0 0.0 0.0 0.0 2.0 2.0 2.0 2.0
0.0 0.0 0.0 0.0 2.0 2.0 2.0 2.0
0.0 0.0 0.0 0.0 2.0 2.0 2.0 2.0
0.0 0.0 0.0 0.0 2.0 2.0 2.0 2.0
0.0 0.0 0.0 0.0 2.0 2.0 2.0 2.0
0.0 0.0 0.0 0.0 2.0 2.0 2.0 2.0
0.0 0.0 0.0 0.0 2.0 2.0 2.0 2.0
0.0 0.0 0.0 0.0 2.0 2.0 2.0 2.0
0.0 0.0 0.0 0.0 2.0 2.0 2.0 2.0
0.0 0.0 0.0 0.0 2.0 2.0 2.0 2.0
0.0 0.0 0.0 0.0 2.0 2.0 2.0 2.0
0.0 0.0 0.0 0.0 2.0 2.0 2.0 2.0
0.0 0.0 0.0 0.0 2.0 2.0 2.0 2.0
0.0 0.0 0.0 0.0 2.0 2.0 2.0 2.0
0.0 0.0 0.0 0.0 2.0 2.0 2.0 2.0
0.0 0.0 0.0 0.0 2.0 2.0 2.0 2.0
0.0 0.0 0.0 0.0 2.0 2.0 2.0 2.0
0.0 0.0 0.0 0.0 2.0 2.0 2.0 2.0
0.0 0.0 0.0 0.0 2.0 2.0 2.0 2.0

