14 2091 0 0 0 0 2 2
14 3897 16 3820 1 1 1 1
33 3307 39 5278 1 1 1 1
12 4326 6 268 0 0 0 0
5 3420 0 0 0 0 2 2
2 126 2 110 0 0 0 0
4 248 4 570 1 1 1 1
7 2306 6 548 1 1 1 1
4 990 4 250 1 1 1 1
5 306 5 364 1 1 1 1
2 104 3 585 1 1 1 1
2 109 2 105 1 1 1 1
0 0 0 0 2 2 2 2
0 0 0 0 2 2 2 2
0 0 0 0 2 2 2 2
0 0 0 0 2 2 2 2
0 0 0 0 2 2 2 2
0 0 0 0 2 2 2 2
0 0 0 0 2 2 2 2
0 0 0 0 2 2 2 2
0 0 0 0 2 2 2 2
0 0 0 0 2 2 2 2
0 0 0 0 2 2 2 2
0 0 0 0 2 2 2 2
0 0 0 0 2 2 2 2
0 0 0 0 2 2 2 2
0 0 0 0 2 2 2 2
0 0 0 0 2 2 2 2
0 0 0 0 2 2 2 2
0 0 0 0 2 2 2 2
0 0 0 0 2 2 2 2
0 0 0 0 2 2 2 2
0 0 0 0 2 2 2 2
0 0 0 0 2 2 2 2

8 1267 0 0 1 1 2 2
16 4065 19 3967 1 1 1 1
19 4768 23 9850 1 1 1 1
17 8624 12 1582 0 0 0 0
6 4104 0 0 0 0 2 2
1 63 1 55 1 1 1 1
2 124 2 287 1 1 1 1
22 6862 19 1696 1 1 1 1
4 990 4 250 1 1 1 1
5 306 5 364 1 1 1 1
3 144 4 810 0 0 0 0
2 109 2 105 1 1 1 1
1 63 1 62 1 1 1 1
52 4144 400 508072 1 1 1 1
0 0 0 0 2 2 2 2
0 0 0 0 2 2 2 2
0 0 0 0 2 2 2 2
0 0 0 0 2 2 2 2
0 0 0 0 2 2 2 2
0 0 0 0 2 2 2 2
0 0 0 0 2 2 2 2
0 0 0 0 2 2 2 2
0 0 0 0 2 2 2 2
0 0 0 0 2 2 2 2
0 0 0 0 2 2 2 2
0 0 0 0 2 2 2 2
0 0 0 0 2 2 2 2
0 0 0 0 2 2 2 2
0 0 0 0 2 2 2 2
0 0 0 0 2 2 2 2
0 0 0 0 2 2 2 2
0 0 0 0 2 2 2 2
0 0 0 0 2 2 2 2
0 0 0 0 2 2 2 2

0 0 0 0 2 2 2 2
16 4065 19 3967 1 1 1 1
22 4889 25 9930 0 0 0 0
15 8524 13 2350 0 0 0 0
4 2736 0 0 0 0 2 2
0 0 0 0 2 2 2 2
6 421 4 611 0 0 0 0
30 9224 25 2244 0 0 0 0
0 0 0 0 2 2 2 2
0 0 0 0 2 2 2 2
1 40 1 225 1 1 1 1
6 5833 5 276 1 1 1 1
1 63 1 62 1 1 1 1
52 4144 400 508072 1 1 1 1
153 12476 611 775298 1 1 1 1
0 0 0 0 2 2 2 2
0 0 0 0 2 2 2 2
0 0 0 0 2 2 2 2
0 0 0 0 2 2 2 2
0 0 0 0 2 2 2 2
0 0 0 0 2 2 2 2
0 0 0 0 2 2 2 2
0 0 0 0 2 2 2 2
0 0 0 0 2 2 2 2
0 0 0 0 2 2 2 2
0 0 0 0 2 2 2 2
0 0 0 0 2 2 2 2
0 0 0 0 2 2 2 2
0 0 0 0 2 2 2 2
0 0 0 0 2 2 2 2
0 0 0 0 2 2 2 2
0 0 0 0 2 2 2 2
0 0 0 0 2 2 2 2
0 0 0 0 2 2 2 2

0 0 0 0 2 2 2 2
2 112 2 108 1 1 1 1
18 1680 21 9480 0 0 0 0
13 9997 8 1418 0 0 0 0
1 684 0 0 1 1 2 2
9 570 9 519 1 1 1 1
6 447 4 563 0 0 0 0
26 7742 21 1788 0 0 0 0
0 0 0 0 2 2 2 2
8 5105 7 2418 1 1 1 1
1 94 1 40 1 1 1 1
6 5833 5 276 1 1 1 1
3 270 1 71 1 1 1 1
0 0 0 0 2 2 2 2
202 18216 791 998972 0 0 0 0
4 278 2 493 1 1 1 1
10 732 10 798 1 1 1 1
2 149 2 151 1 1 1 1
0 0 0 0 2 2 2 2
0 0 0 0 2 2 2 2
0 0 0 0 2 2 2 2
0 0 0 0 2 2 2 2
0 0 0 0 2 2 2 2
0 0 0 0 2 2 2 2
0 0 0 0 2 2 2 2
0 0 0 0 2 2 2 2
0 0 0 0 2 2 2 2
0 0 0 0 2 2 2 2
0 0 0 0 2 2 2 2
0 0 0 0 2 2 2 2
0 0 0 0 2 2 2 2
0 0 0 0 2 2 2 2
0 0 0 0 2 2 2 2
0 0 0 0 2 2 2 2

0 0 0 0 2 2 2 2
2 112 2 108 1 1 1 1
17 1707 20 9440 0 0 0 0
17 17027 11 1172 0 0 0 0
0 0 0 0 2 2 2 2
12 759 11 630 0 0 0 0
2 150 2 239 1 1 1 1
26 10280 22 1828 0 0 0 0
4 1273 5 301 1 1 1 1
17 9795 16 7169 0 0 0 0
2 134 2 120 0 0 0 0
2 109 2 105 1 1 1 1
3 270 1 71 1 1 1 1
0 0 0 0 2 2 2 2
49 5740 180 223674 1 1 1 1
4 278 2 493 1 1 1 1
10 732 10 798 1 1 1 1
2 149 2 151 1 1 1 1
0 0 0 0 2 2 2 2
0 0 0 0 2 2 2 2
0 0 0 0 2 2 2 2
0 0 0 0 2 2 2 2
0 0 0 0 2 2 2 2
0 0 0 0 2 2 2 2
0 0 0 0 2 2 2 2
0 0 0 0 2 2 2 2
0 0 0 0 2 2 2 2
0 0 0 0 2 2 2 2
0 0 0 0 2 2 2 2
0 0 0 0 2 2 2 2
0 0 0 0 2 2 2 2
0 0 0 0 2 2 2 2
0 0 0 0 2 2 2 2
0 0 0 0 2 2 2 2

0 0 0 0 2 2 2 2
6 392 0 0 1 1 2 2
5 440 3 192 0 0 0 0
17 15103 15 1698 0 0 0 0
0 0 0 0 2 2 2 2
3 189 2 111 1 1 1 1
1 81 1 209 1 1 1 1
24 11120 20 1736 0 0 0 0
4 1273 5 301 1 1 1 1
9 4690 9 4751 1 1 1 1
2 80 2 570 0 0 0 0
2 109 2 105 1 1 1 1
0 0 0 0 2 2 2 2
0 0 0 0 2 2 2 2
0 0 0 0 2 2 2 2
0 0 0 0 2 2 2 2
0 0 0 0 2 2 2 2
0 0 0 0 2 2 2 2
12 5607 10 7185 1 1 1 1
2 142 0 0 1 1 2 2
1 41 0 0 1 1 2 2
0 0 0 0 2 2 2 2
0 0 0 0 2 2 2 2
0 0 0 0 2 2 2 2
0 0 0 0 2 2 2 2
0 0 0 0 2 2 2 2
0 0 0 0 2 2 2 2
0 0 0 0 2 2 2 2
0 0 0 0 2 2 2 2
0 0 0 0 2 2 2 2
0 0 0 0 2 2 2 2
0 0 0 0 2 2 2 2
0 0 0 0 2 2 2 2
0 0 0 0 2 2 2 2

0 0 0 0 2 2 2 2
21 4352 21 4038 0 0 1 1
25 11204 26 2728 0 0 0 0
11 5982 11 2270 0 0 0 0
0 0 0 0 2 2 2 2
1 63 1 57 1 1 1 1
1 81 1 209 1 1 1 1
16 6220 13 1148 1 1 1 1
0 0 0 0 2 2 2 2
0 0 0 0 2 2 2 2
1 40 1 490 1 1 1 1
2 109 2 105 1 1 1 1
0 0 0 0 2 2 2 2
0 0 0 0 2 2 2 2
0 0 0 0 2 2 2 2
0 0 0 0 2 2 2 2
0 0 0 0 2 2 2 2
0 0 0 0 2 2 2 2
12 5607 10 7185 1 1 1 1
2 142 0 0 1 1 2 2
1 41 1 52 1 1 1 1
0 0 0 0 2 2 2 2
0 0 0 0 2 2 2 2
0 0 0 0 2 2 2 2
0 0 0 0 2 2 2 2
0 0 0 0 2 2 2 2
0 0 0 0 2 2 2 2
0 0 0 0 2 2 2 2
0 0 0 0 2 2 2 2
0 0 0 0 2 2 2 2
0 0 0 0 2 2 2 2
0 0 0 0 2 2 2 2
0 0 0 0 2 2 2 2
0 0 0 0 2 2 2 2

0 0 0 0 2 2 2 2
15 3960 21 4038 1 1 1 1
23 11019 25 2616 0 0 0 0
2 80 3 1218 1 1 1 1
0 0 0 0 2 2 2 2
1 63 1 57 1 1 1 1
4 314 4 768 1 1 1 1
0 0 0 0 2 2 2 2
0 0 0 0 2 2 2 2
2 150 2 121 1 1 1 1
1 40 1 98 1 1 1 1
2 109 2 105 1 1 1 1
0 0 0 0 2 2 2 2
110 10696 406 509912 1 1 1 1
0 0 0 0 2 2 2 2
0 0 0 0 2 2 2 2
0 0 0 0 2 2 2 2
0 0 0 0 2 2 2 2
0 0 0 0 2 2 2 2
0 0 0 0 2 2 2 2
0 0 1 52 2 2 1 1
1 41 1 52 1 1 1 1
16 4371 22 6174 1 1 1 1
0 0 0 0 2 2 2 2
0 0 0 0 2 2 2 2
0 0 0 0 2 2 2 2
0 0 0 0 2 2 2 2
0 0 0 0 2 2 2 2
0 0 0 0 2 2 2 2
0 0 0 0 2 2 2 2
0 0 0 0 2 2 2 2
0 0 0 0 2 2 2 2
0 0 0 0 2 2 2 2
0 0 0 0 2 2 2 2

0 0 0 0 2 2 2 2
2 112 2 108 1 1 1 1
3 257 3 192 0 0 0 0
0 0 0 0 2 2 2 2
0 0 0 0 2 2 2 2
1 63 1 57 1 1 1 1
4 314 4 768 1 1 1 1
0 0 0 0 2 2 2 2
3 931 4 252 1 1 1 1
9 4469 9 1309 0 0 0 0
2 80 2 232 0 0 0 0
2 109 2 105 1 1 1 1
0 0 0 0 2 2 2 2
110 10696 406 509912 1 1 1 1
0 0 0 0 2 2 2 2
0 0 0 0 2 2 2 2
0 0 0 0 2 2 2 2
0 0 0 0 2 2 2 2
0 0 0 0 2 2 2 2
0 0 0 0 2 2 2 2
0 0 0 0 2 2 2 2
1 41 1 52 1 1 1 1
18 4451 24 6278 0 0 0 0
0 0 0 0 2 2 2 2
0 0 0 0 2 2 2 2
0 0 0 0 2 2 2 2
0 0 0 0 2 2 2 2
0 0 0 0 2 2 2 2
0 0 0 0 2 2 2 2
0 0 0 0 2 2 2 2
0 0 0 0 2 2 2 2
0 0 0 0 2 2 2 2
0 0 0 0 2 2 2 2
0 0 0 0 2 2 2 2

0 0 0 0 2 2 2 2
2 112 2 108 1 1 1 1
10 811 9 575 0 0 0 0
0 0 0 0 2 2 2 2
0 0 0 0 2 2 2 2
12 763 10 2035 0 0 0 0
1 69 1 219 1 1 1 1
0 0 0 0 2 2 2 2
3 931 4 252 1 1 1 1
7 4319 7 1188 1 1 1 1
5 212 7 664 0 0 0 0
2 109 2 105 1 1 1 1
0 0 0 0 2 2 2 2
0 0 0 0 2 2 2 2
0 0 0 0 2 2 2 2
0 0 0 0 2 2 2 2
0 0 0 0 2 2 2 2
0 0 0 0 2 2 2 2
0 0 0 0 2 2 2 2
0 0 0 0 2 2 2 2
0 0 0 0 2 2 2 2
0 0 0 0 2 2 2 2
2 80 2 104 1 1 1 1
6 418 4 359 1 1 1 1
0 0 0 0 2 2 2 2
0 0 0 0 2 2 2 2
0 0 0 0 2 2 2 2
0 0 0 0 2 2 2 2
0 0 0 0 2 2 2 2
0 0 0 0 2 2 2 2
0 0 0 0 2 2 2 2
0 0 0 0 2 2 2 2
0 0 0 0 2 2 2 2
0 0 0 0 2 2 2 2

0 0 0 0 2 2 2 2
4 248 4 244 1 1 1 1
25 6840 20 2280 0 0 0 0
0 0 0 0 2 2 2 2
0 0 0 0 2 2 2 2
15 952 12 2159 0 0 0 0
1 69 1 219 1 1 1 1
0 0 0 0 2 2 2 2
0 0 0 0 2 2 2 2
0 0 0 0 2 2 2 2
7 316 9 831 0 0 0 0
0 0 0 0 2 2 2 2
0 0 0 0 2 2 2 2
0 0 0 0 2 2 2 2
215 19861 785 992284 1 1 1 1
0 0 0 0 2 2 2 2
0 0 0 0 2 2 2 2
4 367 2 151 1 1 1 1
0 0 0 0 2 2 2 2
0 0 0 0 2 2 2 2
0 0 0 0 2 2 2 2
3 207 3 169 1 1 1 1
0 0 0 0 2 2 2 2
12 824 10 798 0 0 0 0
0 0 0 0 2 2 2 2
0 0 0 0 2 2 2 2
0 0 0 0 2 2 2 2
0 0 0 0 2 2 2 2
0 0 0 0 2 2 2 2
0 0 0 0 2 2 2 2
0 0 0 0 2 2 2 2
0 0 0 0 2 2 2 2
0 0 0 0 2 2 2 2
0 0 0 0 2 2 2 2

0 0 0 0 2 2 2 2
4 248 4 244 1 1 1 1
22 6687 17 2101 0 0 0 0
0 0 0 0 2 2 2 2
0 0 0 0 2 2 2 2
12 854 8 888 0 0 0 0
5 295 5 927 1 1 1 1
0 0 0 0 2 2 2 2
0 0 0 0 2 2 2 2
11 3452 10 5177 1 1 1 1
4 196 4 483 0 0 0 0
3 178 2 105 1 1 1 1
0 0 0 0 2 2 2 2
0 0 0 0 2 2 2 2
239 22689 870 1096398 0 0 0 0
0 0 0 0 2 2 2 2
0 0 0 0 2 2 2 2
4 367 2 151 1 1 1 1
0 0 0 0 2 2 2 2
0 0 0 0 2 2 2 2
0 0 0 0 2 2 2 2
3 207 3 169 1 1 1 1
0 0 0 0 2 2 2 2
6 406 6 439 1 1 1 1
5 1136 5 1579 1 1 1 1
44 8735 47 26679 1 1 1 1
0 0 0 0 2 2 2 2
0 0 0 0 2 2 2 2
0 0 0 0 2 2 2 2
0 0 0 0 2 2 2 2
0 0 0 0 2 2 2 2
0 0 0 0 2 2 2 2
0 0 0 0 2 2 2 2
0 0 0 0 2 2 2 2

1 238 0 0 1 1 2 2
2 112 2 108 1 1 1 1
8 763 7 364 0 0 0 0
0 0 0 0 2 2 2 2
0 0 0 0 2 2 2 2
8 602 5 707 1 1 1 1
9 579 9 1786 0 0 0 0
0 0 0 0 2 2 2 2
5 4326 0 0 1 1 2 2
26 11430 29 11641 0 0 0 0
3 186 3 295 0 0 0 0
3 178 2 105 1 1 1 1
0 0 0 0 2 2 2 2
0 0 0 0 2 2 2 2
24 2828 85 104114 1 1 1 1
0 0 0 0 2 2 2 2
0 0 0 0 2 2 2 2
0 0 0 0 2 2 2 2
0 0 0 0 2 2 2 2
0 0 0 0 2 2 2 2
0 0 0 0 2 2 2 2
0 0 0 0 2 2 2 2
0 0 0 0 2 2 2 2
0 0 0 0 2 2 2 2
7 1216 6 1619 0 0 0 0
124 22991 172 100841 0 0 0 0
19 5982 22 18901 1 1 1 1
15 2831 16 12987 1 1 1 1
0 0 0 0 2 2 2 2
0 0 0 0 2 2 2 2
0 0 0 0 2 2 2 2
0 0 0 0 2 2 2 2
0 0 0 0 2 2 2 2
0 0 0 0 2 2 2 2

1 238 0 0 1 1 2 2
12 3805 12 3460 0 0 0 0
8 725 7 363 0 0 0 0
0 0 0 0 2 2 2 2
0 0 0 0 2 2 2 2
0 0 0 0 2 2 2 2
8 578 6 1169 0 0 0 0
0 0 0 0 2 2 2 2
13 8852 16 4635 0 0 1 1
15 7978 19 6464 1 1 1 1
4 214 5 442 0 0 0 0
2 109 2 105 1 1 1 1
0 0 0 0 2 2 2 2
102 10157 401 504111 1 1 1 1
0 0 0 0 2 2 2 2
2 156 2 469 1 1 1 1
0 0 0 0 2 2 2 2
0 0 0 0 2 2 2 2
0 0 0 0 2 2 2 2
0 0 0 0 2 2 2 2
0 0 0 0 2 2 2 2
0 0 0 0 2 2 2 2
0 0 0 0 2 2 2 2
0 0 0 0 2 2 2 2
2 80 1 40 1 1 1 1
84 14416 127 74242 0 0 0 0
23 6142 24 18993 0 0 0 0
19 2991 20 13147 0 0 0 0
13 3119 11 7360 1 1 1 1
0 0 0 0 2 2 2 2
0 0 0 0 2 2 2 2
0 0 0 0 2 2 2 2
0 0 0 0 2 2 2 2
0 0 0 0 2 2 2 2

0 0 0 0 2 2 2 2
18 4532 20 4426 0 0 0 0
8 661 7 435 0 0 0 0
0 0 0 0 2 2 2 2
0 0 0 0 2 2 2 2
3 189 3 168 1 1 1 1
4 294 2 310 1 1 1 1
0 0 0 0 2 2 2 2
8 4526 16 4635 1 1 1 1
10 6101 11 4293 1 1 1 1
3 120 4 417 0 0 0 0
6 2701 7 381 0 0 0 0
0 0 0 0 2 2 2 2
102 10157 401 504111 1 1 1 1
0 0 0 0 2 2 2 2
2 156 2 469 1 1 1 1
0 0 0 0 2 2 2 2
0 0 0 0 2 2 2 2
0 0 0 0 2 2 2 2
0 0 0 0 2 2 2 2
0 0 0 0 2 2 2 2
0 0 0 0 2 2 2 2
0 0 0 0 2 2 2 2
0 0 0 0 2 2 2 2
5 1136 6 1648 1 1 1 1
4 160 2 80 1 1 1 1
4 160 2 92 1 1 1 1
4 160 4 160 1 1 1 1
13 3119 11 7360 1 1 1 1
0 0 0 0 2 2 2 2
0 0 0 0 2 2 2 2
0 0 0 0 2 2 2 2
0 0 0 0 2 2 2 2
0 0 0 0 2 2 2 2

0 0 0 0 2 2 2 2
9 879 11 1248 0 0 0 0
9 4276 9 1015 0 0 0 0
1 40 0 0 1 1 2 2
0 0 0 0 2 2 2 2
10 630 10 560 0 0 0 0
0 0 0 0 2 2 2 2
0 0 0 0 2 2 2 2
0 0 0 0 2 2 2 2
11 6176 13 4414 0 0 0 0
1 40 1 88 1 1 1 1
4 2592 5 276 1 1 1 1
0 0 0 0 2 2 2 2
0 0 0 0 2 2 2 2
0 0 0 0 2 2 2 2
0 0 0 0 2 2 2 2
0 0 0 0 2 2 2 2
0 0 0 0 2 2 2 2
0 0 0 0 2 2 2 2
0 0 0 0 2 2 2 2
1 41 1 52 1 1 1 1
0 0 0 0 2 2 2 2
0 0 0 0 2 2 2 2
0 0 0 0 2 2 2 2
7 1216 7 1688 0 0 0 0
0 0 0 0 2 2 2 2
0 0 0 0 2 2 2 2
0 0 0 0 2 2 2 2
2 80 1 40 1 1 1 1
0 0 0 0 2 2 2 2
0 0 0 0 2 2 2 2
0 0 0 0 2 2 2 2
0 0 0 0 2 2 2 2
0 0 0 0 2 2 2 2

0 0 0 0 2 2 2 2
3 152 3 282 0 0 0 0
10 4402 11 1183 0 0 0 0
1 40 0 0 1 1 2 2
0 0 0 0 2 2 2 2
8 504 8 448 0 0 0 0
0 0 0 0 2 2 2 2
0 0 0 0 2 2 2 2
0 0 0 0 2 2 2 2
3 225 4 242 0 0 0 0
0 0 0 0 2 2 2 2
2 109 2 105 1 1 1 1
0 0 0 0 2 2 2 2
0 0 0 0 2 2 2 2
0 0 0 0 2 2 2 2
0 0 0 0 2 2 2 2
0 0 0 0 2 2 2 2
2 149 2 151 1 1 1 1
0 0 0 0 2 2 2 2
0 0 0 0 2 2 2 2
1 41 1 52 1 1 1 1
0 0 0 0 2 2 2 2
0 0 0 0 2 2 2 2
0 0 0 0 2 2 2 2
2 80 1 40 1 1 1 1
0 0 0 0 2 2 2 2
0 0 0 0 2 2 2 2
0 0 0 0 2 2 2 2
2 80 1 40 1 1 1 1
0 0 0 0 2 2 2 2
0 0 0 0 2 2 2 2
0 0 0 0 2 2 2 2
0 0 0 0 2 2 2 2
0 0 0 0 2 2 2 2

0 0 0 0 2 2 2 2
4 224 4 216 0 0 0 0
32 6240 35 12510 0 0 0 0
0 0 0 0 2 2 2 2
0 0 0 0 2 2 2 2
5 319 5 303 0 0 0 0
6 392 6 831 1 1 1 1
0 0 0 0 2 2 2 2
8 2371 8 476 1 1 1 1
2 150 2 121 1 1 1 1
0 0 0 0 2 2 2 2
2 109 2 105 1 1 1 1
0 0 0 0 2 2 2 2
0 0 0 0 2 2 2 2
0 0 0 0 2 2 2 2
0 0 0 0 2 2 2 2
0 0 0 0 2 2 2 2
2 149 2 151 1 1 1 1
0 0 0 0 2 2 2 2
0 0 0 0 2 2 2 2
0 0 0 0 2 2 2 2
0 0 0 0 2 2 2 2
0 0 0 0 2 2 2 2
0 0 0 0 2 2 2 2
0 0 0 0 2 2 2 2
0 0 0 0 2 2 2 2
0 0 0 0 2 2 2 2
0 0 0 0 2 2 2 2
0 0 0 0 2 2 2 2
21 6982 23 17583 1 1 1 1
9 2417 7 3956 1 1 1 1
0 0 0 0 2 2 2 2
0 0 0 0 2 2 2 2
0 0 0 0 2 2 2 2

0 0 0 0 2 2 2 2
2 112 2 108 1 1 1 1
43 7235 49 17694 0 0 0 0
0 0 0 0 2 2 2 2
1 32 0 0 1 1 2 2
15 949 12 703 0 0 0 0
10 666 9 1305 0 0 0 0
0 0 0 0 2 2 2 2
9 3555 8 476 0 0 1 1
0 0 0 0 2 2 2 2
0 0 0 0 2 2 2 2
0 0 0 0 2 2 2 2
0 0 0 0 2 2 2 2
0 0 0 0 2 2 2 2
49 8656 110 149782 1 1 1 1
0 0 0 0 2 2 2 2
0 0 0 0 2 2 2 2
0 0 0 0 2 2 2 2
0 0 0 0 2 2 2 2
1 32 0 0 1 1 2 2
0 0 0 0 2 2 2 2
0 0 0 0 2 2 2 2
0 0 0 0 2 2 2 2
0 0 0 0 2 2 2 2
2 104 0 0 1 1 2 2
0 0 0 0 2 2 2 2
0 0 0 0 2 2 2 2
0 0 0 0 2 2 2 2
0 0 0 0 2 2 2 2
23 7062 24 17623 0 0 0 0
13 2577 10 4076 0 0 0 0
1 32 0 0 1 1 2 2
4 208 0 0 1 1 2 2
3 144 1 52 1 1 1 1

