6 824 0 0 0 0 2 2
0 0 0 0 1 1 1 1
0 0 0 0 1 1 1 1
6 2055 3 124 0 0 0 0
2 1368 0 0 0 0 2 2
1 63 1 55 0 0 0 0
0 0 0 0 1 1 1 1
0 0 0 0 1 1 1 1
0 0 0 0 1 1 1 1
0 0 0 0 1 1 1 1
0 0 0 0 1 1 1 1
0 0 0 0 1 1 1 1
0 0 0 0 2 2 2 2
0 0 0 0 2 2 2 2
0 0 0 0 2 2 2 2
0 0 0 0 2 2 2 2
0 0 0 0 2 2 2 2
0 0 0 0 2 2 2 2
0 0 0 0 2 2 2 2
0 0 0 0 2 2 2 2
0 0 0 0 2 2 2 2
0 0 0 0 2 2 2 2
0 0 0 0 2 2 2 2
0 0 0 0 2 2 2 2
0 0 0 0 2 2 2 2
0 0 0 0 2 2 2 2
0 0 0 0 2 2 2 2
0 0 0 0 2 2 2 2
0 0 0 0 2 2 2 2
0 0 0 0 2 2 2 2
0 0 0 0 2 2 2 2
0 0 0 0 2 2 2 2
0 0 0 0 2 2 2 2
0 0 0 0 2 2 2 2

0 0 0 0 1 1 2 2
0 0 0 0 1 1 1 1
0 0 0 0 1 1 1 1
6 2271 3 124 0 0 0 0
3 2052 0 0 0 0 2 2
0 0 0 0 1 1 1 1
0 0 0 0 1 1 1 1
0 0 0 0 1 1 1 1
0 0 0 0 1 1 1 1
0 0 0 0 1 1 1 1
1 40 1 225 0 0 0 0
0 0 0 0 1 1 1 1
0 0 0 0 1 1 1 1
0 0 0 0 1 1 1 1
0 0 0 0 2 2 2 2
0 0 0 0 2 2 2 2
0 0 0 0 2 2 2 2
0 0 0 0 2 2 2 2
0 0 0 0 2 2 2 2
0 0 0 0 2 2 2 2
0 0 0 0 2 2 2 2
0 0 0 0 2 2 2 2
0 0 0 0 2 2 2 2
0 0 0 0 2 2 2 2
0 0 0 0 2 2 2 2
0 0 0 0 2 2 2 2
0 0 0 0 2 2 2 2
0 0 0 0 2 2 2 2
0 0 0 0 2 2 2 2
0 0 0 0 2 2 2 2
0 0 0 0 2 2 2 2
0 0 0 0 2 2 2 2
0 0 0 0 2 2 2 2
0 0 0 0 2 2 2 2

0 0 0 0 2 2 2 2
0 0 0 0 1 1 1 1
3 121 2 80 0 0 0 0
4 2171 4 892 0 0 0 0
1 684 0 0 0 0 2 2
0 0 0 0 2 2 2 2
2 124 2 287 0 0 0 0
8 2362 6 548 0 0 0 0
0 0 0 0 2 2 2 2
0 0 0 0 2 2 2 2
0 0 0 0 1 1 1 1
0 0 0 0 1 1 1 1
0 0 0 0 1 1 1 1
0 0 0 0 1 1 1 1
0 0 0 0 1 1 1 1
0 0 0 0 2 2 2 2
0 0 0 0 2 2 2 2
0 0 0 0 2 2 2 2
0 0 0 0 2 2 2 2
0 0 0 0 2 2 2 2
0 0 0 0 2 2 2 2
0 0 0 0 2 2 2 2
0 0 0 0 2 2 2 2
0 0 0 0 2 2 2 2
0 0 0 0 2 2 2 2
0 0 0 0 2 2 2 2
0 0 0 0 2 2 2 2
0 0 0 0 2 2 2 2
0 0 0 0 2 2 2 2
0 0 0 0 2 2 2 2
0 0 0 0 2 2 2 2
0 0 0 0 2 2 2 2
0 0 0 0 2 2 2 2
0 0 0 0 2 2 2 2

0 0 0 0 2 2 2 2
0 0 0 0 1 1 1 1
3 121 2 80 0 0 0 0
4 2171 4 526 0 0 0 0
0 0 0 0 1 1 2 2
0 0 0 0 1 1 1 1
2 150 2 239 0 0 0 0
8 2362 6 548 0 0 0 0
0 0 0 0 2 2 2 2
0 0 0 0 1 1 1 1
0 0 0 0 1 1 1 1
0 0 0 0 1 1 1 1
0 0 0 0 1 1 1 1
0 0 0 0 2 2 2 2
49 5740 180 223674 0 0 0 0
0 0 0 0 1 1 1 1
0 0 0 0 1 1 1 1
0 0 0 0 1 1 1 1
0 0 0 0 2 2 2 2
0 0 0 0 2 2 2 2
0 0 0 0 2 2 2 2
0 0 0 0 2 2 2 2
0 0 0 0 2 2 2 2
0 0 0 0 2 2 2 2
0 0 0 0 2 2 2 2
0 0 0 0 2 2 2 2
0 0 0 0 2 2 2 2
0 0 0 0 2 2 2 2
0 0 0 0 2 2 2 2
0 0 0 0 2 2 2 2
0 0 0 0 2 2 2 2
0 0 0 0 2 2 2 2
0 0 0 0 2 2 2 2
0 0 0 0 2 2 2 2

0 0 0 0 2 2 2 2
0 0 0 0 1 1 1 1
2 148 1 40 0 0 0 0
8 7826 4 526 0 0 0 0
0 0 0 0 2 2 2 2
3 189 2 111 0 0 0 0
0 0 0 0 1 1 1 1
8 4900 7 588 0 0 0 0
0 0 0 0 1 1 1 1
8 4690 7 2418 0 0 0 0
1 40 1 40 0 0 0 0
0 0 0 0 1 1 1 1
0 0 0 0 1 1 1 1
0 0 0 0 2 2 2 2
0 0 0 0 1 1 1 1
0 0 0 0 1 1 1 1
0 0 0 0 1 1 1 1
0 0 0 0 1 1 1 1
0 0 0 0 2 2 2 2
0 0 0 0 2 2 2 2
0 0 0 0 2 2 2 2
0 0 0 0 2 2 2 2
0 0 0 0 2 2 2 2
0 0 0 0 2 2 2 2
0 0 0 0 2 2 2 2
0 0 0 0 2 2 2 2
0 0 0 0 2 2 2 2
0 0 0 0 2 2 2 2
0 0 0 0 2 2 2 2
0 0 0 0 2 2 2 2
0 0 0 0 2 2 2 2
0 0 0 0 2 2 2 2
0 0 0 0 2 2 2 2
0 0 0 0 2 2 2 2

0 0 0 0 2 2 2 2
0 0 0 0 1 1 2 2
2 148 1 40 0 0 0 0
8 5902 7 646 0 0 0 0
0 0 0 0 2 2 2 2
0 0 0 0 1 1 1 1
0 0 0 0 1 1 1 1
8 4900 7 588 0 0 0 0
0 0 0 0 1 1 1 1
0 0 0 0 1 1 1 1
1 40 1 80 0 0 0 0
0 0 0 0 1 1 1 1
0 0 0 0 2 2 2 2
0 0 0 0 2 2 2 2
0 0 0 0 2 2 2 2
0 0 0 0 2 2 2 2
0 0 0 0 2 2 2 2
0 0 0 0 2 2 2 2
0 0 0 0 1 1 1 1
0 0 0 0 1 1 2 2
0 0 0 0 1 1 2 2
0 0 0 0 2 2 2 2
0 0 0 0 2 2 2 2
0 0 0 0 2 2 2 2
0 0 0 0 2 2 2 2
0 0 0 0 2 2 2 2
0 0 0 0 2 2 2 2
0 0 0 0 2 2 2 2
0 0 0 0 2 2 2 2
0 0 0 0 2 2 2 2
0 0 0 0 2 2 2 2
0 0 0 0 2 2 2 2
0 0 0 0 2 2 2 2
0 0 0 0 2 2 2 2

0 0 0 0 2 2 2 2
6 392 0 0 0 0 1 1
3 292 2 152 0 0 0 0
2 80 3 1052 0 0 0 0
0 0 0 0 2 2 2 2
0 0 0 0 1 1 1 1
0 0 0 0 1 1 1 1
0 0 0 0 1 1 1 1
0 0 0 0 2 2 2 2
0 0 0 0 2 2 2 2
0 0 0 0 1 1 1 1
0 0 0 0 1 1 1 1
0 0 0 0 2 2 2 2
0 0 0 0 2 2 2 2
0 0 0 0 2 2 2 2
0 0 0 0 2 2 2 2
0 0 0 0 2 2 2 2
0 0 0 0 2 2 2 2
0 0 0 0 1 1 1 1
0 0 0 0 1 1 2 2
0 0 0 0 1 1 1 1
0 0 0 0 2 2 2 2
0 0 0 0 2 2 2 2
0 0 0 0 2 2 2 2
0 0 0 0 2 2 2 2
0 0 0 0 2 2 2 2
0 0 0 0 2 2 2 2
0 0 0 0 2 2 2 2
0 0 0 0 2 2 2 2
0 0 0 0 2 2 2 2
0 0 0 0 2 2 2 2
0 0 0 0 2 2 2 2
0 0 0 0 2 2 2 2
0 0 0 0 2 2 2 2

0 0 0 0 2 2 2 2
0 0 0 0 1 1 1 1
1 107 1 40 0 0 0 0
0 0 0 0 1 1 1 1
0 0 0 0 2 2 2 2
0 0 0 0 1 1 1 1
0 0 0 0 1 1 1 1
0 0 0 0 2 2 2 2
0 0 0 0 2 2 2 2
0 0 0 0 1 1 1 1
0 0 0 0 1 1 1 1
0 0 0 0 1 1 1 1
0 0 0 0 2 2 2 2
0 0 0 0 1 1 1 1
0 0 0 0 2 2 2 2
0 0 0 0 2 2 2 2
0 0 0 0 2 2 2 2
0 0 0 0 2 2 2 2
0 0 0 0 2 2 2 2
0 0 0 0 2 2 2 2
0 0 0 0 2 2 1 1
0 0 0 0 1 1 1 1
0 0 0 0 1 1 1 1
0 0 0 0 2 2 2 2
0 0 0 0 2 2 2 2
0 0 0 0 2 2 2 2
0 0 0 0 2 2 2 2
0 0 0 0 2 2 2 2
0 0 0 0 2 2 2 2
0 0 0 0 2 2 2 2
0 0 0 0 2 2 2 2
0 0 0 0 2 2 2 2
0 0 0 0 2 2 2 2
0 0 0 0 2 2 2 2

0 0 0 0 2 2 2 2
0 0 0 0 1 1 1 1
1 107 1 40 0 0 0 0
0 0 0 0 2 2 2 2
0 0 0 0 2 2 2 2
0 0 0 0 1 1 1 1
0 0 0 0 1 1 1 1
0 0 0 0 2 2 2 2
0 0 0 0 1 1 1 1
2 150 2 121 0 0 0 0
1 40 1 98 0 0 0 0
0 0 0 0 1 1 1 1
0 0 0 0 2 2 2 2
0 0 0 0 1 1 1 1
0 0 0 0 2 2 2 2
0 0 0 0 2 2 2 2
0 0 0 0 2 2 2 2
0 0 0 0 2 2 2 2
0 0 0 0 2 2 2 2
0 0 0 0 2 2 2 2
0 0 0 0 2 2 2 2
0 0 0 0 1 1 1 1
2 80 2 104 0 0 0 0
0 0 0 0 2 2 2 2
0 0 0 0 2 2 2 2
0 0 0 0 2 2 2 2
0 0 0 0 2 2 2 2
0 0 0 0 2 2 2 2
0 0 0 0 2 2 2 2
0 0 0 0 2 2 2 2
0 0 0 0 2 2 2 2
0 0 0 0 2 2 2 2
0 0 0 0 2 2 2 2
0 0 0 0 2 2 2 2

0 0 0 0 2 2 2 2
0 0 0 0 1 1 1 1
2 150 2 152 0 0 0 0
0 0 0 0 2 2 2 2
0 0 0 0 2 2 2 2
1 63 1 57 0 0 0 0
0 0 0 0 1 1 1 1
0 0 0 0 2 2 2 2
0 0 0 0 1 1 1 1
0 0 0 0 1 1 1 1
1 40 1 134 0 0 0 0
0 0 0 0 1 1 1 1
0 0 0 0 2 2 2 2
0 0 0 0 2 2 2 2
0 0 0 0 2 2 2 2
0 0 0 0 2 2 2 2
0 0 0 0 2 2 2 2
0 0 0 0 2 2 2 2
0 0 0 0 2 2 2 2
0 0 0 0 2 2 2 2
0 0 0 0 2 2 2 2
0 0 0 0 2 2 2 2
0 0 0 0 1 1 1 1
0 0 0 0 1 1 1 1
0 0 0 0 2 2 2 2
0 0 0 0 2 2 2 2
0 0 0 0 2 2 2 2
0 0 0 0 2 2 2 2
0 0 0 0 2 2 2 2
0 0 0 0 2 2 2 2
0 0 0 0 2 2 2 2
0 0 0 0 2 2 2 2
0 0 0 0 2 2 2 2
0 0 0 0 2 2 2 2

0 0 0 0 2 2 2 2
0 0 0 0 1 1 1 1
8 661 7 423 0 0 0 0
0 0 0 0 2 2 2 2
0 0 0 0 2 2 2 2
4 252 3 181 0 0 0 0
0 0 0 0 1 1 1 1
0 0 0 0 2 2 2 2
0 0 0 0 2 2 2 2
0 0 0 0 2 2 2 2
3 144 3 301 0 0 0 0
0 0 0 0 2 2 2 2
0 0 0 0 2 2 2 2
0 0 0 0 2 2 2 2
0 0 0 0 1 1 1 1
0 0 0 0 2 2 2 2
0 0 0 0 2 2 2 2
0 0 0 0 1 1 1 1
0 0 0 0 2 2 2 2
0 0 0 0 2 2 2 2
0 0 0 0 2 2 2 2
0 0 0 0 1 1 1 1
0 0 0 0 2 2 2 2
6 406 4 359 0 0 0 0
0 0 0 0 2 2 2 2
0 0 0 0 2 2 2 2
0 0 0 0 2 2 2 2
0 0 0 0 2 2 2 2
0 0 0 0 2 2 2 2
0 0 0 0 2 2 2 2
0 0 0 0 2 2 2 2
0 0 0 0 2 2 2 2
0 0 0 0 2 2 2 2
0 0 0 0 2 2 2 2

0 0 0 0 2 2 2 2
0 0 0 0 1 1 1 1
5 508 4 244 0 0 0 0
0 0 0 0 2 2 2 2
0 0 0 0 2 2 2 2
4 252 3 181 0 0 0 0
0 0 0 0 1 1 1 1
0 0 0 0 2 2 2 2
0 0 0 0 2 2 2 2
0 0 0 0 1 1 1 1
1 52 1 182 0 0 0 0
0 0 0 0 1 1 1 1
0 0 0 0 2 2 2 2
0 0 0 0 2 2 2 2
24 2828 85 104114 0 0 0 0
0 0 0 0 2 2 2 2
0 0 0 0 2 2 2 2
0 0 0 0 1 1 1 1
0 0 0 0 2 2 2 2
0 0 0 0 2 2 2 2
0 0 0 0 2 2 2 2
0 0 0 0 1 1 1 1
0 0 0 0 2 2 2 2
0 0 0 0 1 1 1 1
0 0 0 0 1 1 1 1
0 0 0 0 1 1 1 1
0 0 0 0 2 2 2 2
0 0 0 0 2 2 2 2
0 0 0 0 2 2 2 2
0 0 0 0 2 2 2 2
0 0 0 0 2 2 2 2
0 0 0 0 2 2 2 2
0 0 0 0 2 2 2 2
0 0 0 0 2 2 2 2

0 0 0 0 1 1 2 2
0 0 0 0 1 1 1 1
3 255 3 120 0 0 0 0
0 0 0 0 2 2 2 2
0 0 0 0 2 2 2 2
0 0 0 0 1 1 1 1
4 284 4 859 0 0 0 0
0 0 0 0 2 2 2 2
0 0 0 0 1 1 2 2
11 3452 10 5177 0 0 0 0
1 52 1 113 0 0 0 0
0 0 0 0 1 1 1 1
0 0 0 0 2 2 2 2
0 0 0 0 2 2 2 2
0 0 0 0 1 1 1 1
0 0 0 0 2 2 2 2
0 0 0 0 2 2 2 2
0 0 0 0 2 2 2 2
0 0 0 0 2 2 2 2
0 0 0 0 2 2 2 2
0 0 0 0 2 2 2 2
0 0 0 0 2 2 2 2
0 0 0 0 2 2 2 2
0 0 0 0 2 2 2 2
2 80 1 40 0 0 0 0
44 8735 47 26679 0 0 0 0
0 0 0 0 1 1 1 1
0 0 0 0 1 1 1 1
0 0 0 0 2 2 2 2
0 0 0 0 2 2 2 2
0 0 0 0 2 2 2 2
0 0 0 0 2 2 2 2
0 0 0 0 2 2 2 2
0 0 0 0 2 2 2 2

0 0 0 0 1 1 2 2
2 112 2 108 0 0 0 0
3 255 3 120 0 0 0 0
0 0 0 0 2 2 2 2
0 0 0 0 2 2 2 2
0 0 0 0 2 2 2 2
4 284 2 310 0 0 0 0
0 0 0 0 2 2 2 2
5 4326 0 0 0 0 1 1
0 0 0 0 1 1 1 1
2 80 2 113 0 0 0 0
0 0 0 0 1 1 1 1
0 0 0 0 2 2 2 2
0 0 0 0 1 1 1 1
0 0 0 0 2 2 2 2
0 0 0 0 1 1 1 1
0 0 0 0 2 2 2 2
0 0 0 0 2 2 2 2
0 0 0 0 2 2 2 2
0 0 0 0 2 2 2 2
0 0 0 0 2 2 2 2
0 0 0 0 2 2 2 2
0 0 0 0 2 2 2 2
0 0 0 0 2 2 2 2
0 0 0 0 1 1 1 1
4 160 2 80 0 0 0 0
4 160 2 92 0 0 0 0
4 160 4 160 0 0 0 0
0 0 0 0 1 1 1 1
0 0 0 0 2 2 2 2
0 0 0 0 2 2 2 2
0 0 0 0 2 2 2 2
0 0 0 0 2 2 2 2
0 0 0 0 2 2 2 2

0 0 0 0 2 2 2 2
8 839 10 1074 0 0 0 0
3 191 3 192 0 0 0 0
0 0 0 0 2 2 2 2
0 0 0 0 2 2 2 2
0 0 0 0 1 1 1 1
0 0 0 0 1 1 1 1
0 0 0 0 2 2 2 2
0 0 0 0 1 1 1 1
0 0 0 0 1 1 1 1
1 40 1 88 0 0 0 0
2 109 2 105 0 0 0 0
0 0 0 0 2 2 2 2
0 0 0 0 1 1 1 1
0 0 0 0 2 2 2 2
0 0 0 0 1 1 1 1
0 0 0 0 2 2 2 2
0 0 0 0 2 2 2 2
0 0 0 0 2 2 2 2
0 0 0 0 2 2 2 2
0 0 0 0 2 2 2 2
0 0 0 0 2 2 2 2
0 0 0 0 2 2 2 2
0 0 0 0 2 2 2 2
0 0 0 0 1 1 1 1
0 0 0 0 1 1 1 1
0 0 0 0 1 1 1 1
0 0 0 0 1 1 1 1
0 0 0 0 1 1 1 1
0 0 0 0 2 2 2 2
0 0 0 0 2 2 2 2
0 0 0 0 2 2 2 2
0 0 0 0 2 2 2 2
0 0 0 0 2 2 2 2

0 0 0 0 2 2 2 2
1 40 1 174 0 0 0 0
3 191 3 192 0 0 0 0
0 0 0 0 1 1 2 2
0 0 0 0 2 2 2 2
3 189 3 168 0 0 0 0
0 0 0 0 2 2 2 2
0 0 0 0 2 2 2 2
0 0 0 0 2 2 2 2
1 75 2 121 0 0 0 0
0 0 0 0 1 1 1 1
0 0 0 0 1 1 1 1
0 0 0 0 2 2 2 2
0 0 0 0 2 2 2 2
0 0 0 0 2 2 2 2
0 0 0 0 2 2 2 2
0 0 0 0 2 2 2 2
0 0 0 0 2 2 2 2
0 0 0 0 2 2 2 2
0 0 0 0 2 2 2 2
0 0 0 0 1 1 1 1
0 0 0 0 2 2 2 2
0 0 0 0 2 2 2 2
0 0 0 0 2 2 2 2
2 80 1 40 0 0 0 0
0 0 0 0 2 2 2 2
0 0 0 0 2 2 2 2
0 0 0 0 2 2 2 2
0 0 0 0 1 1 1 1
0 0 0 0 2 2 2 2
0 0 0 0 2 2 2 2
0 0 0 0 2 2 2 2
0 0 0 0 2 2 2 2
0 0 0 0 2 2 2 2

0 0 0 0 2 2 2 2
1 40 1 108 0 0 0 0
4 317 5 360 0 0 0 0
0 0 0 0 1 1 2 2
0 0 0 0 2 2 2 2
1 63 1 56 0 0 0 0
0 0 0 0 2 2 2 2
0 0 0 0 2 2 2 2
0 0 0 0 2 2 2 2
1 75 2 121 0 0 0 0
0 0 0 0 2 2 2 2
0 0 0 0 1 1 1 1
0 0 0 0 2 2 2 2
0 0 0 0 2 2 2 2
0 0 0 0 2 2 2 2
0 0 0 0 2 2 2 2
0 0 0 0 2 2 2 2
0 0 0 0 1 1 1 1
0 0 0 0 2 2 2 2
0 0 0 0 2 2 2 2
0 0 0 0 1 1 1 1
0 0 0 0 2 2 2 2
0 0 0 0 2 2 2 2
0 0 0 0 2 2 2 2
0 0 0 0 1 1 1 1
0 0 0 0 2 2 2 2
0 0 0 0 2 2 2 2
0 0 0 0 2 2 2 2
0 0 0 0 1 1 1 1
0 0 0 0 2 2 2 2
0 0 0 0 2 2 2 2
0 0 0 0 2 2 2 2
0 0 0 0 2 2 2 2
0 0 0 0 2 2 2 2

0 0 0 0 2 2 2 2
2 112 2 108 0 0 0 0
4 317 5 360 0 0 0 0
0 0 0 0 2 2 2 2
0 0 0 0 2 2 2 2
1 63 1 56 0 0 0 0
0 0 0 0 1 1 1 1
0 0 0 0 2 2 2 2
0 0 0 0 1 1 1 1
0 0 0 0 1 1 1 1
0 0 0 0 2 2 2 2
0 0 0 0 1 1 1 1
0 0 0 0 2 2 2 2
0 0 0 0 2 2 2 2
0 0 0 0 2 2 2 2
0 0 0 0 2 2 2 2
0 0 0 0 2 2 2 2
0 0 0 0 1 1 1 1
0 0 0 0 2 2 2 2
0 0 0 0 2 2 2 2
0 0 0 0 2 2 2 2
0 0 0 0 2 2 2 2
0 0 0 0 2 2 2 2
0 0 0 0 2 2 2 2
0 0 0 0 2 2 2 2
0 0 0 0 2 2 2 2
0 0 0 0 2 2 2 2
0 0 0 0 2 2 2 2
0 0 0 0 2 2 2 2
0 0 0 0 1 1 1 1
0 0 0 0 1 1 1 1
0 0 0 0 2 2 2 2
0 0 0 0 2 2 2 2
0 0 0 0 2 2 2 2

0 0 0 0 2 2 2 2
0 0 0 0 1 1 1 1
15 1312 19 5544 0 0 0 0
0 0 0 0 2 2 2 2
0 0 0 0 1 1 2 2
4 256 4 247 0 0 0 0
4 274 3 474 0 0 0 0
0 0 0 0 2 2 2 2
1 1184 0 0 0 0 1 1
0 0 0 0 2 2 2 2
0 0 0 0 2 2 2 2
0 0 0 0 2 2 2 2
0 0 0 0 2 2 2 2
0 0 0 0 2 2 2 2
0 0 0 0 1 1 1 1
0 0 0 0 2 2 2 2
0 0 0 0 2 2 2 2
0 0 0 0 2 2 2 2
0 0 0 0 2 2 2 2
0 0 0 0 1 1 2 2
0 0 0 0 2 2 2 2
0 0 0 0 2 2 2 2
0 0 0 0 2 2 2 2
0 0 0 0 2 2 2 2
0 0 0 0 1 1 2 2
0 0 0 0 2 2 2 2
0 0 0 0 2 2 2 2
0 0 0 0 2 2 2 2
0 0 0 0 2 2 2 2
2 80 1 40 0 0 0 0
4 160 3 120 0 0 0 0
0 0 0 0 1 1 2 2
0 0 0 0 1 1 2 2
0 0 0 0 1 1 1 1

