0.004771929824561404 0.016546720052299773 0.0008708233970150854 0.0003084595266078324
0.07143859649122807 0.11832544783354214 0.02339165617212829 0.012689727419425761
0.020982456140350877 0.035860709460703216 0.0042469387208274164 0.00018775171228874887
0.02175438596491228 0.009792820160402333 0.004206746871734412 0.00019809683052824455
0.016280701754385965 0.010954727451021953 0.0029741968328822915 0.00030209074396574456
0.0014035087719298245 0.0006191632705654244 0.0004019184909300394 1.7500307086084787e-05
0.012070175438596491 0.0062429507424939 0.0021167707188982075 0.00028112360389361896
0.0009824561403508772 0.0003341250442060263 0.0002009592454650197 8.639392105788691e-06
0.009122807017543859 0.0037880520454142315 0.0024249082286112375 0.00021321576671337475
0.0008421052631578948 0.0005957354711386245 0.0001071782642480105 9.758082622051074e-06
0.0006315789473684211 0.00024766530822616973 0.0 0.0
0.0008421052631578948 0.0005343769488303392 0.0001071782642480105 1.7865819829022e-05
0.003929824561403509 0.01330308544118451 0.0007234532836740709 0.0003146953955252158
0.0002105263157894737 6.693656979085669e-05 2.6794566062002625e-05 1.2294519535160831e-06
0.0 0.0 1.3397283031001312e-05 4.4304574901480473e-07
0.00014035087719298245 4.4624379860571124e-05 2.6794566062002625e-05 1.7389545648831084e-06
0.004 0.01276870849235417 0.0 0.0
0.0027368421052631577 0.007821538180061604 0.0005626858873020551 0.00036075000113530475
0.003649122807017544 0.0022156004600773563 0.0006966587176120682 4.443748862618491e-05
0.0038596491228070177 0.01794904118941822 0.00048230218911604725 0.00014916242754955936
0.003157894736842105 0.001580818656560732 0.0004555076230540446 5.8061145408390154e-05
0.0011228070175438596 0.0013387313958171337 0.0002277538115270223 0.00014383480241765635
0.002456140350877193 0.002900584690937123 0.0006162750194260604 0.0001335450648967875
0.00631578947368421 0.009204336150991052 0.0014067147182551378 0.0006172734898148767
0.006105263157894737 0.02253921646282622 0.0014469065673481417 0.0007825295541973988
0.0010526315789473684 0.0027137201002709814 0.00016076739637201575 6.0121308141309e-05
0.0050526315789473685 0.007291065864469065 0.0016880576619061655 0.0014092509946100162
0.002456140350877193 0.0029664056512314655 0.00046890490608504594 0.00019789745994118788
0.00014035087719298245 4.4624379860571124e-05 2.6794566062002625e-05 1.2294519535160831e-06
0.0019649122807017545 0.005617651619697648 0.0002947402266820289 0.00014191862955316732
0.0 0.0 1.3397283031001312e-05 4.4304574901480473e-07
0.0 0.0 1.3397283031001312e-05 4.4304574901480473e-07
0.0 0.0 1.3397283031001312e-05 4.4304574901480473e-07
0.0003508771929824561 8.924875972114225e-05 0.0 0.0
0.00014035087719298245 4.4624379860571124e-05 2.6794566062002625e-05 1.2294519535160831e-06
0.0 0.0 1.3397283031001312e-05 4.4304574901480473e-07
7.017543859649122e-05 0.0001327575300851991 0.0 0.0
0.0 0.0 1.3397283031001312e-05 4.4304574901480473e-07
0.00014035087719298245 4.4624379860571124e-05 1.3397283031001312e-05 4.4304574901480473e-07
0.018526315789473686 0.05519589544954043 0.00592159909970258 0.003953131076303222
0.001192982456140351 0.00356995038884569 0.00024115109455802362 0.00016917701926130317
0.0016140350877192982 0.004111578799403372 0.00037512392486803675 0.00020851948177381783
0.0014035087719298245 0.0016159603557009319 0.000214356528496021 8.476572793025751e-05
0.0005614035087719298 0.0017788393421920164 0.00013397283031001312 0.00010104765920655158
0.013754385964912281 0.01328914032247808 0.01335709118190831 0.013220429769883146
0.6266666666666667 0.3557695418526481 0.9000964604378232 0.9476886026370305
0.001824561403508772 0.0034193431068162625 0.00038852120789903806 8.951739358844129e-05
0.003368421052631579 0.004224813163299571 0.0006028777363950591 0.00017992087867491218
0.0019649122807017545 0.003296626062199692 0.000643069585488063 0.0005561331764508336
0.0010526315789473684 0.002509563562408869 0.00018756196243401837 9.162186089626161e-05
0.010736842105263157 0.01719433136502631 0.0016880576619061655 0.0005375806357108386
0.002105263157894737 0.0033194960568782347 0.00048230218911604725 0.00016111358662923374
0.0072280701754385964 0.009193737860774166 0.0013129337370381287 0.0003768547141119929
7.017543859649122e-05 2.2312189930285562e-05 4.019184909300394e-05 2.3813709009545753e-06
0.0020350877192982456 0.004740224750689167 0.000428713056992042 0.0002526911429505939
0.0035789473684210526 0.011381448083438666 0.000643069585488063 0.0002308046829492625
0.001543859649122807 0.002691407910340696 0.0004019184909300394 0.00018133862507175956
0.0007017543859649122 0.002202213146119185 0.00012057554727901181 1.3967017237691718e-05
7.017543859649122e-05 2.2312189930285562e-05 4.019184909300394e-05 2.3813709009545753e-06
0.0023157894736842107 0.006802428904995811 0.00048230218911604725 0.00019923767333195768
0.0012631578947368421 0.004279478028628771 0.0002277538115270223 8.966138345687111e-05
0.00014035087719298245 4.57399893570854e-05 2.6794566062002625e-05 1.1519189474384922e-06
0.0014035087719298245 0.0021687448612237566 0.0002947402266820289 0.00015076846838973804
0.0010526315789473684 0.0017833017801780736 0.00016076739637201575 8.194131128028813e-05
0.0007719298245614035 0.0009783895284430218 0.00016076739637201575 4.006241185466371e-05
0.013894736842105264 0.056162571078270045 0.002733045738324268 0.001056176761076393
0.0032982456140350875 0.0016784344875057314 0.0006698641515500656 0.000192304007359876
0.0014736842105263158 0.0009359963675754793 0.0003215347927440315 9.630706969209317e-05
0.0011228070175438596 0.0012065316704801918 0.00028134294365102756 7.437630511586035e-05
0.0032982456140350875 0.010098497162447246 0.0006564668685190644 0.00014822095533290291
0.004 0.001965146128109901 0.0014737011334101445 0.0015830910703797001
0.00631578947368421 0.008384920975801314 0.0017014549449371667 0.0007491349808654079
0.006807017543859649 0.02270655788730336 0.001366522869162134 0.0004423479519601064
0.003368421052631579 0.005668969656537304 0.0006162750194260604 0.00031046430862212437
0.0020350877192982456 0.0027382635091942956 0.0005090967551780499 5.39297437988271e-05
0.0054736842105263155 0.01123809226313658 0.0010047962273250985 0.00048394994779259653
0.0006315789473684211 0.0009884300139116505 0.00014737011334101444 7.274811198823093e-05
0.0025964912280701754 0.0038516417867155454 0.000643069585488063 0.0005631886800038944
0.005543859649122807 0.004436221162889027 0.003242142493502318 0.00330816722717492
0.0014736842105263158 0.002775078622579267 0.00024115109455802362 8.941770829491296e-05
0.012070175438596491 0.023572828661346697 0.002826826719541277 0.0015799786739928712
0.0020350877192982456 0.0014731623401471044 0.0004421103400230433 0.00038951474639009094
0.004701754385964913 0.005708015988915304 0.0013531255861311325 0.0011538129680155305
0.000912280701754386 0.0019835536848023866 0.000214356528496021 0.00012944689171840056
0.001824561403508772 0.002299828977064184 0.0004019184909300394 0.0002023832981499628
0.0 0.0 0.0 0.0
0.0 0.0 0.0 0.0
0.0 0.0 0.0 0.0
0.0 0.0 0.0 0.0

0.003209161842436446 0.012185827980074134 0.0005548170837427036 0.00023808531493593065
0.05172413793103448 0.09562958102011036 0.010310350806218576 0.0016601619532548091
0.018374024666498866 0.033646911323191496 0.003583193665838294 0.0001575212839529862
0.01919204631261012 0.009049873366766744 0.003571634976593654 0.0001658168733826626
0.01409514220991694 0.010634361215008135 0.0024504421198636075 0.00026336123558950997
0.0012584948401711553 0.0005818000368997501 0.0003467606773391897 1.499660331680635e-05
0.009501636043292223 0.005116171315476091 0.001618216494249552 0.0002077978711486338
0.0008809463881198087 0.0003139623622549102 0.00017338033866959486 7.403386447537312e-06
0.007928517493078279 0.0034347167944180743 0.0019996532393226608 0.0001752989029481623
0.0002516989680342311 8.386306838194596e-05 2.3117378489279315e-05 7.593216869269038e-07
0.0005663226780770198 0.00023272001475990004 0.0 0.0
0.0002516989680342311 8.386306838194596e-05 2.3117378489279315e-05 7.593216869269038e-07
0.0 0.0 0.0 0.0
0.00012584948401711554 4.193153419097298e-05 2.3117378489279315e-05 1.053558840611079e-06
0.0 0.0 0.0 0.0
0.0 0.0 0.0 0.0
0.0035867102944877926 0.011998184364569531 0.0 0.0
0.0011955700981625976 0.003633367437647809 0.00024273247413743283 0.00015427518374137367
0.002957462874402215 0.0018240217373073247 0.0005548170837427036 3.58779497072962e-05
0.002139441228290964 0.008192897636738732 0.0002774085418713518 0.000113452151547966
0.006040775232821546 0.0028382407205514836 0.0009362538288158123 9.539927844127886e-05
0.0 0.0 0.0 0.0
0.0022652907123080794 0.003417944180741685 0.0005316997052534243 0.00011635655700046142
0.005474452554744526 0.008573426309521813 0.0011905449921978848 0.0005279753519624494
0.005474452554744526 0.02118171449657 0.001248338438421083 0.00066371359502172
0.0 0.0 0.0 0.0
0.004530581424616159 0.006851088542627597 0.001456394844824597 0.0012076347024096343
0.003020387616410773 0.00359615320105332 0.0005548170837427036 0.0002491998861283232
0.00012584948401711554 4.193153419097298e-05 2.3117378489279315e-05 1.053558840611079e-06
0.0017618927762396174 0.005278656010466111 0.0002542911633820725 0.00012161485968243021
0.0 0.0 1.1558689244639658e-05 3.796608434634519e-07
0.0 0.0 1.1558689244639658e-05 3.796608434634519e-07
0.0 0.0 1.1558689244639658e-05 3.796608434634519e-07
0.0003146237100427888 8.386306838194596e-05 0.0 0.0
0.00012584948401711554 4.193153419097298e-05 2.3117378489279315e-05 1.053558840611079e-06
0.0 0.0 1.1558689244639658e-05 3.796608434634519e-07
6.292474200855777e-05 0.0001247463142181446 0.0 0.0
0.0 0.0 1.1558689244639658e-05 3.796608434634519e-07
0.00012584948401711554 4.193153419097298e-05 1.1558689244639658e-05 3.796608434634519e-07
0.01661213189025925 0.051865114640814475 0.005108940646130729 0.003387571333408082
0.001069720614145482 0.003354522735277838 0.00020805640640351384 0.0001449734930765191
0.0014472690661968286 0.003863466731520773 0.0003236432988499104 0.00017868737597607362
0.0012584948401711553 0.001518445681890609 0.00018493902791423452 7.263861087564493e-05
0.0005033979360684622 0.0016714957816876604 0.00011558689244639658 8.659114687292678e-05
0.012333249433677322 0.012487210882071753 0.01152401317690574 0.011329032111343972
0.6681349106468664 0.3966917067811677 0.9218054672600127 0.9640039283127813
0.0016360432922225018 0.0032130038073833046 0.00033520198809455006 7.671047342179045e-05
0.003020387616410773 0.003969867999530367 0.0005201410160087846 0.0001541802685305078
0.0017618927762396174 0.003097692088358129 0.0005548170837427036 0.00047656927375749794
0.0009438711301283665 0.0023581246540648427 0.0001618216494249552 7.851386242824184e-05
0.01038258243141203 0.01741940759128495 0.0015719817372709935 0.0004985990941994647
0.001887742260256733 0.0031191819996310025 0.0004161128128070277 0.00013806366572548427
0.00761389378303549 0.010003815769611379 0.0013061318846442813 0.00035520119362331896
6.292474200855777e-05 2.096576709548649e-05 3.4676067733918976e-05 2.0406770336160536e-06
0.0018248175182481751 0.004454177219436105 0.00036987805582846904 0.00021653956206937978
0.003209161842436446 0.010694637795407658 0.0005548170837427036 0.00019778431640228526
0.0013843443241882709 0.0025289956558930578 0.0003467606773391897 0.00015539518322959085
0.0006292474200855776 0.0020693212123245167 0.00010402820320175692 1.196880809018532e-05
6.292474200855777e-05 2.096576709548649e-05 3.4676067733918976e-05 2.0406770336160536e-06
0.0020765164862824063 0.006391938243236444 0.0004161128128070277 0.0001707334813055143
0.0011326453561540397 0.004021234128914308 0.00019649771715887418 7.683386319591607e-05
0.00012584948401711554 4.2979822545747304e-05 2.3117378489279315e-05 9.87118193004975e-07
0.0025169896803423106 0.0036265535633417754 0.00048546494827486565 0.0002539836127559627
0.0009438711301283665 0.0016756889351067577 0.0001387042709356759 7.021827299856543e-05
0.0006921721620941354 0.0009193488871370826 0.0001387042709356759 3.4330831770182635e-05
0.01346589478983136 0.05532761107663407 0.002566029012310004 0.0009634083733306822
0.002957462874402215 0.0015771498297579712 0.0005779344622319829 0.00016479178910531127
0.001321419582179713 0.0008795139296556583 0.0002774085418713518 8.252877584786785e-05
0.0010067958721369243 0.001133723855688432 0.00024273247413743283 6.373556409642698e-05
0.002957462874402215 0.009489106187417185 0.0005663757729873432 0.00012701553518069782
0.0035867102944877926 0.0018465599369349725 0.0012714558169103624 0.0013566041258636062
0.005663226780770199 0.007878935274483823 0.0014679535340692365 0.0006419590286912642
0.008368990687138183 0.0293473566360846 0.0016297751834941918 0.00040861947429862667
0.003020387616410773 0.00532687727478573 0.0005316997052534243 0.0002660473360570139
0.0018248175182481751 0.0025730237667935794 0.000439230191296307 4.621421617058868e-05
0.004908129876667506 0.010559932741819157 0.0008669016933479743 0.0004147130308362151
0.0005663226780770198 0.0009287834823300515 0.00012714558169103624 6.23403104966988e-05
0.0023282154543166375 0.0036192155448583553 0.0005548170837427036 0.00048261537268965343
0.004971054618676063 0.004168518642760102 0.002797202797202797 0.002834880060536162
0.004090108230556255 0.008591247211552976 0.0006588452869444605 0.00023830361992092214
0.010823055625471936 0.022150332936381478 0.0024388834306189678 0.0013539370084382754
0.0018248175182481751 0.0013842647724794956 0.0003814367450731087 0.0003337883220519803
0.00421595771457337 0.005363567367202831 0.0011674276137086054 0.000988741243110781
0.0008180216461112509 0.001863856694788749 0.00018493902791423452 0.00011092740693893405
0.0016360432922225018 0.0021610464433672698 0.0003467606773391897 0.00017342907329410482
0.006040775232821546 0.015246305831837776 0.0011674276137086054 0.0003289191717345615
0.0017618927762396174 0.002533188809312155 0.00039299543431774837 4.44677762906568e-05
0.0020135917442738486 0.006194335888361484 0.0003236432988499104 0.00015499653934395423
0.0 0.0 0.0 0.0

0.0018719775362695647 0.007581625124836805 0.00029510766818831557 0.00012337784518043208
0.04399147210233477 0.09021141635451724 0.008465901231152304 0.001260760078585941
0.01518381779418647 0.02885923737230355 0.0028496334209434223 0.00012436186330637647
0.01617180593832874 0.00810623830300959 0.0028957439940978467 0.00013336074662608166
0.010815870209557486 0.008824250910263584 0.0017890902383916633 0.00021863230208959855
0.0010399875201497581 0.0005099129840383454 0.00027666343892654584 1.1868310221314014e-05
0.007591908897093235 0.004323235218725107 0.0012449854751694564 0.0001559781403453073
0.0007279912641048308 0.00027516925895402605 0.00013833171946327292 5.8590392231803365e-06
0.006811918256980916 0.003127006921035151 0.0016507585189283903 0.00014509384824993766
0.0 0.0 0.0 0.0
0.0004679943840673912 0.0002039651936153382 0.0 0.0
0.0 0.0 0.0 0.0
0.0 0.0 0.0 0.0
0.0 0.0 0.0 0.0
0.0 0.0 0.0 0.0
0.0 0.0 0.0 0.0
0.002963964432426811 0.010515691997857447 0.0 0.0
0.0009879881441422704 0.0031844295543728023 0.0001936644072485821 0.000122093363504581
0.0025479694243669077 0.0016675532721254 0.0004611057315442431 2.9535566955827027e-05
0.0019239769122770527 0.007246736327211622 0.00023977498040300642 9.05672255306222e-05
0.007695907649108211 0.003686073679210526 0.0011527643288606077 0.00010114354248733747
0.0 0.0 0.0 0.0
0.0020799750402995163 0.004992553432908773 0.00042421727302070365 9.245263430628664e-05
0.004523945712651448 0.007514096108031726 0.0009498778069811408 0.00041783963567773
0.005147938224741303 0.02173607455203455 0.0011250979849679532 0.0005974191878682073
0.0 0.0 0.0 0.0
0.0032759606884717385 0.00488505826330069 0.0010513210679208742 0.0009097810943511958
0.001195985648172222 0.0013570116710353807 0.00021210863651035183 0.00011717327287485906
0.0 0.0 0.0 0.0
0.0 0.0 0.0 0.0
0.0 0.0 0.0 0.0
0.0 0.0 0.0 0.0
0.0 0.0 0.0 0.0
0.00025999688003743954 7.350097067219393e-05 0.0 0.0
0.0 0.0 0.0 0.0
0.0 0.0 0.0 0.0
5.199937600748791e-05 0.00010519826427457758 0.0 0.0
0.0 0.0 0.0 0.0
0.0 0.0 0.0 0.0
0.013727835265976809 0.04545667531221834 0.004076174666851109 0.0026809235819861255
0.0008839893921272945 0.0029400388268877578 0.0001659980633559275 0.00011473200653186725
0.001195985648172222 0.0033860978426546347 0.0002582192096647761 0.00014141316976358078
0.0010399875201497581 0.0013308269502334115 0.00014755383409415778 5.74861886858963e-05
0.0004159950080599033 0.0014649662217101655 9.222114630884862e-05 6.852822414496693e-05
0.01019187769746763 0.010944294533089677 0.009194448286992207 0.008965794771271709
0.7051115386615361 0.44525188323268294 0.9203762622769401 0.9548599787651894
0.0013519837761946857 0.00281600593887843 0.000267441324295661 6.070866025864548e-05
0.00249597004835942 0.0034793521991949806 0.00041499515838981876 0.00012201824761710433
0.0014559825282096615 0.0027149421042041637 0.0004426615022824734 0.00037715687102036496
0.0007799906401123187 0.0020667554190887533 0.00012910960483238806 6.213586212070223e-05
0.009775882689407727 0.017445914770111932 0.0014294277677871536 0.0004546614437187941
0.0015599812802246373 0.0027337767279389134 0.000331996126711855 0.0001092635699235656
0.006291924496906037 0.008767747039059335 0.0010420989532899895 0.0002811061857039458
5.199937600748791e-05 1.8375242668048483e-05 2.7666343892654586e-05 1.614991580748426e-06
0.0015079819042171493 0.003903820304826901 0.00029510766818831557 0.00017136938568927717
0.0026519681763818833 0.009373211284971532 0.0004426615022824734 0.000156526486323887
0.001143986272164734 0.0022165136468333484 0.00027666343892654584 0.00012297973097680573
0.0005199937600748791 0.0018136364513363856 8.299903167796376e-05 9.47211341080821e-06
5.199937600748791e-05 1.8375242668048483e-05 2.7666343892654586e-05 1.614991580748426e-06
0.0017159794082471011 0.0056021521084212815 0.000331996126711855 0.00013511845839303576
0.0009359887681347824 0.0035243715437316995 0.00015677594872504265 6.0806310912365156e-05
0.00015599812802246374 5.6503871204249093e-05 2.7666343892654586e-05 1.1718078446360673e-06
0.0020799750402995163 0.003178457600505687 0.0003873288144971642 0.00020100260329882386
0.0007799906401123187 0.0014686412702437752 0.00011066537557061835 5.5570733555241186e-05
0.001819978160262077 0.00245585118258468 0.00027666343892654584 7.933740035285989e-05
0.011595860849669805 0.04878535052153533 0.0021303084797344033 0.000767556673002867
0.0024439706723519317 0.0013822776297039473 0.0004611057315442431 0.00013041620383699614
0.0010919868961572462 0.000770841429924634 0.0002213307511412367 6.531326416096542e-05
0.0008319900161198066 0.0009936412472747217 0.0001936644072485821 5.044031844058456e-05
0.0024439706723519317 0.008316634831558744 0.0004518836169133582 0.0001005200806212811
0.002963964432426811 0.0016183994979883703 0.001014432609397335 0.001073616356526563
0.004679943840673912 0.006905416194652621 0.0011712085581223775 0.0005080463049484641
0.006915917008995892 0.025721205305667568 0.0013003181629547655 0.0003233814071758162
0.00249597004835942 0.004668689780884419 0.00042421727302070365 0.00021054983259710875
0.0015079819042171493 0.00225510165643625 0.00035044035597362475 3.65739256123911e-05
0.004055951328584057 0.00925515035082932 0.0006916585973163646 0.0003282038471518185
0.0004679943840673912 0.0008140232501945479 0.00010144326093973348 4.9336114894677495e-05
0.0019239769122770527 0.0031720262655718697 0.0004426615022824734 0.00038194175305262894
0.004107950704591545 0.00365345762347474 0.0022317517406741367 0.0022435237692094703
0.003379959440486714 0.007529715064299568 0.0005256605339604371 0.00018859345868767782
0.00894389267328792 0.019413443878793225 0.001945866187116706 0.0010715056000884684
0.0015079819042171493 0.0012132253971579013 0.00030432978281920046 0.0002641600414892088
0.00348395819250169 0.004700846455553504 0.0009314335777193711 0.0007824897114332292
0.013675835889969321 0.011808390319554657 0.01623092175035736 0.016683771931369707
0.0013519837761946857 0.0018940281380090975 0.00027666343892654584 0.0001372517495973732
0.00795590452914565 0.016937839310340392 0.0014570941116798081 0.00030830564855924834
0.0014559825282096615 0.002220188695366958 0.0003135518974500853 3.5191793282820356e-05
0.0020799750402995163 0.007811315658187411 0.0003135518974500853 0.00012530081189983486
0.0016119806562321251 0.004743568894756717 0.00028588555355743073 0.00012421914312017078

