104 21230 87 11898 52 52 56 56

158 35633 492 527100 51 51 54 54

306 52415 1104 1303035 52 52 54 54

311 51909 884 1017095 48 48 49 49

169 48515 288 246299 47 47 47 47

88 39267 69 16858 51 51 54 54

93 33841 87 18282 54 54 56 56

177 30843 489 525211 56 56 55 55

155 21523 458 519265 53 53 53 53

50 7824 48 5609 55 55 55 55

286 29684 846 999135 55 55 55 55

362 45450 983 1135340 51 51 51 51

254 54262 358 253468 48 48 50 50

308 59560 653 635000 45 45 47 47

194 34172 498 528985 49 49 49 49

55 15970 58 9381 53 53 54 54

34 5782 33 2543 54 54 55 55

91 19353 94 36252 55 55 55 55

176 31364 225 191819 48 48 54 54

