18 9403 21 13918
94 21557 734 913117
9 5297 12 655
12 768 11 816
15 4158 15 4103
1 70 2 106
18 1116 18 2496
1 66 2 104
7 455 9 1508
4 454 3 401
2 142 0 0
8 798 6 1533
30 12807 28 16285
1 40 2 111
0 0 1 40
2 80 2 157
11 5701 0 0
20 7090 21 16316
5 440 6 660
17 16315 12 6073
22 1155 16 1263
16 2400 17 12986
16 2468 21 5824
36 7179 42 27884
25 10689 33 19800
12 4745 7 4905
49 6181 94 110652
9 1395 10 7240
2 80 2 111
26 9991 21 12773
0 0 1 40
0 0 1 40
0 0 1 40
1 32 0 0
2 80 2 111
0 0 1 40
1 238 0 0
0 0 1 40
2 80 1 40
69 47987 178 194833
17 6400 18 15274
14 4316 18 12413
9 1461 7 3792
8 3189 10 9123
99 12638 727 900906
870 61821 6314 8047251
26 6130 29 8082
17 2700 17 7844
28 5910 48 50210
15 4499 14 8272
27 5444 22 8133
26 5791 32 14374
10 1455 10 8239
1 40 3 215
16 7319 20 13341
47 20244 46 20758
20 4745 27 16189
10 3948 9 1261
1 40 3 215
20 9444 19 15541
16 7592 16 8055
1 41 1 52
10 1944 11 6806
13 3117 11 7358
11 1754 11 3577
38 17688 42 23552
12 1051 13 8781
13 1329 16 8315
12 1971 15 6386
25 14787 22 7059
55 3443 108 142824
31 5010 43 23581
39 14673 37 27098
19 3950 18 10612
17 2677 23 2660
42 10686 45 28835
9 1772 11 6568
29 4604 40 44119
79 7953 242 298675
11 2548 10 4076
50 15558 97 104705
27 2561 32 35127
33 5184 50 52436
13 3556 16 11687
22 3963 28 18192
0 0 0 0
0 0 0 0
0 0 0 0
0 0 0 0

18 9403 21 13918
60 18565 75 33014
9 5297 9 486
12 768 11 816
15 4158 15 4103
1 70 2 106
18 1116 18 2496
1 66 2 104
7 455 9 1508
4 160 2 80
2 142 0 0
4 160 2 80
0 0 0 0
1 40 2 111
0 0 0 0
0 0 0 0
11 5701 0 0
17 6852 20 16214
5 370 6 660
15 8224 11 6073
22 1155 16 1703
0 0 0 0
15 3674 18 5511
36 7179 42 27884
25 10689 33 19800
0 0 0 0
49 6181 94 110652
9 1395 10 7240
2 80 2 111
26 9991 21 12773
0 0 1 40
0 0 1 40
0 0 1 40
1 32 0 0
2 80 2 111
0 0 1 40
1 238 0 0
0 0 1 40
2 80 1 40
69 47987 178 194833
17 6400 18 15274
14 4316 18 12413
9 1461 7 3792
8 3189 10 9123
99 12638 727 900906
870 61821 6839 8711574
26 6130 29 8082
17 2700 17 7844
28 5910 48 50210
15 4499 14 8272
27 5444 22 8133
26 5791 32 14374
10 1455 10 8239
1 40 3 215
16 7319 20 13341
47 20244 46 20758
20 4745 27 16189
10 3948 9 1261
1 40 3 215
20 9444 19 15541
16 7592 16 8055
1 41 1 52
20 3031 20 13147
13 3117 11 7358
11 1754 11 3577
38 17688 42 23552
12 1051 13 8781
13 1329 16 8315
12 1971 15 6386
25 14787 22 7059
55 3443 108 142824
31 5010 43 23581
39 14673 37 27098
19 3950 18 10612
17 2677 23 2660
42 10686 45 28835
9 1772 11 6568
29 4604 40 44119
79 7953 242 298675
12 3995 12 4707
50 15558 97 104705
27 2561 32 35127
33 5184 50 52436
13 3556 16 11687
22 3963 28 18192
29 12951 33 19340
15 3749 19 3529
22 7318 22 15868
0 0 0 0

18 9403 21 13918
60 18565 75 33014
9 5297 9 486
12 768 11 816
15 4158 15 4103
1 70 2 106
18 1116 18 2496
1 66 2 104
7 455 9 1508
0 0 0 0
2 142 0 0
0 0 0 0
0 0 0 0
0 0 0 0
0 0 0 0
0 0 0 0
11 5701 0 0
17 6852 20 16214
5 370 6 660
15 8224 11 6073
38 1900 32 2485
0 0 0 0
19 6919 21 6074
36 7179 42 27884
25 10689 33 19800
0 0 0 0
49 6181 94 110652
6 738 8 7119
0 0 0 0
0 0 0 0
0 0 0 0
0 0 0 0
0 0 0 0
1 32 0 0
0 0 0 0
0 0 0 0
1 229 0 0
0 0 0 0
0 0 0 0
69 47987 178 194833
17 6400 18 15274
14 4316 18 12413
9 1461 7 3792
8 3189 10 9123
99 12638 727 900906
870 61821 6839 8711574
26 6130 29 8082
17 2700 17 7844
28 5910 48 50210
15 4499 14 8272
27 5444 22 8133
26 5791 32 14374
10 1455 10 8239
1 40 3 215
16 7319 20 13341
47 20244 46 20758
20 4745 27 16189
10 3948 9 1261
1 40 3 215
20 9444 19 15541
16 7592 16 8055
1 41 1 52
20 3031 20 13147
13 3117 11 7358
24 3592 18 6945
38 17688 42 23552
12 1051 13 8781
13 1329 16 8315
12 1971 15 6386
25 14787 22 7059
55 3443 108 142824
31 5010 43 23581
39 14673 37 27098
19 3950 18 10612
17 2677 23 2660
42 10686 45 28835
9 1772 11 6568
29 4604 40 44119
79 7953 242 298675
12 3995 12 4707
50 15558 97 104705
27 2561 32 35127
33 5184 50 52436
248 22069 1743 2209344
22 3963 28 18192
29 12951 33 19340
15 3749 19 3529
22 7318 22 15868
21 7510 21 15943

