0.11333333333333333 0.37145338737695427 0.02127659574468085 0.0030061601821309053 0.0 0.0 0.0 0.0
0.6666666666666666 0.3953097857556456 0.9286608260325406 0.994238827195258 0.0 0.0 0.0 0.0
0.08 0.16062536189924725 0.02127659574468085 0.0010122007701858491 0.0 0.0 0.0 0.0
0.08666666666666667 0.042964678633468444 0.01877346683354193 0.0011600625368295393 0.0 0.0 0.0 0.0
0.04666666666666667 0.02727272727272727 0.008760951188986232 0.000526213934231956 0.0 0.0 0.0 0.0
0.006666666666666667 0.002374059061957151 0.0012515644555694619 5.6535381363763865e-05 0.011494252873563218 0.011494252873563218 0.011494252873563218 0.011494252873563218
0.0 0.0 0.0 0.0 0.022988505747126436 0.022988505747126436 0.022988505747126436 0.022988505747126436
0.0 0.0 0.0 0.0 0.022988505747126436 0.022988505747126436 0.022988505747126436 0.022988505747126436
0.0 0.0 0.0 0.0 0.022988505747126436 0.022988505747126436 0.022988505747126436 0.022988505747126436
0.0 0.0 0.0 0.0 0.022988505747126436 0.022988505747126436 0.022988505747126436 0.022988505747126436
0.0 0.0 0.0 0.0 0.022988505747126436 0.022988505747126436 0.022988505747126436 0.022988505747126436
0.0 0.0 0.0 0.0 0.022988505747126436 0.022988505747126436 0.022988505747126436 0.022988505747126436
0.0 0.0 0.0 0.0 0.022988505747126436 0.022988505747126436 0.022988505747126436 0.022988505747126436
0.0 0.0 0.0 0.0 0.022988505747126436 0.022988505747126436 0.022988505747126436 0.022988505747126436
0.0 0.0 0.0 0.0 0.022988505747126436 0.022988505747126436 0.022988505747126436 0.022988505747126436
0.0 0.0 0.0 0.0 0.022988505747126436 0.022988505747126436 0.022988505747126436 0.022988505747126436
0.0 0.0 0.0 0.0 0.022988505747126436 0.022988505747126436 0.022988505747126436 0.022988505747126436
0.0 0.0 0.0 0.0 0.022988505747126436 0.022988505747126436 0.022988505747126436 0.022988505747126436
0.0 0.0 0.0 0.0 0.022988505747126436 0.022988505747126436 0.022988505747126436 0.022988505747126436
0.0 0.0 0.0 0.0 0.022988505747126436 0.022988505747126436 0.022988505747126436 0.022988505747126436
0.0 0.0 0.0 0.0 0.022988505747126436 0.022988505747126436 0.022988505747126436 0.022988505747126436
0.0 0.0 0.0 0.0 0.022988505747126436 0.022988505747126436 0.022988505747126436 0.022988505747126436
0.0 0.0 0.0 0.0 0.022988505747126436 0.022988505747126436 0.022988505747126436 0.022988505747126436
0.0 0.0 0.0 0.0 0.022988505747126436 0.022988505747126436 0.022988505747126436 0.022988505747126436
0.0 0.0 0.0 0.0 0.022988505747126436 0.022988505747126436 0.022988505747126436 0.022988505747126436
0.0 0.0 0.0 0.0 0.022988505747126436 0.022988505747126436 0.022988505747126436 0.022988505747126436
0.0 0.0 0.0 0.0 0.022988505747126436 0.022988505747126436 0.022988505747126436 0.022988505747126436
0.0 0.0 0.0 0.0 0.022988505747126436 0.022988505747126436 0.022988505747126436 0.022988505747126436
0.0 0.0 0.0 0.0 0.022988505747126436 0.022988505747126436 0.022988505747126436 0.022988505747126436
0.0 0.0 0.0 0.0 0.022988505747126436 0.022988505747126436 0.022988505747126436 0.022988505747126436
0.0 0.0 0.0 0.0 0.022988505747126436 0.022988505747126436 0.022988505747126436 0.022988505747126436
0.0 0.0 0.0 0.0 0.022988505747126436 0.022988505747126436 0.022988505747126436 0.022988505747126436
0.0 0.0 0.0 0.0 0.022988505747126436 0.022988505747126436 0.022988505747126436 0.022988505747126436
0.0 0.0 0.0 0.0 0.022988505747126436 0.022988505747126436 0.022988505747126436 0.022988505747126436
0.0 0.0 0.0 0.0 0.022988505747126436 0.022988505747126436 0.022988505747126436 0.022988505747126436
0.0 0.0 0.0 0.0 0.022988505747126436 0.022988505747126436 0.022988505747126436 0.022988505747126436
0.0 0.0 0.0 0.0 0.022988505747126436 0.022988505747126436 0.022988505747126436 0.022988505747126436
0.0 0.0 0.0 0.0 0.022988505747126436 0.022988505747126436 0.022988505747126436 0.022988505747126436
0.0 0.0 0.0 0.0 0.022988505747126436 0.022988505747126436 0.022988505747126436 0.022988505747126436
0.0 0.0 0.0 0.0 0.022988505747126436 0.022988505747126436 0.022988505747126436 0.022988505747126436
0.0 0.0 0.0 0.0 0.022988505747126436 0.022988505747126436 0.022988505747126436 0.022988505747126436
0.0 0.0 0.0 0.0 0.022988505747126436 0.022988505747126436 0.022988505747126436 0.022988505747126436
0.0 0.0 0.0 0.0 0.022988505747126436 0.022988505747126436 0.022988505747126436 0.022988505747126436
0.0 0.0 0.0 0.0 0.022988505747126436 0.022988505747126436 0.022988505747126436 0.022988505747126436
0.0 0.0 0.0 0.0 0.022988505747126436 0.022988505747126436 0.022988505747126436 0.022988505747126436
0.0 0.0 0.0 0.0 0.022988505747126436 0.022988505747126436 0.022988505747126436 0.022988505747126436
0.0 0.0 0.0 0.0 0.022988505747126436 0.022988505747126436 0.022988505747126436 0.022988505747126436
0.0 0.0 0.0 0.0 0.022988505747126436 0.022988505747126436 0.022988505747126436 0.022988505747126436
0.0 0.0 0.0 0.0 0.022988505747126436 0.022988505747126436 0.022988505747126436 0.022988505747126436

