3 615 4 414 0 0 0 0
6 666 8 1362 0 0 0 0
4 438 5 276 0 0 0 0
6 336 6 324 0 0 0 0
2 150 2 121 0 0 0 0
0 0 0 0 1 1 1 1
0 0 0 0 2 2 2 2
0 0 0 0 2 2 2 2
0 0 0 0 2 2 2 2
0 0 0 0 2 2 2 2
0 0 0 0 2 2 2 2
0 0 0 0 2 2 2 2
0 0 0 0 2 2 2 2
0 0 0 0 2 2 2 2
0 0 0 0 2 2 2 2
0 0 0 0 2 2 2 2
0 0 0 0 2 2 2 2
0 0 0 0 2 2 2 2
0 0 0 0 2 2 2 2
0 0 0 0 2 2 2 2
0 0 0 0 2 2 2 2
0 0 0 0 2 2 2 2
0 0 0 0 2 2 2 2
0 0 0 0 2 2 2 2
0 0 0 0 2 2 2 2
0 0 0 0 2 2 2 2
0 0 0 0 2 2 2 2
0 0 0 0 2 2 2 2
0 0 0 0 2 2 2 2
0 0 0 0 2 2 2 2
0 0 0 0 2 2 2 2
0 0 0 0 2 2 2 2
0 0 0 0 2 2 2 2
0 0 0 0 2 2 2 2
0 0 0 0 2 2 2 2
0 0 0 0 2 2 2 2
0 0 0 0 2 2 2 2
0 0 0 0 2 2 2 2
0 0 0 0 2 2 2 2
0 0 0 0 2 2 2 2
0 0 0 0 2 2 2 2
0 0 0 0 2 2 2 2
0 0 0 0 2 2 2 2
0 0 0 0 2 2 2 2
0 0 0 0 2 2 2 2
0 0 0 0 2 2 2 2
0 0 0 0 2 2 2 2
0 0 0 0 2 2 2 2
0 0 0 0 2 2 2 2

