37.82442993621979 37.82442993621979 37.82442993621979 37.82442993621979
0.32218973970892123 0.32218973970892123 0.32218973970892123 0.32218973970892123
0.2290614236454256 0.2290614236454256 0.2729595929287048 0.2729595929287048
0.27638539919628335 0.27638539919628335 0.27638539919628335 0.27638539919628335
0.4642307659791977 0.4642307659791977 0.47466422073817566 0.47466422073817566
3.006417927174209 3.006417927174209 3.006417927174209 3.006417927174209
1.5226353188652835 1.5226353188652835 1.497472618255253 1.497472618255253
2.2647050335284034 2.2647050335284034 2.2647050335284034 2.2647050335284034
1.4361180186807783 1.4361180186807783 1.4361180186807783 1.4361180186807783
46.10856753359401 46.10856753359401 46.10856753359401 46.10856753359401
9.610378504512713 9.610378504512713 0.0 0.0
45.84272631023983 45.84272631023983 45.84272631023983 45.84272631023983
53.5 53.5 53.5 53.5
44.63929509598765 44.63929509598765 42.5 42.5
0.0 0.0 54.5 54.5
54.5 54.5 54.5 54.5
7.1477905041284675 7.1477905041284675 0.0 0.0
31.822423959633664 31.822423959633664 31.822423959633664 31.822423959633664
1.3569339855976197 1.3569339855976197 1.4190156595953656 1.4190156595953656
18.583146486355137 18.583146486355137 18.469945557280045 18.469945557280045
5.072905971925756 5.072905971925756 4.897384506039933 4.897384506039933
52.5 52.5 52.5 52.5
42.20847729491737 42.20847729491737 42.20847729491737 42.20847729491737
20.660575379209554 20.660575379209554 20.660575379209554 20.660575379209554
4.025429372458677 4.025429372458677 4.025429372458677 4.025429372458677
49.0 49.0 49.0 49.0
12.152674602736633 12.152674602736633 12.152674602736633 12.152674602736633
25.553082005895096 25.553082005895096 25.553082005895096 25.553082005895096
44.5 44.5 44.5 44.5
43.0 43.0 43.0 43.0
0.0 0.0 43.5 43.5
0.0 0.0 43.5 43.5
0.0 0.0 43.5 43.5
7.7977917101930565 7.7977917101930565 0.0 0.0
42.5 42.5 42.5 42.5
0.0 0.0 41.5 41.5
41.5 41.5 0.0 0.0
0.0 0.0 40.5 40.5
39.5 39.5 39.5 39.5
20.64754192765621 20.64754192765621 20.64754192765621 20.64754192765621
35.5 35.5 35.5 35.5
38.63504454076204 38.63504454076204 38.63504454076204 38.63504454076204
34.266926069057064 34.266926069057064 34.266926069057064 34.266926069057064
35.5 35.5 35.5 35.5
35.89800365851375 35.89800365851375 35.89800365851375 35.89800365851375
13.2664991614216 13.2664991614216 13.2664991614216 13.2664991614216
33.5 33.5 33.5 33.5
9.285592184789413 9.285592184789413 9.285592184789413 9.285592184789413
33.5 33.5 33.5 33.5
33.5 33.5 33.5 33.5
22.70152803227131 22.70152803227131 23.010866998007703 23.010866998007703
33.0 33.0 33.0 33.0
7.969616860264254 7.969616860264254 7.969616860264254 7.969616860264254
33.5 33.5 33.5 33.5
32.0 32.0 32.0 32.0
31.0 31.0 31.0 31.0
31.0 31.0 31.0 31.0
30.5 30.5 30.5 30.5
30.5 30.5 30.5 30.5
27.5 27.5 27.5 27.5
19.0 19.0 19.0 19.0
9.568466729604882 9.568466729604882 9.568466729604882 9.568466729604882
6.97614984548545 6.97614984548545 6.97614984548545 6.97614984548545
28.686039965266886 28.686039965266886 28.686039965266886 28.686039965266886
9.5 9.5 11.115554667022044 11.115554667022044
11.994139193789607 11.994139193789607 11.652108234031209 11.652108234031209
12.013880860626733 12.013880860626733 12.013880860626733 12.013880860626733
21.07390269978487 21.07390269978487 21.07390269978487 21.07390269978487
24.31434761617099 24.31434761617099 24.31434761617099 24.31434761617099
22.125902367034787 22.125902367034787 22.125902367034787 22.125902367034787
8.0 8.0 8.0 8.0
28.098042636454235 28.098042636454235 28.098042636454235 28.098042636454235
19.324693709920698 19.324693709920698 19.324693709920698 19.324693709920698
30.214051182999096 30.214051182999096 30.214051182999096 30.214051182999096
19.0 19.0 19.0 19.0
20.5 20.5 20.5 20.5
24.5 24.5 24.5 24.5
29.0 29.0 29.0 29.0
32.5 32.5 32.5 32.5
38.12552367582058 38.12552367582058 38.12552367582058 38.12552367582058
40.13311184877976 40.13311184877976 40.13311184877976 40.13311184877976
36.0 36.0 36.0 36.0
48.194052191807515 48.194052191807515 48.194052191807515 48.194052191807515
50.5 50.5 50.5 50.5
51.0 51.0 51.0 51.0
0.0 0.0 0.0 0.0
0.0 0.0 0.0 0.0
0.0 0.0 0.0 0.0
0.0 0.0 0.0 0.0

44.05890942817355 44.05890942817355 44.05890942817355 44.05890942817355
0.33071891388307384 0.33071891388307384 0.33071891388307384 0.33071891388307384
0.2290614236454256 0.2290614236454256 0.2729595929287048 0.2729595929287048
0.2729595929287048 0.2729595929287048 0.2729595929287048 0.2729595929287048
0.48989794855663565 0.48989794855663565 0.49487165930539356 0.49487165930539356
3.006417927174209 3.006417927174209 3.006417927174209 3.006417927174209
2.0805982045769644 2.0805982045769644 2.037730048362638 2.037730048362638
1.8405855323893037 1.8405855323893037 1.8405855323893037 1.8405855323893037
1.4411811550766889 1.4411811550766889 1.4411811550766889 1.4411811550766889
56.5 56.5 56.5 56.5
9.29297449689818 9.29297449689818 0.0 0.0
56.5 56.5 56.5 56.5
0.0 0.0 0.0 0.0
55.0 55.0 54.5 54.5
0.0 0.0 0.0 0.0
0.0 0.0 0.0 0.0
7.270087115479887 7.270087115479887 0.0 0.0
35.0 35.0 35.0 35.0
1.4521857792358959 1.4521857792358959 1.4521857792358959 1.4521857792358959
17.701977290687047 17.701977290687047 17.701977290687047 17.701977290687047
6.232174580353153 6.232174580353153 6.2809234989768825 6.2809234989768825
0.0 0.0 0.0 0.0
45.9782557302906 45.9782557302906 45.9782557302906 45.9782557302906
19.94367067517913 19.94367067517913 19.94367067517913 19.94367067517913
3.8703477668983046 3.8703477668983046 3.8703477668983046 3.8703477668983046
0.0 0.0 0.0 0.0
13.589211407093005 13.589211407093005 13.589211407093005 13.589211407093005
27.13374283065276 27.13374283065276 27.13374283065276 27.13374283065276
56.5 56.5 56.5 56.5
55.0 55.0 55.0 55.0
0.0 0.0 55.5 55.5
0.0 0.0 55.5 55.5
0.0 0.0 55.5 55.5
7.536946036396675 7.536946036396675 0.0 0.0
54.5 54.5 54.5 54.5
0.0 0.0 53.5 53.5
53.5 53.5 0.0 0.0
0.0 0.0 52.5 52.5
51.5 51.5 51.5 51.5
23.937160531712774 23.937160531712774 23.937160531712774 23.937160531712774
47.5 47.5 47.5 47.5
46.180804092898455 46.180804092898455 46.180804092898455 46.180804092898455
42.02644669993196 42.02644669993196 42.02644669993196 42.02644669993196
47.5 47.5 47.5 47.5
43.36665385600631 43.36665385600631 43.36665385600631 43.36665385600631
12.397076268217438 12.397076268217438 12.397076268217438 12.397076268217438
45.5 45.5 45.5 45.5
17.613126418163876 17.613126418163876 17.613126418163876 17.613126418163876
45.5 45.5 45.5 45.5
45.5 45.5 45.5 45.5
20.859317129549353 20.859317129549353 21.16659375898788 21.16659375898788
45.0 45.0 45.0 45.0
5.8733375307400815 5.8733375307400815 5.8733375307400815 5.8733375307400815
45.5 45.5 45.5 45.5
44.0 44.0 44.0 44.0
43.0 43.0 43.0 43.0
43.0 43.0 43.0 43.0
42.5 42.5 42.5 42.5
42.5 42.5 42.5 42.5
39.5 39.5 39.5 39.5
31.0 31.0 31.0 31.0
6.599663291074443 6.599663291074443 6.599663291074443 6.599663291074443
17.76231966833161 17.76231966833161 17.76231966833161 17.76231966833161
33.209770985191824 33.209770985191824 33.209770985191824 33.209770985191824
21.5 21.5 13.097921802925667 13.097921802925667
8.444703629529085 8.444703629529085 8.194357814984649 8.194357814984649
10.785793124908958 10.785793124908958 10.785793124908958 10.785793124908958
21.426837727485594 21.426837727485594 21.426837727485594 21.426837727485594
25.16321720289359 25.16321720289359 25.16321720289359 25.16321720289359
20.038851153585515 20.038851153585515 20.038851153585515 20.038851153585515
4.0 4.0 4.0 4.0
25.758493744782516 25.758493744782516 25.758493744782516 25.758493744782516
14.70915956130737 14.70915956130737 14.70915956130737 14.70915956130737
26.5497436689865 26.5497436689865 26.5497436689865 26.5497436689865
7.0 7.0 7.0 7.0
8.5 8.5 8.5 8.5
12.5 12.5 12.5 12.5
17.0 17.0 17.0 17.0
20.5 20.5 20.5 20.5
31.47518864121389 31.47518864121389 31.47518864121389 31.47518864121389
33.14614105241614 33.14614105241614 33.14614105241614 33.14614105241614
24.0 24.0 24.0 24.0
40.431011200150145 40.431011200150145 40.431011200150145 40.431011200150145
38.5 38.5 38.5 38.5
39.0 39.0 39.0 39.0
0.0 0.0 0.0 0.0
0.0 0.0 0.0 0.0
0.0 0.0 0.0 0.0
0.0 0.0 0.0 0.0

0.0 0.0 0.0 0.0
0.3399346342395189 0.3399346342395189 0.4 0.4
0.22612433149569608 0.22612433149569608 0.2696565991042 0.2696565991042
0.2836367870880281 0.2836367870880281 0.2836367870880281 0.2836367870880281
0.4997958767010257 0.4997958767010257 0.5525451315946777 0.5525451315946777
3.006417927174209 3.006417927174209 3.006417927174209 3.006417927174209
2.6963369960298214 2.6963369960298214 2.6342661041081765 2.6342661041081765
2.1746008573733455 2.1746008573733455 2.1746008573733455 2.1746008573733455
1.4009065000392555 1.4009065000392555 1.4009065000392555 1.4009065000392555
0.0 0.0 0.0 0.0
8.652131240336105 8.652131240336105 0.0 0.0
0.0 0.0 0.0 0.0
0.0 0.0 0.0 0.0
0.0 0.0 0.0 0.0
0.0 0.0 0.0 0.0
0.0 0.0 0.0 0.0
7.272551134230683 7.272551134230683 0.0 0.0
47.0 47.0 47.0 47.0
1.3569339855976197 1.3569339855976197 1.3569339855976197 1.3569339855976197
18.43381554522979 18.43381554522979 18.43381554522979 18.43381554522979
5.911577248258723 5.911577248258723 5.985188819669818 5.985188819669818
0.0 0.0 0.0 0.0
44.37967502760194 44.37967502760194 44.37967502760194 44.37967502760194
16.484841521834536 16.484841521834536 16.484841521834536 16.484841521834536
6.273705045664802 6.273705045664802 6.273705045664802 6.273705045664802
0.0 0.0 0.0 0.0
21.82251640444388 21.82251640444388 21.82251640444388 21.82251640444388
24.589970855343985 24.589970855343985 24.589970855343985 24.589970855343985
0.0 0.0 0.0 0.0
0.0 0.0 0.0 0.0
0.0 0.0 0.0 0.0
0.0 0.0 0.0 0.0
0.0 0.0 0.0 0.0
8.091490729292238 8.091490729292238 0.0 0.0
0.0 0.0 0.0 0.0
0.0 0.0 0.0 0.0
54.5 54.5 0.0 0.0
0.0 0.0 0.0 0.0
0.0 0.0 0.0 0.0
29.355312551563813 29.355312551563813 29.355312551563813 29.355312551563813
0.0 0.0 0.0 0.0
57.5 57.5 57.5 57.5
52.0 52.0 52.0 52.0
0.0 0.0 0.0 0.0
51.62040940041707 51.62040940041707 51.62040940041707 51.62040940041707
14.886235252742717 14.886235252742717 14.886235252742717 14.886235252742717
57.5 57.5 57.5 57.5
26.948510575210314 26.948510575210314 26.948510575210314 26.948510575210314
57.5 57.5 57.5 57.5
57.5 57.5 57.5 57.5
20.161597158955438 20.161597158955438 20.454828280872952 20.454828280872952
57.0 57.0 57.0 57.0
5.8733375307400815 5.8733375307400815 5.8733375307400815 5.8733375307400815
57.5 57.5 57.5 57.5
56.0 56.0 56.0 56.0
55.0 55.0 55.0 55.0
55.0 55.0 55.0 55.0
54.5 54.5 54.5 54.5
54.5 54.5 54.5 54.5
51.5 51.5 51.5 51.5
43.0 43.0 43.0 43.0
19.917015338649513 19.917015338649513 13.4412301024373 13.4412301024373
13.546217184144066 13.546217184144066 13.546217184144066 13.546217184144066
39.684869772860395 39.684869772860395 39.684869772860395 39.684869772860395
34.77866523539331 34.77866523539331 20.60794749605113 20.60794749605113
5.4046119072209855 5.4046119072209855 5.186621411542071 5.186621411542071
10.969655114602888 10.969655114602888 10.969655114602888 10.969655114602888
23.36898318284302 23.36898318284302 23.36898318284302 23.36898318284302
28.621451745150875 28.621451745150875 28.621451745150875 28.621451745150875
22.484562605386735 22.484562605386735 22.484562605386735 22.484562605386735
16.0 16.0 16.0 16.0
26.105554964413226 26.105554964413226 26.105554964413226 26.105554964413226
11.570754207966587 11.570754207966587 11.570754207966587 11.570754207966587
26.246692913372705 26.246692913372705 26.246692913372705 26.246692913372705
5.0 5.0 5.0 5.0
3.5 3.5 3.5 3.5
0.5 0.5 0.5 0.5
5.0 5.0 5.0 5.0
8.5 8.5 8.5 8.5
24.27014627067583 24.27014627067583 24.27014627067583 24.27014627067583
27.9045993819418 27.9045993819418 27.9045993819418 27.9045993819418
12.0 12.0 12.0 12.0
33.7441352929167 33.7441352929167 33.7441352929167 33.7441352929167
34.53500639447844 34.53500639447844 34.53500639447844 34.53500639447844
27.0 27.0 27.0 27.0
0.0 0.0 0.0 0.0
47.0 47.0 47.0 47.0
47.5 47.5 47.5 47.5
55.0 55.0 55.0 55.0

