0.0 0.0 0.0 0.0
0.0 0.0 0.0 0.0
0.0 0.0 0.0 0.0
0.0 0.0 0.0 0.0
0.0 0.0 0.0 0.0
0.005988023952095809 0.005988023952095809 0.005988023952095809 0.005988023952095809
0.011976047904191617 0.011976047904191617 0.011976047904191617 0.011976047904191617
0.011976047904191617 0.011976047904191617 0.011976047904191617 0.011976047904191617
0.011976047904191617 0.011976047904191617 0.011976047904191617 0.011976047904191617
0.011976047904191617 0.011976047904191617 0.011976047904191617 0.011976047904191617
0.011976047904191617 0.011976047904191617 0.011976047904191617 0.011976047904191617
0.011976047904191617 0.011976047904191617 0.011976047904191617 0.011976047904191617
0.011976047904191617 0.011976047904191617 0.011976047904191617 0.011976047904191617
0.011976047904191617 0.011976047904191617 0.011976047904191617 0.011976047904191617
0.011976047904191617 0.011976047904191617 0.011976047904191617 0.011976047904191617
0.011976047904191617 0.011976047904191617 0.011976047904191617 0.011976047904191617
0.011976047904191617 0.011976047904191617 0.011976047904191617 0.011976047904191617
0.011976047904191617 0.011976047904191617 0.011976047904191617 0.011976047904191617
0.011976047904191617 0.011976047904191617 0.011976047904191617 0.011976047904191617
0.011976047904191617 0.011976047904191617 0.011976047904191617 0.011976047904191617
0.011976047904191617 0.011976047904191617 0.011976047904191617 0.011976047904191617
0.011976047904191617 0.011976047904191617 0.011976047904191617 0.011976047904191617
0.011976047904191617 0.011976047904191617 0.011976047904191617 0.011976047904191617
0.011976047904191617 0.011976047904191617 0.011976047904191617 0.011976047904191617
0.011976047904191617 0.011976047904191617 0.011976047904191617 0.011976047904191617
0.011976047904191617 0.011976047904191617 0.011976047904191617 0.011976047904191617
0.011976047904191617 0.011976047904191617 0.011976047904191617 0.011976047904191617
0.011976047904191617 0.011976047904191617 0.011976047904191617 0.011976047904191617
0.011976047904191617 0.011976047904191617 0.011976047904191617 0.011976047904191617
0.011976047904191617 0.011976047904191617 0.011976047904191617 0.011976047904191617
0.011976047904191617 0.011976047904191617 0.011976047904191617 0.011976047904191617
0.011976047904191617 0.011976047904191617 0.011976047904191617 0.011976047904191617
0.011976047904191617 0.011976047904191617 0.011976047904191617 0.011976047904191617
0.011976047904191617 0.011976047904191617 0.011976047904191617 0.011976047904191617
0.011976047904191617 0.011976047904191617 0.011976047904191617 0.011976047904191617
0.011976047904191617 0.011976047904191617 0.011976047904191617 0.011976047904191617
0.011976047904191617 0.011976047904191617 0.011976047904191617 0.011976047904191617
0.011976047904191617 0.011976047904191617 0.011976047904191617 0.011976047904191617
0.011976047904191617 0.011976047904191617 0.011976047904191617 0.011976047904191617
0.011976047904191617 0.011976047904191617 0.011976047904191617 0.011976047904191617
0.011976047904191617 0.011976047904191617 0.011976047904191617 0.011976047904191617
0.011976047904191617 0.011976047904191617 0.011976047904191617 0.011976047904191617
0.011976047904191617 0.011976047904191617 0.011976047904191617 0.011976047904191617
0.011976047904191617 0.011976047904191617 0.011976047904191617 0.011976047904191617
0.011976047904191617 0.011976047904191617 0.011976047904191617 0.011976047904191617
0.011976047904191617 0.011976047904191617 0.011976047904191617 0.011976047904191617
0.011976047904191617 0.011976047904191617 0.011976047904191617 0.011976047904191617
0.011976047904191617 0.011976047904191617 0.011976047904191617 0.011976047904191617
0.011976047904191617 0.011976047904191617 0.011976047904191617 0.011976047904191617
0.011976047904191617 0.011976047904191617 0.011976047904191617 0.011976047904191617
0.011976047904191617 0.011976047904191617 0.011976047904191617 0.011976047904191617
0.011976047904191617 0.011976047904191617 0.011976047904191617 0.011976047904191617
0.011976047904191617 0.011976047904191617 0.011976047904191617 0.011976047904191617
0.011976047904191617 0.011976047904191617 0.011976047904191617 0.011976047904191617
0.011976047904191617 0.011976047904191617 0.011976047904191617 0.011976047904191617
0.011976047904191617 0.011976047904191617 0.011976047904191617 0.011976047904191617
0.011976047904191617 0.011976047904191617 0.011976047904191617 0.011976047904191617
0.011976047904191617 0.011976047904191617 0.011976047904191617 0.011976047904191617
0.011976047904191617 0.011976047904191617 0.011976047904191617 0.011976047904191617
0.011976047904191617 0.011976047904191617 0.011976047904191617 0.011976047904191617
0.011976047904191617 0.011976047904191617 0.011976047904191617 0.011976047904191617
0.011976047904191617 0.011976047904191617 0.011976047904191617 0.011976047904191617
0.011976047904191617 0.011976047904191617 0.011976047904191617 0.011976047904191617
0.011976047904191617 0.011976047904191617 0.011976047904191617 0.011976047904191617
0.011976047904191617 0.011976047904191617 0.011976047904191617 0.011976047904191617
0.011976047904191617 0.011976047904191617 0.011976047904191617 0.011976047904191617
0.011976047904191617 0.011976047904191617 0.011976047904191617 0.011976047904191617
0.011976047904191617 0.011976047904191617 0.011976047904191617 0.011976047904191617
0.011976047904191617 0.011976047904191617 0.011976047904191617 0.011976047904191617
0.011976047904191617 0.011976047904191617 0.011976047904191617 0.011976047904191617
0.011976047904191617 0.011976047904191617 0.011976047904191617 0.011976047904191617
0.011976047904191617 0.011976047904191617 0.011976047904191617 0.011976047904191617
0.011976047904191617 0.011976047904191617 0.011976047904191617 0.011976047904191617
0.011976047904191617 0.011976047904191617 0.011976047904191617 0.011976047904191617
0.011976047904191617 0.011976047904191617 0.011976047904191617 0.011976047904191617
0.011976047904191617 0.011976047904191617 0.011976047904191617 0.011976047904191617
0.011976047904191617 0.011976047904191617 0.011976047904191617 0.011976047904191617
0.011976047904191617 0.011976047904191617 0.011976047904191617 0.011976047904191617
0.011976047904191617 0.011976047904191617 0.011976047904191617 0.011976047904191617
0.011976047904191617 0.011976047904191617 0.011976047904191617 0.011976047904191617
0.011976047904191617 0.011976047904191617 0.011976047904191617 0.011976047904191617
0.011976047904191617 0.011976047904191617 0.011976047904191617 0.011976047904191617
0.011976047904191617 0.011976047904191617 0.011976047904191617 0.011976047904191617
0.011976047904191617 0.011976047904191617 0.011976047904191617 0.011976047904191617
0.011976047904191617 0.011976047904191617 0.011976047904191617 0.011976047904191617
0.011976047904191617 0.011976047904191617 0.011976047904191617 0.011976047904191617
0.011976047904191617 0.011976047904191617 0.011976047904191617 0.011976047904191617
0.011976047904191617 0.011976047904191617 0.011976047904191617 0.011976047904191617
0.011976047904191617 0.011976047904191617 0.011976047904191617 0.011976047904191617

0.011904761904761904 0.011904761904761904 0.011904761904761904 0.011904761904761904
0.0 0.0 0.0 0.0
0.0 0.0 0.0 0.0
0.005952380952380952 0.005952380952380952 0.005952380952380952 0.005952380952380952
0.0 0.0 0.0 0.0
0.005952380952380952 0.005952380952380952 0.005952380952380952 0.005952380952380952
0.005952380952380952 0.005952380952380952 0.005952380952380952 0.005952380952380952
0.011904761904761904 0.011904761904761904 0.011904761904761904 0.011904761904761904
0.011904761904761904 0.011904761904761904 0.011904761904761904 0.011904761904761904
0.011904761904761904 0.011904761904761904 0.011904761904761904 0.011904761904761904
0.011904761904761904 0.011904761904761904 0.011904761904761904 0.011904761904761904
0.011904761904761904 0.011904761904761904 0.011904761904761904 0.011904761904761904
0.011904761904761904 0.011904761904761904 0.011904761904761904 0.011904761904761904
0.011904761904761904 0.011904761904761904 0.011904761904761904 0.011904761904761904
0.011904761904761904 0.011904761904761904 0.011904761904761904 0.011904761904761904
0.011904761904761904 0.011904761904761904 0.011904761904761904 0.011904761904761904
0.011904761904761904 0.011904761904761904 0.011904761904761904 0.011904761904761904
0.011904761904761904 0.011904761904761904 0.011904761904761904 0.011904761904761904
0.011904761904761904 0.011904761904761904 0.011904761904761904 0.011904761904761904
0.011904761904761904 0.011904761904761904 0.011904761904761904 0.011904761904761904
0.011904761904761904 0.011904761904761904 0.011904761904761904 0.011904761904761904
0.011904761904761904 0.011904761904761904 0.011904761904761904 0.011904761904761904
0.011904761904761904 0.011904761904761904 0.011904761904761904 0.011904761904761904
0.011904761904761904 0.011904761904761904 0.011904761904761904 0.011904761904761904
0.011904761904761904 0.011904761904761904 0.011904761904761904 0.011904761904761904
0.011904761904761904 0.011904761904761904 0.011904761904761904 0.011904761904761904
0.005952380952380952 0.005952380952380952 0.005952380952380952 0.005952380952380952
0.011904761904761904 0.011904761904761904 0.011904761904761904 0.011904761904761904
0.011904761904761904 0.011904761904761904 0.011904761904761904 0.011904761904761904
0.011904761904761904 0.011904761904761904 0.011904761904761904 0.011904761904761904
0.011904761904761904 0.011904761904761904 0.011904761904761904 0.011904761904761904
0.011904761904761904 0.011904761904761904 0.011904761904761904 0.011904761904761904
0.011904761904761904 0.011904761904761904 0.011904761904761904 0.011904761904761904
0.011904761904761904 0.011904761904761904 0.011904761904761904 0.011904761904761904
0.011904761904761904 0.011904761904761904 0.011904761904761904 0.011904761904761904
0.011904761904761904 0.011904761904761904 0.011904761904761904 0.011904761904761904
0.011904761904761904 0.011904761904761904 0.011904761904761904 0.011904761904761904
0.011904761904761904 0.011904761904761904 0.011904761904761904 0.011904761904761904
0.011904761904761904 0.011904761904761904 0.011904761904761904 0.011904761904761904
0.011904761904761904 0.011904761904761904 0.011904761904761904 0.011904761904761904
0.011904761904761904 0.011904761904761904 0.011904761904761904 0.011904761904761904
0.011904761904761904 0.011904761904761904 0.011904761904761904 0.011904761904761904
0.011904761904761904 0.011904761904761904 0.011904761904761904 0.011904761904761904
0.011904761904761904 0.011904761904761904 0.011904761904761904 0.011904761904761904
0.011904761904761904 0.011904761904761904 0.011904761904761904 0.011904761904761904
0.011904761904761904 0.011904761904761904 0.011904761904761904 0.011904761904761904
0.011904761904761904 0.011904761904761904 0.011904761904761904 0.011904761904761904
0.011904761904761904 0.011904761904761904 0.011904761904761904 0.011904761904761904
0.011904761904761904 0.011904761904761904 0.011904761904761904 0.011904761904761904
0.011904761904761904 0.011904761904761904 0.011904761904761904 0.011904761904761904
0.011904761904761904 0.011904761904761904 0.011904761904761904 0.011904761904761904
0.011904761904761904 0.011904761904761904 0.011904761904761904 0.011904761904761904
0.011904761904761904 0.011904761904761904 0.011904761904761904 0.011904761904761904
0.011904761904761904 0.011904761904761904 0.011904761904761904 0.011904761904761904
0.011904761904761904 0.011904761904761904 0.011904761904761904 0.011904761904761904
0.011904761904761904 0.011904761904761904 0.011904761904761904 0.011904761904761904
0.011904761904761904 0.011904761904761904 0.011904761904761904 0.011904761904761904
0.011904761904761904 0.011904761904761904 0.011904761904761904 0.011904761904761904
0.011904761904761904 0.011904761904761904 0.011904761904761904 0.011904761904761904
0.011904761904761904 0.011904761904761904 0.011904761904761904 0.011904761904761904
0.011904761904761904 0.011904761904761904 0.011904761904761904 0.011904761904761904
0.011904761904761904 0.011904761904761904 0.011904761904761904 0.011904761904761904
0.011904761904761904 0.011904761904761904 0.011904761904761904 0.011904761904761904
0.011904761904761904 0.011904761904761904 0.011904761904761904 0.011904761904761904
0.011904761904761904 0.011904761904761904 0.011904761904761904 0.011904761904761904
0.011904761904761904 0.011904761904761904 0.011904761904761904 0.011904761904761904
0.011904761904761904 0.011904761904761904 0.011904761904761904 0.011904761904761904
0.011904761904761904 0.011904761904761904 0.011904761904761904 0.011904761904761904
0.011904761904761904 0.011904761904761904 0.011904761904761904 0.011904761904761904
0.011904761904761904 0.011904761904761904 0.011904761904761904 0.011904761904761904
0.011904761904761904 0.011904761904761904 0.011904761904761904 0.011904761904761904
0.011904761904761904 0.011904761904761904 0.011904761904761904 0.011904761904761904
0.011904761904761904 0.011904761904761904 0.011904761904761904 0.011904761904761904
0.011904761904761904 0.011904761904761904 0.011904761904761904 0.011904761904761904
0.011904761904761904 0.011904761904761904 0.011904761904761904 0.011904761904761904
0.011904761904761904 0.011904761904761904 0.011904761904761904 0.011904761904761904
0.011904761904761904 0.011904761904761904 0.011904761904761904 0.011904761904761904
0.011904761904761904 0.011904761904761904 0.011904761904761904 0.011904761904761904
0.011904761904761904 0.011904761904761904 0.011904761904761904 0.011904761904761904
0.011904761904761904 0.011904761904761904 0.011904761904761904 0.011904761904761904
0.011904761904761904 0.011904761904761904 0.011904761904761904 0.011904761904761904
0.011904761904761904 0.011904761904761904 0.011904761904761904 0.011904761904761904
0.011904761904761904 0.011904761904761904 0.011904761904761904 0.011904761904761904
0.011904761904761904 0.011904761904761904 0.011904761904761904 0.011904761904761904
0.011904761904761904 0.011904761904761904 0.011904761904761904 0.011904761904761904
0.011904761904761904 0.011904761904761904 0.011904761904761904 0.011904761904761904
0.011904761904761904 0.011904761904761904 0.011904761904761904 0.011904761904761904
0.011904761904761904 0.011904761904761904 0.011904761904761904 0.011904761904761904
0.011904761904761904 0.011904761904761904 0.011904761904761904 0.011904761904761904

0.0 0.0 0.0 0.0
0.01282051282051282 0.01282051282051282 0.01282051282051282 0.01282051282051282
0.0 0.0 0.0 0.0
0.0 0.0 0.0 0.0
0.0 0.0 0.0 0.0
0.00641025641025641 0.00641025641025641 0.00641025641025641 0.00641025641025641
0.0 0.0 0.0 0.0
0.01282051282051282 0.01282051282051282 0.01282051282051282 0.01282051282051282
0.01282051282051282 0.01282051282051282 0.01282051282051282 0.01282051282051282
0.01282051282051282 0.01282051282051282 0.01282051282051282 0.01282051282051282
0.01282051282051282 0.01282051282051282 0.01282051282051282 0.01282051282051282
0.01282051282051282 0.01282051282051282 0.01282051282051282 0.01282051282051282
0.01282051282051282 0.01282051282051282 0.01282051282051282 0.01282051282051282
0.01282051282051282 0.01282051282051282 0.01282051282051282 0.01282051282051282
0.01282051282051282 0.01282051282051282 0.01282051282051282 0.01282051282051282
0.01282051282051282 0.01282051282051282 0.01282051282051282 0.01282051282051282
0.01282051282051282 0.01282051282051282 0.01282051282051282 0.01282051282051282
0.01282051282051282 0.01282051282051282 0.01282051282051282 0.01282051282051282
0.0 0.0 0.0 0.0
0.01282051282051282 0.01282051282051282 0.01282051282051282 0.01282051282051282
0.01282051282051282 0.01282051282051282 0.01282051282051282 0.01282051282051282
0.01282051282051282 0.01282051282051282 0.01282051282051282 0.01282051282051282
0.01282051282051282 0.01282051282051282 0.01282051282051282 0.01282051282051282
0.01282051282051282 0.01282051282051282 0.01282051282051282 0.01282051282051282
0.01282051282051282 0.01282051282051282 0.01282051282051282 0.01282051282051282
0.01282051282051282 0.01282051282051282 0.01282051282051282 0.01282051282051282
0.01282051282051282 0.01282051282051282 0.01282051282051282 0.01282051282051282
0.01282051282051282 0.01282051282051282 0.01282051282051282 0.01282051282051282
0.01282051282051282 0.01282051282051282 0.01282051282051282 0.01282051282051282
0.01282051282051282 0.01282051282051282 0.01282051282051282 0.01282051282051282
0.01282051282051282 0.01282051282051282 0.01282051282051282 0.01282051282051282
0.01282051282051282 0.01282051282051282 0.01282051282051282 0.01282051282051282
0.01282051282051282 0.01282051282051282 0.01282051282051282 0.01282051282051282
0.01282051282051282 0.01282051282051282 0.01282051282051282 0.01282051282051282
0.01282051282051282 0.01282051282051282 0.01282051282051282 0.01282051282051282
0.01282051282051282 0.01282051282051282 0.01282051282051282 0.01282051282051282
0.01282051282051282 0.01282051282051282 0.01282051282051282 0.01282051282051282
0.01282051282051282 0.01282051282051282 0.01282051282051282 0.01282051282051282
0.01282051282051282 0.01282051282051282 0.01282051282051282 0.01282051282051282
0.0 0.0 0.0 0.0
0.00641025641025641 0.00641025641025641 0.00641025641025641 0.00641025641025641
0.00641025641025641 0.00641025641025641 0.00641025641025641 0.00641025641025641
0.0 0.0 0.0 0.0
0.00641025641025641 0.00641025641025641 0.00641025641025641 0.00641025641025641
0.00641025641025641 0.00641025641025641 0.00641025641025641 0.00641025641025641
0.00641025641025641 0.00641025641025641 0.00641025641025641 0.00641025641025641
0.01282051282051282 0.01282051282051282 0.01282051282051282 0.01282051282051282
0.01282051282051282 0.01282051282051282 0.01282051282051282 0.01282051282051282
0.01282051282051282 0.01282051282051282 0.01282051282051282 0.01282051282051282
0.01282051282051282 0.01282051282051282 0.01282051282051282 0.01282051282051282
0.01282051282051282 0.01282051282051282 0.01282051282051282 0.01282051282051282
0.01282051282051282 0.01282051282051282 0.01282051282051282 0.01282051282051282
0.01282051282051282 0.01282051282051282 0.01282051282051282 0.01282051282051282
0.01282051282051282 0.01282051282051282 0.01282051282051282 0.01282051282051282
0.01282051282051282 0.01282051282051282 0.01282051282051282 0.01282051282051282
0.01282051282051282 0.01282051282051282 0.01282051282051282 0.01282051282051282
0.01282051282051282 0.01282051282051282 0.01282051282051282 0.01282051282051282
0.01282051282051282 0.01282051282051282 0.01282051282051282 0.01282051282051282
0.01282051282051282 0.01282051282051282 0.01282051282051282 0.01282051282051282
0.01282051282051282 0.01282051282051282 0.01282051282051282 0.01282051282051282
0.01282051282051282 0.01282051282051282 0.01282051282051282 0.01282051282051282
0.01282051282051282 0.01282051282051282 0.01282051282051282 0.01282051282051282
0.01282051282051282 0.01282051282051282 0.01282051282051282 0.01282051282051282
0.01282051282051282 0.01282051282051282 0.01282051282051282 0.01282051282051282
0.01282051282051282 0.01282051282051282 0.01282051282051282 0.01282051282051282
0.01282051282051282 0.01282051282051282 0.01282051282051282 0.01282051282051282
0.01282051282051282 0.01282051282051282 0.01282051282051282 0.01282051282051282
0.01282051282051282 0.01282051282051282 0.01282051282051282 0.01282051282051282
0.01282051282051282 0.01282051282051282 0.01282051282051282 0.01282051282051282
0.01282051282051282 0.01282051282051282 0.01282051282051282 0.01282051282051282
0.01282051282051282 0.01282051282051282 0.01282051282051282 0.01282051282051282
0.01282051282051282 0.01282051282051282 0.01282051282051282 0.01282051282051282
0.01282051282051282 0.01282051282051282 0.01282051282051282 0.01282051282051282
0.01282051282051282 0.01282051282051282 0.01282051282051282 0.01282051282051282
0.01282051282051282 0.01282051282051282 0.01282051282051282 0.01282051282051282
0.01282051282051282 0.01282051282051282 0.01282051282051282 0.01282051282051282
0.01282051282051282 0.01282051282051282 0.01282051282051282 0.01282051282051282
0.01282051282051282 0.01282051282051282 0.01282051282051282 0.01282051282051282
0.01282051282051282 0.01282051282051282 0.01282051282051282 0.01282051282051282
0.01282051282051282 0.01282051282051282 0.01282051282051282 0.01282051282051282
0.01282051282051282 0.01282051282051282 0.01282051282051282 0.01282051282051282
0.01282051282051282 0.01282051282051282 0.01282051282051282 0.01282051282051282
0.01282051282051282 0.01282051282051282 0.01282051282051282 0.01282051282051282
0.01282051282051282 0.01282051282051282 0.01282051282051282 0.01282051282051282
0.01282051282051282 0.01282051282051282 0.01282051282051282 0.01282051282051282
0.01282051282051282 0.01282051282051282 0.01282051282051282 0.01282051282051282
0.01282051282051282 0.01282051282051282 0.01282051282051282 0.01282051282051282
0.01282051282051282 0.01282051282051282 0.01282051282051282 0.01282051282051282
0.01282051282051282 0.01282051282051282 0.01282051282051282 0.01282051282051282

