7.0 1045.5 0.0 0.0 0 0 2.0 2.0
7.0 1948.5 8.0 1910.0 1.0 1.0 1.0 1.0
16.5 1653.5 19.5 2639.0 1.0 1.0 1.0 1.0
6.0 2163.0 3.0 134.0 0 0 0 0
2.5 1710.0 0.0 0.0 0 0 2.0 2.0
1.0 63.0 1.0 55.0 0 0 0 0
2.0 124.0 2.0 285.0 1.0 1.0 1.0 1.0
3.5 1153.0 3.0 274.0 1.0 1.0 1.0 1.0
2.0 495.0 2.0 125.0 1.0 1.0 1.0 1.0
2.5 153.0 2.5 182.0 1.0 1.0 1.0 1.0
1.0 52.0 1.5 292.5 1.0 1.0 1.0 1.0
1.0 54.5 1.0 52.5 1.0 1.0 1.0 1.0
0.0 0.0 0.0 0.0 2.0 2.0 2.0 2.0
0.0 0.0 0.0 0.0 2.0 2.0 2.0 2.0
0.0 0.0 0.0 0.0 2.0 2.0 2.0 2.0
0.0 0.0 0.0 0.0 2.0 2.0 2.0 2.0
0.0 0.0 0.0 0.0 2.0 2.0 2.0 2.0
0.0 0.0 0.0 0.0 2.0 2.0 2.0 2.0
0.0 0.0 0.0 0.0 2.0 2.0 2.0 2.0
0.0 0.0 0.0 0.0 2.0 2.0 2.0 2.0
0.0 0.0 0.0 0.0 2.0 2.0 2.0 2.0
0.0 0.0 0.0 0.0 2.0 2.0 2.0 2.0
0.0 0.0 0.0 0.0 2.0 2.0 2.0 2.0
0.0 0.0 0.0 0.0 2.0 2.0 2.0 2.0
0.0 0.0 0.0 0.0 2.0 2.0 2.0 2.0
0.0 0.0 0.0 0.0 2.0 2.0 2.0 2.0
0.0 0.0 0.0 0.0 2.0 2.0 2.0 2.0
0.0 0.0 0.0 0.0 2.0 2.0 2.0 2.0
0.0 0.0 0.0 0.0 2.0 2.0 2.0 2.0
0.0 0.0 0.0 0.0 2.0 2.0 2.0 2.0
0.0 0.0 0.0 0.0 2.0 2.0 2.0 2.0
0.0 0.0 0.0 0.0 2.0 2.0 2.0 2.0
0.0 0.0 0.0 0.0 2.0 2.0 2.0 2.0
0.0 0.0 0.0 0.0 2.0 2.0 2.0 2.0

4.0 633.5 0.0 0.0 1.0 1.0 2.0 2.0
8.0 2032.5 9.5 1983.5 1.0 1.0 1.0 1.0
9.5 2384.0 11.5 4925.0 1.0 1.0 1.0 1.0
8.5 4312.0 6.0 791.0 0 0 0 0
3.0 2052.0 0.0 0.0 0 0 2.0 2.0
0.5 31.5 0.5 27.5 1.0 1.0 1.0 1.0
1.0 62.0 1.0 143.5 1.0 1.0 1.0 1.0
11.0 3431.0 9.5 848.0 1.0 1.0 1.0 1.0
2.0 495.0 2.0 125.0 1.0 1.0 1.0 1.0
2.5 153.0 2.5 182.0 1.0 1.0 1.0 1.0
1.5 72.0 2.0 405.0 0 0 0 0
1.0 54.5 1.0 52.5 1.0 1.0 1.0 1.0
0.5 31.5 0.5 31.0 1.0 1.0 1.0 1.0
26.0 2072.0 200.0 254036.0 1.0 1.0 1.0 1.0
0.0 0.0 0.0 0.0 2.0 2.0 2.0 2.0
0.0 0.0 0.0 0.0 2.0 2.0 2.0 2.0
0.0 0.0 0.0 0.0 2.0 2.0 2.0 2.0
0.0 0.0 0.0 0.0 2.0 2.0 2.0 2.0
0.0 0.0 0.0 0.0 2.0 2.0 2.0 2.0
0.0 0.0 0.0 0.0 2.0 2.0 2.0 2.0
0.0 0.0 0.0 0.0 2.0 2.0 2.0 2.0
0.0 0.0 0.0 0.0 2.0 2.0 2.0 2.0
0.0 0.0 0.0 0.0 2.0 2.0 2.0 2.0
0.0 0.0 0.0 0.0 2.0 2.0 2.0 2.0
0.0 0.0 0.0 0.0 2.0 2.0 2.0 2.0
0.0 0.0 0.0 0.0 2.0 2.0 2.0 2.0
0.0 0.0 0.0 0.0 2.0 2.0 2.0 2.0
0.0 0.0 0.0 0.0 2.0 2.0 2.0 2.0
0.0 0.0 0.0 0.0 2.0 2.0 2.0 2.0
0.0 0.0 0.0 0.0 2.0 2.0 2.0 2.0
0.0 0.0 0.0 0.0 2.0 2.0 2.0 2.0
0.0 0.0 0.0 0.0 2.0 2.0 2.0 2.0
0.0 0.0 0.0 0.0 2.0 2.0 2.0 2.0
0.0 0.0 0.0 0.0 2.0 2.0 2.0 2.0

0.0 0.0 0.0 0.0 2.0 2.0 2.0 2.0
8.0 2032.5 9.5 1983.5 1.0 1.0 1.0 1.0
11.0 2444.5 12.5 4965.0 0 0 0 0
7.5 4262.0 6.5 1175.0 0 0 0 0
2.0 1368.0 0.0 0.0 0 0 2.0 2.0
0.0 0.0 0.0 0.0 2.0 2.0 2.0 2.0
3.0 210.5 2.0 305.5 0 0 0 0
15.0 4612.0 12.5 1122.0 0 0 0 0
0.0 0.0 0.0 0.0 2.0 2.0 2.0 2.0
0.0 0.0 0.0 0.0 2.0 2.0 2.0 2.0
0.5 20.0 0.5 112.5 1.0 1.0 1.0 1.0
3.0 2916.5 2.5 138.0 1.0 1.0 1.0 1.0
0.5 31.5 0.5 31.0 1.0 1.0 1.0 1.0
26.0 2072.0 200.0 254036.0 1.0 1.0 1.0 1.0
76.5 6238.0 305.5 387649.0 1.0 1.0 1.0 1.0
0.0 0.0 0.0 0.0 2.0 2.0 2.0 2.0
0.0 0.0 0.0 0.0 2.0 2.0 2.0 2.0
0.0 0.0 0.0 0.0 2.0 2.0 2.0 2.0
0.0 0.0 0.0 0.0 2.0 2.0 2.0 2.0
0.0 0.0 0.0 0.0 2.0 2.0 2.0 2.0
0.0 0.0 0.0 0.0 2.0 2.0 2.0 2.0
0.0 0.0 0.0 0.0 2.0 2.0 2.0 2.0
0.0 0.0 0.0 0.0 2.0 2.0 2.0 2.0
0.0 0.0 0.0 0.0 2.0 2.0 2.0 2.0
0.0 0.0 0.0 0.0 2.0 2.0 2.0 2.0
0.0 0.0 0.0 0.0 2.0 2.0 2.0 2.0
0.0 0.0 0.0 0.0 2.0 2.0 2.0 2.0
0.0 0.0 0.0 0.0 2.0 2.0 2.0 2.0
0.0 0.0 0.0 0.0 2.0 2.0 2.0 2.0
0.0 0.0 0.0 0.0 2.0 2.0 2.0 2.0
0.0 0.0 0.0 0.0 2.0 2.0 2.0 2.0
0.0 0.0 0.0 0.0 2.0 2.0 2.0 2.0
0.0 0.0 0.0 0.0 2.0 2.0 2.0 2.0
0.0 0.0 0.0 0.0 2.0 2.0 2.0 2.0

0.0 0.0 0.0 0.0 2.0 2.0 2.0 2.0
1.0 56.0 1.0 54.0 1.0 1.0 1.0 1.0
9.0 840.0 10.5 4740.0 0 0 0 0
6.5 4998.5 4.0 709.0 0 0 0 0
0.5 342.0 0.0 0.0 1.0 1.0 2.0 2.0
4.5 285.0 4.5 259.5 1.0 1.0 1.0 1.0
3.0 223.5 2.0 281.5 0 0 0 0
13.0 3871.0 10.5 894.0 0 0 0 0
0.0 0.0 0.0 0.0 2.0 2.0 2.0 2.0
4.0 2552.5 3.5 1209.0 1.0 1.0 1.0 1.0
0.5 47.0 0.5 20.0 1.0 1.0 1.0 1.0
3.0 2916.5 2.5 138.0 1.0 1.0 1.0 1.0
1.5 135.0 0.5 35.5 1.0 1.0 1.0 1.0
0.0 0.0 0.0 0.0 2.0 2.0 2.0 2.0
101.0 9108.0 395.5 499486.0 0 0 0 0
2.0 139.0 1.0 246.5 1.0 1.0 1.0 1.0
5.0 366.0 5.0 399.0 1.0 1.0 1.0 1.0
1.0 74.5 1.0 75.5 1.0 1.0 1.0 1.0
0.0 0.0 0.0 0.0 2.0 2.0 2.0 2.0
0.0 0.0 0.0 0.0 2.0 2.0 2.0 2.0
0.0 0.0 0.0 0.0 2.0 2.0 2.0 2.0
0.0 0.0 0.0 0.0 2.0 2.0 2.0 2.0
0.0 0.0 0.0 0.0 2.0 2.0 2.0 2.0
0.0 0.0 0.0 0.0 2.0 2.0 2.0 2.0
0.0 0.0 0.0 0.0 2.0 2.0 2.0 2.0
0.0 0.0 0.0 0.0 2.0 2.0 2.0 2.0
0.0 0.0 0.0 0.0 2.0 2.0 2.0 2.0
0.0 0.0 0.0 0.0 2.0 2.0 2.0 2.0
0.0 0.0 0.0 0.0 2.0 2.0 2.0 2.0
0.0 0.0 0.0 0.0 2.0 2.0 2.0 2.0
0.0 0.0 0.0 0.0 2.0 2.0 2.0 2.0
0.0 0.0 0.0 0.0 2.0 2.0 2.0 2.0
0.0 0.0 0.0 0.0 2.0 2.0 2.0 2.0
0.0 0.0 0.0 0.0 2.0 2.0 2.0 2.0

0.0 0.0 0.0 0.0 2.0 2.0 2.0 2.0
1.0 56.0 1.0 54.0 1.0 1.0 1.0 1.0
8.5 853.5 10.0 4720.0 0 0 0 0
8.5 8513.5 5.5 586.0 0 0 0 0
0.0 0.0 0.0 0.0 2.0 2.0 2.0 2.0
6.0 379.5 5.5 315.0 0 0 0 0
1.0 75.0 1.0 119.5 1.0 1.0 1.0 1.0
13.0 5140.0 11.0 914.0 0 0 0 0
2.0 636.5 2.5 150.5 1.0 1.0 1.0 1.0
8.5 4897.5 8.0 3584.5 0 0 0 0
1.0 67.0 1.0 60.0 0 0 0 0
1.0 54.5 1.0 52.5 1.0 1.0 1.0 1.0
1.5 135.0 0.5 35.5 1.0 1.0 1.0 1.0
0.0 0.0 0.0 0.0 2.0 2.0 2.0 2.0
24.5 2870.0 90.0 111837.0 1.0 1.0 1.0 1.0
2.0 139.0 1.0 246.5 1.0 1.0 1.0 1.0
5.0 366.0 5.0 399.0 1.0 1.0 1.0 1.0
1.0 74.5 1.0 75.5 1.0 1.0 1.0 1.0
0.0 0.0 0.0 0.0 2.0 2.0 2.0 2.0
0.0 0.0 0.0 0.0 2.0 2.0 2.0 2.0
0.0 0.0 0.0 0.0 2.0 2.0 2.0 2.0
0.0 0.0 0.0 0.0 2.0 2.0 2.0 2.0
0.0 0.0 0.0 0.0 2.0 2.0 2.0 2.0
0.0 0.0 0.0 0.0 2.0 2.0 2.0 2.0
0.0 0.0 0.0 0.0 2.0 2.0 2.0 2.0
0.0 0.0 0.0 0.0 2.0 2.0 2.0 2.0
0.0 0.0 0.0 0.0 2.0 2.0 2.0 2.0
0.0 0.0 0.0 0.0 2.0 2.0 2.0 2.0
0.0 0.0 0.0 0.0 2.0 2.0 2.0 2.0
0.0 0.0 0.0 0.0 2.0 2.0 2.0 2.0
0.0 0.0 0.0 0.0 2.0 2.0 2.0 2.0
0.0 0.0 0.0 0.0 2.0 2.0 2.0 2.0
0.0 0.0 0.0 0.0 2.0 2.0 2.0 2.0
0.0 0.0 0.0 0.0 2.0 2.0 2.0 2.0

0.0 0.0 0.0 0.0 2.0 2.0 2.0 2.0
3.0 196.0 0.0 0.0 1.0 1.0 2.0 2.0
2.5 220.0 1.5 96.0 0 0 0 0
8.5 7551.5 7.5 849.0 0 0 0 0
0.0 0.0 0.0 0.0 2.0 2.0 2.0 2.0
1.5 94.5 1.0 55.5 1.0 1.0 1.0 1.0
0.5 40.5 0.5 104.5 1.0 1.0 1.0 1.0
12.0 5560.0 10.0 868.0 0 0 0 0
2.0 636.5 2.5 150.5 1.0 1.0 1.0 1.0
4.5 2345.0 4.5 2375.5 1.0 1.0 1.0 1.0
1.0 40.0 1.0 285.0 0 0 0 0
1.0 54.5 1.0 52.5 1.0 1.0 1.0 1.0
0.0 0.0 0.0 0.0 2.0 2.0 2.0 2.0
0.0 0.0 0.0 0.0 2.0 2.0 2.0 2.0
0.0 0.0 0.0 0.0 2.0 2.0 2.0 2.0
0.0 0.0 0.0 0.0 2.0 2.0 2.0 2.0
0.0 0.0 0.0 0.0 2.0 2.0 2.0 2.0
0.0 0.0 0.0 0.0 2.0 2.0 2.0 2.0
6.0 2803.5 5.0 3592.5 1.0 1.0 1.0 1.0
1.0 71.0 0.0 0.0 1.0 1.0 2.0 2.0
0.5 20.5 0.0 0.0 1.0 1.0 2.0 2.0
0.0 0.0 0.0 0.0 2.0 2.0 2.0 2.0
0.0 0.0 0.0 0.0 2.0 2.0 2.0 2.0
0.0 0.0 0.0 0.0 2.0 2.0 2.0 2.0
0.0 0.0 0.0 0.0 2.0 2.0 2.0 2.0
0.0 0.0 0.0 0.0 2.0 2.0 2.0 2.0
0.0 0.0 0.0 0.0 2.0 2.0 2.0 2.0
0.0 0.0 0.0 0.0 2.0 2.0 2.0 2.0
0.0 0.0 0.0 0.0 2.0 2.0 2.0 2.0
0.0 0.0 0.0 0.0 2.0 2.0 2.0 2.0
0.0 0.0 0.0 0.0 2.0 2.0 2.0 2.0
0.0 0.0 0.0 0.0 2.0 2.0 2.0 2.0
0.0 0.0 0.0 0.0 2.0 2.0 2.0 2.0
0.0 0.0 0.0 0.0 2.0 2.0 2.0 2.0

0.0 0.0 0.0 0.0 2.0 2.0 2.0 2.0
10.5 2176.0 10.5 2019.0 0 0 1.0 1.0
12.5 5602.0 13.0 1364.0 0 0 0 0
5.5 2991.0 5.5 1135.0 0 0 0 0
0.0 0.0 0.0 0.0 2.0 2.0 2.0 2.0
0.5 31.5 0.5 28.5 1.0 1.0 1.0 1.0
0.5 40.5 0.5 104.5 1.0 1.0 1.0 1.0
8.0 3110.0 6.5 574.0 1.0 1.0 1.0 1.0
0.0 0.0 0.0 0.0 2.0 2.0 2.0 2.0
0.0 0.0 0.0 0.0 2.0 2.0 2.0 2.0
0.5 20.0 0.5 245.0 1.0 1.0 1.0 1.0
1.0 54.5 1.0 52.5 1.0 1.0 1.0 1.0
0.0 0.0 0.0 0.0 2.0 2.0 2.0 2.0
0.0 0.0 0.0 0.0 2.0 2.0 2.0 2.0
0.0 0.0 0.0 0.0 2.0 2.0 2.0 2.0
0.0 0.0 0.0 0.0 2.0 2.0 2.0 2.0
0.0 0.0 0.0 0.0 2.0 2.0 2.0 2.0
0.0 0.0 0.0 0.0 2.0 2.0 2.0 2.0
6.0 2803.5 5.0 3592.5 1.0 1.0 1.0 1.0
1.0 71.0 0.0 0.0 1.0 1.0 2.0 2.0
0.5 20.5 0.5 26.0 1.0 1.0 1.0 1.0
0.0 0.0 0.0 0.0 2.0 2.0 2.0 2.0
0.0 0.0 0.0 0.0 2.0 2.0 2.0 2.0
0.0 0.0 0.0 0.0 2.0 2.0 2.0 2.0
0.0 0.0 0.0 0.0 2.0 2.0 2.0 2.0
0.0 0.0 0.0 0.0 2.0 2.0 2.0 2.0
0.0 0.0 0.0 0.0 2.0 2.0 2.0 2.0
0.0 0.0 0.0 0.0 2.0 2.0 2.0 2.0
0.0 0.0 0.0 0.0 2.0 2.0 2.0 2.0
0.0 0.0 0.0 0.0 2.0 2.0 2.0 2.0
0.0 0.0 0.0 0.0 2.0 2.0 2.0 2.0
0.0 0.0 0.0 0.0 2.0 2.0 2.0 2.0
0.0 0.0 0.0 0.0 2.0 2.0 2.0 2.0
0.0 0.0 0.0 0.0 2.0 2.0 2.0 2.0

0.0 0.0 0.0 0.0 2.0 2.0 2.0 2.0
7.5 1980.0 10.5 2019.0 1.0 1.0 1.0 1.0
11.5 5509.5 12.5 1308.0 0 0 0 0
1.0 40.0 1.5 609.0 1.0 1.0 1.0 1.0
0.0 0.0 0.0 0.0 2.0 2.0 2.0 2.0
0.5 31.5 0.5 28.5 1.0 1.0 1.0 1.0
2.0 157.0 2.0 384.0 1.0 1.0 1.0 1.0
0.0 0.0 0.0 0.0 2.0 2.0 2.0 2.0
0.0 0.0 0.0 0.0 2.0 2.0 2.0 2.0
1.0 75.0 1.0 60.5 1.0 1.0 1.0 1.0
0.5 20.0 0.5 49.0 1.0 1.0 1.0 1.0
1.0 54.5 1.0 52.5 1.0 1.0 1.0 1.0
0.0 0.0 0.0 0.0 2.0 2.0 2.0 2.0
55.0 5348.0 203.0 254956.0 1.0 1.0 1.0 1.0
0.0 0.0 0.0 0.0 2.0 2.0 2.0 2.0
0.0 0.0 0.0 0.0 2.0 2.0 2.0 2.0
0.0 0.0 0.0 0.0 2.0 2.0 2.0 2.0
0.0 0.0 0.0 0.0 2.0 2.0 2.0 2.0
0.0 0.0 0.0 0.0 2.0 2.0 2.0 2.0
0.0 0.0 0.0 0.0 2.0 2.0 2.0 2.0
0.0 0.0 0.5 26.0 2.0 2.0 1.0 1.0
0.5 20.5 0.5 26.0 1.0 1.0 1.0 1.0
8.0 2185.5 11.0 3087.0 1.0 1.0 1.0 1.0
0.0 0.0 0.0 0.0 2.0 2.0 2.0 2.0
0.0 0.0 0.0 0.0 2.0 2.0 2.0 2.0
0.0 0.0 0.0 0.0 2.0 2.0 2.0 2.0
0.0 0.0 0.0 0.0 2.0 2.0 2.0 2.0
0.0 0.0 0.0 0.0 2.0 2.0 2.0 2.0
0.0 0.0 0.0 0.0 2.0 2.0 2.0 2.0
0.0 0.0 0.0 0.0 2.0 2.0 2.0 2.0
0.0 0.0 0.0 0.0 2.0 2.0 2.0 2.0
0.0 0.0 0.0 0.0 2.0 2.0 2.0 2.0
0.0 0.0 0.0 0.0 2.0 2.0 2.0 2.0
0.0 0.0 0.0 0.0 2.0 2.0 2.0 2.0

0.0 0.0 0.0 0.0 2.0 2.0 2.0 2.0
1.0 56.0 1.0 54.0 1.0 1.0 1.0 1.0
1.5 128.5 1.5 96.0 0 0 0 0
0.0 0.0 0.0 0.0 2.0 2.0 2.0 2.0
0.0 0.0 0.0 0.0 2.0 2.0 2.0 2.0
0.5 31.5 0.5 28.5 1.0 1.0 1.0 1.0
2.0 157.0 2.0 384.0 1.0 1.0 1.0 1.0
0.0 0.0 0.0 0.0 2.0 2.0 2.0 2.0
1.5 465.5 2.0 126.0 1.0 1.0 1.0 1.0
4.5 2234.5 4.5 654.5 0 0 0 0
1.0 40.0 1.0 116.0 0 0 0 0
1.0 54.5 1.0 52.5 1.0 1.0 1.0 1.0
0.0 0.0 0.0 0.0 2.0 2.0 2.0 2.0
55.0 5348.0 203.0 254956.0 1.0 1.0 1.0 1.0
0.0 0.0 0.0 0.0 2.0 2.0 2.0 2.0
0.0 0.0 0.0 0.0 2.0 2.0 2.0 2.0
0.0 0.0 0.0 0.0 2.0 2.0 2.0 2.0
0.0 0.0 0.0 0.0 2.0 2.0 2.0 2.0
0.0 0.0 0.0 0.0 2.0 2.0 2.0 2.0
0.0 0.0 0.0 0.0 2.0 2.0 2.0 2.0
0.0 0.0 0.0 0.0 2.0 2.0 2.0 2.0
0.5 20.5 0.5 26.0 1.0 1.0 1.0 1.0
9.0 2225.5 12.0 3139.0 0 0 0 0
0.0 0.0 0.0 0.0 2.0 2.0 2.0 2.0
0.0 0.0 0.0 0.0 2.0 2.0 2.0 2.0
0.0 0.0 0.0 0.0 2.0 2.0 2.0 2.0
0.0 0.0 0.0 0.0 2.0 2.0 2.0 2.0
0.0 0.0 0.0 0.0 2.0 2.0 2.0 2.0
0.0 0.0 0.0 0.0 2.0 2.0 2.0 2.0
0.0 0.0 0.0 0.0 2.0 2.0 2.0 2.0
0.0 0.0 0.0 0.0 2.0 2.0 2.0 2.0
0.0 0.0 0.0 0.0 2.0 2.0 2.0 2.0
0.0 0.0 0.0 0.0 2.0 2.0 2.0 2.0
0.0 0.0 0.0 0.0 2.0 2.0 2.0 2.0

0.0 0.0 0.0 0.0 2.0 2.0 2.0 2.0
1.0 56.0 1.0 54.0 1.0 1.0 1.0 1.0
5.0 405.5 4.5 287.5 0 0 0 0
0.0 0.0 0.0 0.0 2.0 2.0 2.0 2.0
0.0 0.0 0.0 0.0 2.0 2.0 2.0 2.0
6.0 381.5 5.0 1017.5 0 0 0 0
0.5 34.5 0.5 109.5 1.0 1.0 1.0 1.0
0.0 0.0 0.0 0.0 2.0 2.0 2.0 2.0
1.5 465.5 2.0 126.0 1.0 1.0 1.0 1.0
3.5 2159.5 3.5 594.0 1.0 1.0 1.0 1.0
2.5 106.0 3.5 332.0 0 0 0 0
1.0 54.5 1.0 52.5 1.0 1.0 1.0 1.0
0.0 0.0 0.0 0.0 2.0 2.0 2.0 2.0
0.0 0.0 0.0 0.0 2.0 2.0 2.0 2.0
0.0 0.0 0.0 0.0 2.0 2.0 2.0 2.0
0.0 0.0 0.0 0.0 2.0 2.0 2.0 2.0
0.0 0.0 0.0 0.0 2.0 2.0 2.0 2.0
0.0 0.0 0.0 0.0 2.0 2.0 2.0 2.0
0.0 0.0 0.0 0.0 2.0 2.0 2.0 2.0
0.0 0.0 0.0 0.0 2.0 2.0 2.0 2.0
0.0 0.0 0.0 0.0 2.0 2.0 2.0 2.0
0.0 0.0 0.0 0.0 2.0 2.0 2.0 2.0
1.0 40.0 1.0 52.0 1.0 1.0 1.0 1.0
3.0 209.0 2.0 179.5 1.0 1.0 1.0 1.0
0.0 0.0 0.0 0.0 2.0 2.0 2.0 2.0
0.0 0.0 0.0 0.0 2.0 2.0 2.0 2.0
0.0 0.0 0.0 0.0 2.0 2.0 2.0 2.0
0.0 0.0 0.0 0.0 2.0 2.0 2.0 2.0
0.0 0.0 0.0 0.0 2.0 2.0 2.0 2.0
0.0 0.0 0.0 0.0 2.0 2.0 2.0 2.0
0.0 0.0 0.0 0.0 2.0 2.0 2.0 2.0
0.0 0.0 0.0 0.0 2.0 2.0 2.0 2.0
0.0 0.0 0.0 0.0 2.0 2.0 2.0 2.0
0.0 0.0 0.0 0.0 2.0 2.0 2.0 2.0

0.0 0.0 0.0 0.0 2.0 2.0 2.0 2.0
2.0 124.0 2.0 122.0 1.0 1.0 1.0 1.0
12.5 3420.0 10.0 1140.0 0 0 0 0
0.0 0.0 0.0 0.0 2.0 2.0 2.0 2.0
0.0 0.0 0.0 0.0 2.0 2.0 2.0 2.0
7.5 476.0 6.0 1079.5 0 0 0 0
0.5 34.5 0.5 109.5 1.0 1.0 1.0 1.0
0.0 0.0 0.0 0.0 2.0 2.0 2.0 2.0
0.0 0.0 0.0 0.0 2.0 2.0 2.0 2.0
0.0 0.0 0.0 0.0 2.0 2.0 2.0 2.0
3.5 158.0 4.5 415.5 0 0 0 0
0.0 0.0 0.0 0.0 2.0 2.0 2.0 2.0
0.0 0.0 0.0 0.0 2.0 2.0 2.0 2.0
0.0 0.0 0.0 0.0 2.0 2.0 2.0 2.0
107.5 9930.5 392.5 496142.0 1.0 1.0 1.0 1.0
0.0 0.0 0.0 0.0 2.0 2.0 2.0 2.0
0.0 0.0 0.0 0.0 2.0 2.0 2.0 2.0
2.0 183.5 1.0 75.5 1.0 1.0 1.0 1.0
0.0 0.0 0.0 0.0 2.0 2.0 2.0 2.0
0.0 0.0 0.0 0.0 2.0 2.0 2.0 2.0
0.0 0.0 0.0 0.0 2.0 2.0 2.0 2.0
1.5 103.5 1.5 84.5 1.0 1.0 1.0 1.0
0.0 0.0 0.0 0.0 2.0 2.0 2.0 2.0
6.0 412.0 5.0 399.0 0 0 0 0
0.0 0.0 0.0 0.0 2.0 2.0 2.0 2.0
0.0 0.0 0.0 0.0 2.0 2.0 2.0 2.0
0.0 0.0 0.0 0.0 2.0 2.0 2.0 2.0
0.0 0.0 0.0 0.0 2.0 2.0 2.0 2.0
0.0 0.0 0.0 0.0 2.0 2.0 2.0 2.0
0.0 0.0 0.0 0.0 2.0 2.0 2.0 2.0
0.0 0.0 0.0 0.0 2.0 2.0 2.0 2.0
0.0 0.0 0.0 0.0 2.0 2.0 2.0 2.0
0.0 0.0 0.0 0.0 2.0 2.0 2.0 2.0
0.0 0.0 0.0 0.0 2.0 2.0 2.0 2.0

0.0 0.0 0.0 0.0 2.0 2.0 2.0 2.0
2.0 124.0 2.0 122.0 1.0 1.0 1.0 1.0
11.0 3343.5 8.5 1050.5 0 0 0 0
0.0 0.0 0.0 0.0 2.0 2.0 2.0 2.0
0.0 0.0 0.0 0.0 2.0 2.0 2.0 2.0
6.0 427.0 4.0 444.0 0 0 0 0
2.5 147.5 2.5 463.5 1.0 1.0 1.0 1.0
0.0 0.0 0.0 0.0 2.0 2.0 2.0 2.0
0.0 0.0 0.0 0.0 2.0 2.0 2.0 2.0
5.5 1726.0 5.0 2588.5 1.0 1.0 1.0 1.0
2.0 98.0 2.0 241.5 0 0 0 0
1.5 89.0 1.0 52.5 1.0 1.0 1.0 1.0
0.0 0.0 0.0 0.0 2.0 2.0 2.0 2.0
0.0 0.0 0.0 0.0 2.0 2.0 2.0 2.0
119.5 11344.5 435.0 548199.0 0 0 0 0
0.0 0.0 0.0 0.0 2.0 2.0 2.0 2.0
0.0 0.0 0.0 0.0 2.0 2.0 2.0 2.0
2.0 183.5 1.0 75.5 1.0 1.0 1.0 1.0
0.0 0.0 0.0 0.0 2.0 2.0 2.0 2.0
0.0 0.0 0.0 0.0 2.0 2.0 2.0 2.0
0.0 0.0 0.0 0.0 2.0 2.0 2.0 2.0
1.5 103.5 1.5 84.5 1.0 1.0 1.0 1.0
0.0 0.0 0.0 0.0 2.0 2.0 2.0 2.0
3.0 203.0 3.0 219.5 1.0 1.0 1.0 1.0
2.5 568.0 2.5 789.5 1.0 1.0 1.0 1.0
22.0 4367.5 23.5 13339.5 1.0 1.0 1.0 1.0
0.0 0.0 0.0 0.0 2.0 2.0 2.0 2.0
0.0 0.0 0.0 0.0 2.0 2.0 2.0 2.0
0.0 0.0 0.0 0.0 2.0 2.0 2.0 2.0
0.0 0.0 0.0 0.0 2.0 2.0 2.0 2.0
0.0 0.0 0.0 0.0 2.0 2.0 2.0 2.0
0.0 0.0 0.0 0.0 2.0 2.0 2.0 2.0
0.0 0.0 0.0 0.0 2.0 2.0 2.0 2.0
0.0 0.0 0.0 0.0 2.0 2.0 2.0 2.0

0.5 119.0 0.0 0.0 1.0 1.0 2.0 2.0
1.0 56.0 1.0 54.0 1.0 1.0 1.0 1.0
4.0 381.5 3.5 182.0 0 0 0 0
0.0 0.0 0.0 0.0 2.0 2.0 2.0 2.0
0.0 0.0 0.0 0.0 2.0 2.0 2.0 2.0
4.0 301.0 2.5 353.5 1.0 1.0 1.0 1.0
4.5 289.5 4.5 893.0 0 0 0 0
0.0 0.0 0.0 0.0 2.0 2.0 2.0 2.0
2.5 2163.0 0.0 0.0 1.0 1.0 2.0 2.0
13.0 5715.0 14.5 5820.5 0 0 0 0
1.5 93.0 1.5 147.5 0 0 0 0
1.5 89.0 1.0 52.5 1.0 1.0 1.0 1.0
0.0 0.0 0.0 0.0 2.0 2.0 2.0 2.0
0.0 0.0 0.0 0.0 2.0 2.0 2.0 2.0
12.0 1414.0 42.5 52057.0 1.0 1.0 1.0 1.0
0.0 0.0 0.0 0.0 2.0 2.0 2.0 2.0
0.0 0.0 0.0 0.0 2.0 2.0 2.0 2.0
0.0 0.0 0.0 0.0 2.0 2.0 2.0 2.0
0.0 0.0 0.0 0.0 2.0 2.0 2.0 2.0
0.0 0.0 0.0 0.0 2.0 2.0 2.0 2.0
0.0 0.0 0.0 0.0 2.0 2.0 2.0 2.0
0.0 0.0 0.0 0.0 2.0 2.0 2.0 2.0
0.0 0.0 0.0 0.0 2.0 2.0 2.0 2.0
0.0 0.0 0.0 0.0 2.0 2.0 2.0 2.0
3.5 608.0 3.0 809.5 0 0 0 0
62.0 11495.5 86.0 50420.5 0 0 0 0
9.5 2991.0 11.0 9450.5 1.0 1.0 1.0 1.0
7.5 1415.5 8.0 6493.5 1.0 1.0 1.0 1.0
0.0 0.0 0.0 0.0 2.0 2.0 2.0 2.0
0.0 0.0 0.0 0.0 2.0 2.0 2.0 2.0
0.0 0.0 0.0 0.0 2.0 2.0 2.0 2.0
0.0 0.0 0.0 0.0 2.0 2.0 2.0 2.0
0.0 0.0 0.0 0.0 2.0 2.0 2.0 2.0
0.0 0.0 0.0 0.0 2.0 2.0 2.0 2.0

0.5 119.0 0.0 0.0 1.0 1.0 2.0 2.0
6.0 1902.5 6.0 1730.0 0 0 0 0
4.0 362.5 3.5 181.5 0 0 0 0
0.0 0.0 0.0 0.0 2.0 2.0 2.0 2.0
0.0 0.0 0.0 0.0 2.0 2.0 2.0 2.0
0.0 0.0 0.0 0.0 2.0 2.0 2.0 2.0
4.0 289.0 3.0 584.5 0 0 0 0
0.0 0.0 0.0 0.0 2.0 2.0 2.0 2.0
6.5 4426.0 8.0 2317.5 0 0 1.0 1.0
7.5 3989.0 9.5 3232.0 1.0 1.0 1.0 1.0
2.0 107.0 2.5 221.0 0 0 0 0
1.0 54.5 1.0 52.5 1.0 1.0 1.0 1.0
0.0 0.0 0.0 0.0 2.0 2.0 2.0 2.0
51.0 5078.5 200.5 252055.5 1.0 1.0 1.0 1.0
0.0 0.0 0.0 0.0 2.0 2.0 2.0 2.0
1.0 78.0 1.0 234.5 1.0 1.0 1.0 1.0
0.0 0.0 0.0 0.0 2.0 2.0 2.0 2.0
0.0 0.0 0.0 0.0 2.0 2.0 2.0 2.0
0.0 0.0 0.0 0.0 2.0 2.0 2.0 2.0
0.0 0.0 0.0 0.0 2.0 2.0 2.0 2.0
0.0 0.0 0.0 0.0 2.0 2.0 2.0 2.0
0.0 0.0 0.0 0.0 2.0 2.0 2.0 2.0
0.0 0.0 0.0 0.0 2.0 2.0 2.0 2.0
0.0 0.0 0.0 0.0 2.0 2.0 2.0 2.0
1.0 40.0 0.5 20.0 1.0 1.0 1.0 1.0
42.0 7208.0 63.5 37121.0 0 0 0 0
11.5 3071.0 12.0 9496.5 0 0 0 0
9.5 1495.5 10.0 6573.5 0 0 0 0
6.5 1559.5 5.5 3680.0 1.0 1.0 1.0 1.0
0.0 0.0 0.0 0.0 2.0 2.0 2.0 2.0
0.0 0.0 0.0 0.0 2.0 2.0 2.0 2.0
0.0 0.0 0.0 0.0 2.0 2.0 2.0 2.0
0.0 0.0 0.0 0.0 2.0 2.0 2.0 2.0
0.0 0.0 0.0 0.0 2.0 2.0 2.0 2.0

0.0 0.0 0.0 0.0 2.0 2.0 2.0 2.0
9.0 2266.0 10.0 2213.0 0 0 0 0
4.0 330.5 3.5 217.5 0 0 0 0
0.0 0.0 0.0 0.0 2.0 2.0 2.0 2.0
0.0 0.0 0.0 0.0 2.0 2.0 2.0 2.0
1.5 94.5 1.5 84.0 1.0 1.0 1.0 1.0
2.0 147.0 1.0 155.0 1.0 1.0 1.0 1.0
0.0 0.0 0.0 0.0 2.0 2.0 2.0 2.0
4.0 2263.0 8.0 2317.5 1.0 1.0 1.0 1.0
5.0 3050.5 5.5 2146.5 1.0 1.0 1.0 1.0
1.5 60.0 2.0 208.5 0 0 0 0
3.0 1350.5 3.5 190.5 0 0 0 0
0.0 0.0 0.0 0.0 2.0 2.0 2.0 2.0
51.0 5078.5 200.5 252055.5 1.0 1.0 1.0 1.0
0.0 0.0 0.0 0.0 2.0 2.0 2.0 2.0
1.0 78.0 1.0 234.5 1.0 1.0 1.0 1.0
0.0 0.0 0.0 0.0 2.0 2.0 2.0 2.0
0.0 0.0 0.0 0.0 2.0 2.0 2.0 2.0
0.0 0.0 0.0 0.0 2.0 2.0 2.0 2.0
0.0 0.0 0.0 0.0 2.0 2.0 2.0 2.0
0.0 0.0 0.0 0.0 2.0 2.0 2.0 2.0
0.0 0.0 0.0 0.0 2.0 2.0 2.0 2.0
0.0 0.0 0.0 0.0 2.0 2.0 2.0 2.0
0.0 0.0 0.0 0.0 2.0 2.0 2.0 2.0
2.5 568.0 3.0 824.0 1.0 1.0 1.0 1.0
2.0 80.0 1.0 40.0 1.0 1.0 1.0 1.0
2.0 80.0 1.0 46.0 1.0 1.0 1.0 1.0
2.0 80.0 2.0 80.0 1.0 1.0 1.0 1.0
6.5 1559.5 5.5 3680.0 1.0 1.0 1.0 1.0
0.0 0.0 0.0 0.0 2.0 2.0 2.0 2.0
0.0 0.0 0.0 0.0 2.0 2.0 2.0 2.0
0.0 0.0 0.0 0.0 2.0 2.0 2.0 2.0
0.0 0.0 0.0 0.0 2.0 2.0 2.0 2.0
0.0 0.0 0.0 0.0 2.0 2.0 2.0 2.0

0.0 0.0 0.0 0.0 2.0 2.0 2.0 2.0
4.5 439.5 5.5 624.0 0 0 0 0
4.5 2138.0 4.5 507.5 0 0 0 0
0.5 20.0 0.0 0.0 1.0 1.0 2.0 2.0
0.0 0.0 0.0 0.0 2.0 2.0 2.0 2.0
5.0 315.0 5.0 280.0 0 0 0 0
0.0 0.0 0.0 0.0 2.0 2.0 2.0 2.0
0.0 0.0 0.0 0.0 2.0 2.0 2.0 2.0
0.0 0.0 0.0 0.0 2.0 2.0 2.0 2.0
5.5 3088.0 6.5 2207.0 0 0 0 0
0.5 20.0 0.5 44.0 1.0 1.0 1.0 1.0
2.0 1296.0 2.5 138.0 1.0 1.0 1.0 1.0
0.0 0.0 0.0 0.0 2.0 2.0 2.0 2.0
0.0 0.0 0.0 0.0 2.0 2.0 2.0 2.0
0.0 0.0 0.0 0.0 2.0 2.0 2.0 2.0
0.0 0.0 0.0 0.0 2.0 2.0 2.0 2.0
0.0 0.0 0.0 0.0 2.0 2.0 2.0 2.0
0.0 0.0 0.0 0.0 2.0 2.0 2.0 2.0
0.0 0.0 0.0 0.0 2.0 2.0 2.0 2.0
0.0 0.0 0.0 0.0 2.0 2.0 2.0 2.0
0.5 20.5 0.5 26.0 1.0 1.0 1.0 1.0
0.0 0.0 0.0 0.0 2.0 2.0 2.0 2.0
0.0 0.0 0.0 0.0 2.0 2.0 2.0 2.0
0.0 0.0 0.0 0.0 2.0 2.0 2.0 2.0
3.5 608.0 3.5 844.0 0 0 0 0
0.0 0.0 0.0 0.0 2.0 2.0 2.0 2.0
0.0 0.0 0.0 0.0 2.0 2.0 2.0 2.0
0.0 0.0 0.0 0.0 2.0 2.0 2.0 2.0
1.0 40.0 0.5 20.0 1.0 1.0 1.0 1.0
0.0 0.0 0.0 0.0 2.0 2.0 2.0 2.0
0.0 0.0 0.0 0.0 2.0 2.0 2.0 2.0
0.0 0.0 0.0 0.0 2.0 2.0 2.0 2.0
0.0 0.0 0.0 0.0 2.0 2.0 2.0 2.0
0.0 0.0 0.0 0.0 2.0 2.0 2.0 2.0

0.0 0.0 0.0 0.0 2.0 2.0 2.0 2.0
1.5 76.0 1.5 141.0 0 0 0 0
5.0 2201.0 5.5 591.5 0 0 0 0
0.5 20.0 0.0 0.0 1.0 1.0 2.0 2.0
0.0 0.0 0.0 0.0 2.0 2.0 2.0 2.0
4.0 252.0 4.0 224.0 0 0 0 0
0.0 0.0 0.0 0.0 2.0 2.0 2.0 2.0
0.0 0.0 0.0 0.0 2.0 2.0 2.0 2.0
0.0 0.0 0.0 0.0 2.0 2.0 2.0 2.0
1.5 112.5 2.0 121.0 0 0 0 0
0.0 0.0 0.0 0.0 2.0 2.0 2.0 2.0
1.0 54.5 1.0 52.5 1.0 1.0 1.0 1.0
0.0 0.0 0.0 0.0 2.0 2.0 2.0 2.0
0.0 0.0 0.0 0.0 2.0 2.0 2.0 2.0
0.0 0.0 0.0 0.0 2.0 2.0 2.0 2.0
0.0 0.0 0.0 0.0 2.0 2.0 2.0 2.0
0.0 0.0 0.0 0.0 2.0 2.0 2.0 2.0
1.0 74.5 1.0 75.5 1.0 1.0 1.0 1.0
0.0 0.0 0.0 0.0 2.0 2.0 2.0 2.0
0.0 0.0 0.0 0.0 2.0 2.0 2.0 2.0
0.5 20.5 0.5 26.0 1.0 1.0 1.0 1.0
0.0 0.0 0.0 0.0 2.0 2.0 2.0 2.0
0.0 0.0 0.0 0.0 2.0 2.0 2.0 2.0
0.0 0.0 0.0 0.0 2.0 2.0 2.0 2.0
1.0 40.0 0.5 20.0 1.0 1.0 1.0 1.0
0.0 0.0 0.0 0.0 2.0 2.0 2.0 2.0
0.0 0.0 0.0 0.0 2.0 2.0 2.0 2.0
0.0 0.0 0.0 0.0 2.0 2.0 2.0 2.0
1.0 40.0 0.5 20.0 1.0 1.0 1.0 1.0
0.0 0.0 0.0 0.0 2.0 2.0 2.0 2.0
0.0 0.0 0.0 0.0 2.0 2.0 2.0 2.0
0.0 0.0 0.0 0.0 2.0 2.0 2.0 2.0
0.0 0.0 0.0 0.0 2.0 2.0 2.0 2.0
0.0 0.0 0.0 0.0 2.0 2.0 2.0 2.0

0.0 0.0 0.0 0.0 2.0 2.0 2.0 2.0
2.0 112.0 2.0 108.0 0 0 0 0
16.0 3120.0 17.5 6255.0 0 0 0 0
0.0 0.0 0.0 0.0 2.0 2.0 2.0 2.0
0.0 0.0 0.0 0.0 2.0 2.0 2.0 2.0
2.5 159.5 2.5 151.5 0 0 0 0
3.0 196.0 3.0 415.5 1.0 1.0 1.0 1.0
0.0 0.0 0.0 0.0 2.0 2.0 2.0 2.0
4.0 1185.5 4.0 238.0 1.0 1.0 1.0 1.0
1.0 75.0 1.0 60.5 1.0 1.0 1.0 1.0
0.0 0.0 0.0 0.0 2.0 2.0 2.0 2.0
1.0 54.5 1.0 52.5 1.0 1.0 1.0 1.0
0.0 0.0 0.0 0.0 2.0 2.0 2.0 2.0
0.0 0.0 0.0 0.0 2.0 2.0 2.0 2.0
0.0 0.0 0.0 0.0 2.0 2.0 2.0 2.0
0.0 0.0 0.0 0.0 2.0 2.0 2.0 2.0
0.0 0.0 0.0 0.0 2.0 2.0 2.0 2.0
1.0 74.5 1.0 75.5 1.0 1.0 1.0 1.0
0.0 0.0 0.0 0.0 2.0 2.0 2.0 2.0
0.0 0.0 0.0 0.0 2.0 2.0 2.0 2.0
0.0 0.0 0.0 0.0 2.0 2.0 2.0 2.0
0.0 0.0 0.0 0.0 2.0 2.0 2.0 2.0
0.0 0.0 0.0 0.0 2.0 2.0 2.0 2.0
0.0 0.0 0.0 0.0 2.0 2.0 2.0 2.0
0.0 0.0 0.0 0.0 2.0 2.0 2.0 2.0
0.0 0.0 0.0 0.0 2.0 2.0 2.0 2.0
0.0 0.0 0.0 0.0 2.0 2.0 2.0 2.0
0.0 0.0 0.0 0.0 2.0 2.0 2.0 2.0
0.0 0.0 0.0 0.0 2.0 2.0 2.0 2.0
10.5 3491.0 11.5 8791.5 1.0 1.0 1.0 1.0
4.5 1208.5 3.5 1978.0 1.0 1.0 1.0 1.0
0.0 0.0 0.0 0.0 2.0 2.0 2.0 2.0
0.0 0.0 0.0 0.0 2.0 2.0 2.0 2.0
0.0 0.0 0.0 0.0 2.0 2.0 2.0 2.0

0.0 0.0 0.0 0.0 2.0 2.0 2.0 2.0
1.0 56.0 1.0 54.0 1.0 1.0 1.0 1.0
21.5 3617.5 24.5 8847.0 0 0 0 0
0.0 0.0 0.0 0.0 2.0 2.0 2.0 2.0
0.5 16.0 0.0 0.0 1.0 1.0 2.0 2.0
7.5 474.5 6.0 351.5 0 0 0 0
5.0 333.0 4.5 652.5 0 0 0 0
0.0 0.0 0.0 0.0 2.0 2.0 2.0 2.0
4.5 1777.5 4.0 238.0 0 0 1.0 1.0
0.0 0.0 0.0 0.0 2.0 2.0 2.0 2.0
0.0 0.0 0.0 0.0 2.0 2.0 2.0 2.0
0.0 0.0 0.0 0.0 2.0 2.0 2.0 2.0
0.0 0.0 0.0 0.0 2.0 2.0 2.0 2.0
0.0 0.0 0.0 0.0 2.0 2.0 2.0 2.0
24.5 4328.0 55.0 74891.0 1.0 1.0 1.0 1.0
0.0 0.0 0.0 0.0 2.0 2.0 2.0 2.0
0.0 0.0 0.0 0.0 2.0 2.0 2.0 2.0
0.0 0.0 0.0 0.0 2.0 2.0 2.0 2.0
0.0 0.0 0.0 0.0 2.0 2.0 2.0 2.0
0.5 16.0 0.0 0.0 1.0 1.0 2.0 2.0
0.0 0.0 0.0 0.0 2.0 2.0 2.0 2.0
0.0 0.0 0.0 0.0 2.0 2.0 2.0 2.0
0.0 0.0 0.0 0.0 2.0 2.0 2.0 2.0
0.0 0.0 0.0 0.0 2.0 2.0 2.0 2.0
1.0 52.0 0.0 0.0 1.0 1.0 2.0 2.0
0.0 0.0 0.0 0.0 2.0 2.0 2.0 2.0
0.0 0.0 0.0 0.0 2.0 2.0 2.0 2.0
0.0 0.0 0.0 0.0 2.0 2.0 2.0 2.0
0.0 0.0 0.0 0.0 2.0 2.0 2.0 2.0
11.5 3531.0 12.0 8811.5 0 0 0 0
6.5 1288.5 5.0 2038.0 0 0 0 0
0.5 16.0 0.0 0.0 1.0 1.0 2.0 2.0
2.0 104.0 0.0 0.0 1.0 1.0 2.0 2.0
1.5 72.0 0.5 26.0 1.0 1.0 1.0 1.0

