2.6449112566503183 1255.4999907075546 2.600948010929014 1486.7788625218145
14.259490017372828 3175.2960832088816 67.42154082091763 83087.46266279649
2.3093860415462997 1049.2823618695568 2.691950449436658 145.97639625600044
2.52184896895556 147.77864076606832 2.460295826837813 152.49887408509701
2.74994949448571 411.6038648958756 2.59052761678646 596.003358258622
0.37267799624996545 21.5140457995856 0.5951190357119042 31.437327423869142
2.6731171982454436 168.132722044884 2.5297672268851628 374.77877910027024
0.3210226714043036 13.910125708354396 0.3550234734023465 18.46122061692202
1.6257476912348838 94.66850020231414 2.3093860415463 272.6057159871906
0.6244997998398385 59.744372119891096 0.4229525846816515 51.69888713072605
0.3204814087171572 19.106107226050362 0.0 0.0
0.8103497187428839 73.86677008115473 0.5734883511361758 139.4873826930434
3.156826817479168 1397.4334002963735 3.0573681492421048 1758.1755682777846
0.1561249499599596 6.244997998398398 0.181811868577262 10.090558706038042
0.0 0.0 0.09090593428863102 3.636237371545235
0.18181186857726203 7.27247474309047 0.18181186857726203 14.272231683315097
1.5108634396706178 771.7604010295054 0.0 0.0
2.381044938677138 892.496187200072 2.6256745165131625 2082.2007811581325
0.9809292646374786 77.05143303880415 1.0703062905334888 87.49368866127175
2.4010269793477055 1770.0290188299211 1.6911534525287766 762.9733881608634
2.113695421136483 116.95370760357376 1.576828744312105 190.66764204295976
1.454494948618096 218.1742422927143 1.5454008829067307 1180.5044626721642
1.8858942765230065 315.2851178783352 2.5238308624434844 726.6045802509556
3.724356767729608 782.4634282809787 4.3618851047072145 2792.869869815317
3.3365713439597426 1523.0202010178116 4.207929023482529 2690.1983175037485
1.122218784373172 431.39492532622927 0.7788880963698646 448.02369232986774
4.685794134046727 721.9717233901895 8.778619861155113 10106.056276611638
1.1930062400879966 208.36270392968257 1.3868179004068628 939.3190157044036
0.181811868577262 7.27247474309047 0.181811868577262 10.090558706038042
2.369012921497526 908.2091917843968 1.9104246183040596 1161.1166354168122
0.0 0.0 0.090905934288631 3.636237371545235
0.0 0.0 0.090905934288631 3.636237371545235
0.0 0.0 0.090905934288631 3.636237371545235
0.1998263134713634 6.394442031083629 0.0 0.0
0.181811868577262 7.27247474309047 0.181811868577262 10.090558706038042
0.0 0.0 0.090905934288631 3.636237371545235
0.090905934288631 21.635612360694175 0.0 0.0
0.0 0.0 0.090905934288631 3.636237371545235
0.181811868577262 7.27247474309047 0.090905934288631 3.636237371545235
9.911777506246466 4693.356212775661 19.400594206249313 19967.288970086287
1.54540088290673 581.7979794472404 1.6363068171953525 1388.4972403245479
1.4041357563363388 472.61433647496045 1.768866554856219 1260.7713656285555
1.059349905471378 175.7260792556287 0.9030811456096055 484.68507752457117
0.727247474309048 289.89902444644395 0.9090593428863089 829.3348385151785
10.385031963787569 1297.3610390155673 67.35525169246662 83086.85090254078
138.1907849878405 9776.648187102519 1031.291492599611 1313716.49023506
2.363554291504401 557.2533771893101 2.636272094370303 734.7017609207159
2.2634781495153256 363.19118434908194 2.194927865177654 881.3592148242146
2.5453661600816706 537.254071645809 4.363484845854273 4564.386960632179
1.3635890143294642 408.9857983645494 1.2726830800408353 751.9738884355567
3.8922198036596036 834.1800321523326 3.250256400142406 1300.3139486026269
2.3883397301612406 526.5149649002294 2.9285946572830177 1306.6440549701697
1.8810273493197496 358.99442080158695 2.0288885846415723 1079.0917858190853
0.090905934288631 3.6362373715452354 0.2727178028658921 19.54477587205567
1.86635041963959 673.027995744276 2.1123972690339836 1481.504551592365
4.284978607492299 1840.2349846932327 4.184096875870175 1886.9782839679579
1.8256657841882087 431.3488513920281 2.4672859582950655 1471.6303981940846
0.9090593428863089 358.8966285715152 0.8181534085976763 114.6323831379633
0.090905934288631 3.6362373715452354 0.2727178028658921 19.54477587205567
1.9914923215183806 874.9740002089586 2.031419864692341 1419.9645089461426
1.4642973286415086 690.1350560256708 1.4565703629492854 732.2257722842203
0.12801909579781023 5.248782927710212 0.12801909579781023 6.656992981486122
1.1714188927203704 243.82474580457688 1.297326310361257 866.136331968331
1.1941698650806203 283.3860087064203 1.0033277962194955 668.8651913253257
0.9999652771749397 159.44900874225902 1.0033277962194955 325.1603013856739
5.744054897602095 3037.5562666827886 6.0451082151879945 3450.3643091064405
1.42767779589405 123.38092522077042 1.5630276886720673 1029.0386855647782
1.2224463178397622 121.515361397461 1.4866068747318528 755.7398129849698
1.124969135379081 179.5906206951425 1.4356328453565903 580.8375331627229
2.530796427126358 1352.9144585753475 2.6188287246188713 759.4150927230472
5.001603909414127 313.01250762638097 9.817996514338114 12983.47315354749
4.353638325201884 720.8827543751864 6.115957043305282 3255.864987635134
3.867160528806057 1559.595067437377 3.798354907061742 2555.3430992589947
2.335950912726262 514.3031498353433 2.1991791397903193 1320.8017551430219
1.8841259394094516 315.53306735938463 2.4865750653369725 313.0191863794718
4.350574674683799 1130.8178662354185 4.5899573345874725 2922.4968115062
0.8181534085976777 161.085315559454 0.99996527717494 597.0701764077279
2.7288454009383205 466.31616413175635 3.702251567177288 4051.9614591012146
7.181568808801845 722.9748953974819 21.99923609784868 27151.329923656845
1.345749481391936 318.5432701071482 1.1593820192959126 516.7742408844182
6.805308385534205 1728.6218659832907 10.1423171525161 9634.403198920787
2.459660658618494 232.86256661506502 2.909646312984906 3193.22426735067
4.104460649369441 642.7327200127594 6.276936398877682 6658.608132830555
1.1817771457522024 323.26150233037174 1.4544949486180954 1062.4176540312305
2.029709886220743 360.4315652990022 2.550326776447808 1653.7156332197978
0.0 0.0 0.0 0.0
0.0 0.0 0.0 0.0
0.0 0.0 0.0 0.0
0.0 0.0 0.0 0.0

2.3297442635047525 1147.3303904850422 2.3144473782453208 1474.173310329861
8.939285952095576 2532.3320032986508 10.415319912940209 4279.196163968443
2.2201101073795617 1054.381926770371 2.5546798016363788 138.35826682927186
2.5426227709897438 148.78497814706375 2.4888501361070348 150.12176076623797
2.676855535055178 436.40113738203445 2.485737091666955 604.2074073045333
0.37267799624996545 21.5140457995856 0.5951190357119042 31.437327423869142
2.5932471065356593 162.16105655763656 2.4743124746527503 361.2728838388264
0.32102267140430363 13.910125708354396 0.3550234734023465 18.46122061692202
1.6116761461286204 93.48211021663748 2.2649350002937307 268.8475403096625
0.36362373715452406 14.544949486180938 0.18181186857726203 7.272474743090469
0.320481408717157 19.106107226050337 0.0 0.0
0.36362373715452406 14.544949486180938 0.18181186857726203 7.272474743090469
0.0 0.0 0.0 0.0
0.1280190957978103 5.120763831912396 0.18181186857726203 10.090558706038042
0.0 0.0 0.0 0.0
0.0 0.0 0.0 0.0
1.4773991787371945 740.8296137420692 0.0 0.0
1.5545408396765361 622.8688028433877 1.819626793237189 1473.922747014461
0.9064200032116564 66.52568426304735 0.9521904571390455 82.12439751174232
1.8311350456903925 984.5461771448588 1.3076696830622023 752.1299011898736
3.1134118476894983 164.36476520734809 2.5237620727794448 278.7880017693651
0.0 0.0 0.0 0.0
1.8239152027072607 400.2084143675083 2.338743727350695 707.2890969025492
3.7192349123621287 782.5629665382988 4.361375611228896 2792.997711092269
3.268441269677845 1516.2056189346126 4.117847334065048 2595.4842578425178
0.0 0.0 0.0 0.0
4.685794134046728 721.9717233901895 8.778619861155118 10106.056276611635
1.3625955623979784 225.11977043713094 1.556705923844748 1120.1305050144324
0.18181186857726203 7.272474743090469 0.18181186857726203 10.090558706038042
2.3690129214975264 908.2091917843969 1.9104246183040594 1161.116635416812
0.0 0.0 0.09090593428863102 3.6362373715452345
0.0 0.0 0.09090593428863102 3.6362373715452345
0.0 0.0 0.09090593428863102 3.6362373715452345
0.19982631347136331 6.394442031083626 0.0 0.0
0.18181186857726203 7.27247474309047 0.18181186857726203 10.090558706038042
0.0 0.0 0.090905934288631 3.636237371545235
0.090905934288631 21.63561236069418 0.0 0.0
0.0 0.0 0.090905934288631 3.636237371545235
0.181811868577262 7.27247474309047 0.090905934288631 3.636237371545235
9.911777506246468 4693.35621277566 19.40059420624931 19967.288970086283
1.5454008829067305 581.7979794472407 1.6363068171953516 1388.4972403245476
1.4041357563363388 472.61433647496045 1.7688665548562197 1260.7713656285557
1.0593499054713778 175.72607925562866 0.9030811456096057 484.6850775245711
0.727247474309048 289.8990244464439 0.9090593428863087 829.3348385151783
10.385031963787574 1297.361039015567 67.3552516924666 83086.85090254078
164.94670772370367 11601.758695317494 1242.1988540711013 1582408.265927592
2.3635542915044003 557.2533771893104 2.6362720943703035 734.7017609207159
2.2634781495153247 363.19118434908194 2.194927865177654 881.3592148242147
2.5453661600816715 537.254071645809 4.363484845854271 4564.3869606321805
1.3635890143294642 408.9857983645493 1.2726830800408357 751.9738884355569
4.01053300697052 856.446416401322 3.3489633553617093 1340.0885604804462
2.3883397301612406 526.5149649002295 2.9285946572830186 1306.6440549701697
1.9429180516829725 377.7641868061784 2.0908364886385122 1090.7328522285168
0.090905934288631 3.636237371545235 0.2727178028658919 19.544775872055673
1.8663504196395895 673.0279957442763 2.1123972690339836 1481.504551592365
4.284978607492298 1840.2349846932334 4.184096875870173 1886.9782839679576
1.8256657841882082 431.3488513920281 2.4672859582950655 1471.6303981940841
0.9090593428863087 358.8966285715152 0.8181534085976759 114.63238313796326
0.090905934288631 3.636237371545235 0.272717802865892 19.544775872055673
1.9914923215183806 874.9740002089586 2.0314198646923405 1419.9645089461424
1.4642973286415089 690.1350560256708 1.456570362949285 732.2257722842204
0.12801909579781026 5.248782927710211 0.12801909579781026 6.65699298148612
2.14993539954628 365.696310614726 2.2197972880423116 1467.5480883423272
1.1941698650806203 283.3860087064202 1.0033277962194957 668.8651913253254
0.9999652771749395 159.44900874225908 1.0033277962194957 325.1603013856739
5.763655283084015 3041.359905946676 6.075428654287142 3460.639682317905
1.4276777958940503 123.38092522077041 1.5630276886720667 1029.0386855647778
1.2224463178397615 121.515361397461 1.4866068747318535 755.7398129849701
1.1249691353790812 179.59062069514243 1.4356328453565899 580.8375331627232
2.5307964271263574 1352.9144585753477 2.6188287246188726 759.4150927230471
5.001603909414128 313.0125076263808 9.817996514338112 12983.473153547486
4.353638325201884 720.8827543751864 6.115957043305279 3255.864987635134
4.0759371792127626 1689.8849640130024 4.051054389497463 2556.2196729931534
2.335950912726261 514.3031498353433 2.1991791397903193 1320.8017551430214
1.8841259394094512 315.5330673593845 2.4865750653369734 313.0191863794717
4.3505746746838 1130.8178662354187 4.5899573345874725 2922.496811506201
0.8181534085976775 161.08531555945396 0.9999652771749399 597.0701764077278
2.7288454009383205 466.3161641317562 3.7022515671772895 4051.961459101213
7.181568808801844 722.9748953974819 21.999236097848677 27151.329923656842
2.3017957965225513 606.0639748386488 2.0573546931273996 912.2139867971404
6.805308385534201 1728.6218659832905 10.142317152516101 9634.40319892079
2.4596606586184944 232.86256661506502 2.909646312984905 3193.22426735067
4.10446064936944 642.7327200127596 6.2769363988776785 6658.6081328305545
1.181777145752202 323.2615023303719 1.4544949486180956 1062.4176540312312
2.029709886220742 360.43156529900216 2.550326776447808 1653.715633219799
4.122297094258653 1503.0672661816125 4.434703735563653 1967.0849887728682
1.7969109295924741 353.97043102731993 2.1915874510398976 336.7400925499599
2.1898756940875788 778.0276771355173 2.0685475312133605 1442.753811196568
0.0 0.0 0.0 0.0

2.092048437935101 1000.4125809995701 2.027861489900687 1276.6978927588939
8.720521773380309 2560.8578703673156 10.148604173316963 4041.1517994736214
2.2425184255405552 1021.1926685933898 2.580899391039231 139.87410609385697
2.498318879211023 146.63087726214644 2.4398884309647357 147.67660895799756
2.625938985497483 436.2792714630539 2.408953207423415 655.4581838937805
0.37267799624996545 21.5140457995856 0.5951190357119042 31.437327423869142
2.5986641867612637 162.4077000688902 2.4784487756121436 359.8256845527972
0.32102267140430363 13.910125708354396 0.3550234734023465 18.46122061692202
1.622733462059893 93.99760302794955 2.2730150070384973 270.847033499641
0.0 0.0 0.0 0.0
0.3204814087171571 19.10610722605034 0.0 0.0
0.0 0.0 0.0 0.0
0.0 0.0 0.0 0.0
0.0 0.0 0.0 0.0
0.0 0.0 0.0 0.0
0.0 0.0 0.0 0.0
1.4773991787371947 740.8296137420693 0.0 0.0
1.5545408396765366 622.8688028433877 1.8196267932371888 1473.9227470144606
0.9173860813322932 67.37287411612085 0.9624909811987286 82.7982219347467
1.8475020673571356 984.4744358948864 1.3177210967761315 752.0745415460259
4.698817818227145 239.9818025508508 3.8910063679664613 358.28719615771297
0.0 0.0 0.0 0.0
2.2073110841524404 709.5337874657947 2.5238308624434844 743.2421289339177
3.719234912362128 782.5629665382991 4.361375611228894 2792.997711092268
3.3582299405093305 1622.5471313133987 4.197188212230776 2649.810035526126
0.0 0.0 0.0 0.0
4.622341578320104 689.756118534339 8.721477321341078 10095.847715600596
0.8878422657707217 124.32525778063857 1.0431988731248174 896.4072223403205
0.0 0.0 0.0 0.0
0.0 0.0 0.0 0.0
0.0 0.0 0.0 0.0
0.0 0.0 0.0 0.0
0.0 0.0 0.0 0.0
0.1998263134713634 6.394442031083629 0.0 0.0
0.0 0.0 0.0 0.0
0.0 0.0 0.0 0.0
0.09090593428863096 20.817458952096487 0.0 0.0
0.0 0.0 0.0 0.0
0.0 0.0 0.0 0.0
9.91177750624647 4693.356212775658 19.400594206249306 19967.288970086276
1.545400882906731 581.7979794472409 1.6363068171953512 1388.4972403245474
1.4041357563363388 472.6143364749605 1.7688665548562204 1260.771365628556
1.0593499054713773 175.72607925562866 0.9030811456096058 484.685077524571
0.7272474743090481 289.8990244464439 0.9090593428863086 829.3348385151781
10.385031963787576 1297.3610390155668 67.35525169246657 83086.85090254078
174.49837630572193 12218.38895712966 1298.9693681434528 1654920.3018333605
2.3635542915044 557.2533771893106 2.6362720943703044 734.701760920716
2.263478149515324 363.19118434908194 2.194927865177654 881.3592148242147
2.545366160081672 537.254071645809 4.36348484585427 4564.386960632183
1.3635890143294642 408.9857983645491 1.272683080040836 751.9738884355571
4.154783053568766 885.181045158747 3.491408104985087 1413.0141742624767
2.3883397301612406 526.5149649002296 2.928594657283019 1306.6440549701697
1.942918051682973 377.7641868061784 2.0908364886385113 1090.7328522285168
0.09090593428863102 3.6362373715452345 0.27271780286589187 19.544775872055677
1.8663504196395888 673.0279957442764 2.112397269033984 1481.5045515923653
4.284978607492298 1840.2349846932339 4.184096875870171 1886.9782839679574
1.825665784188208 431.348851392028 2.4672859582950655 1471.6303981940837
0.9090593428863087 358.8966285715152 0.8181534085976757 114.63238313796322
0.09090593428863102 3.636237371545235 0.27271780286589187 19.544775872055673
1.9914923215183806 874.9740002089586 2.0314198646923396 1419.964508946142
1.4642973286415093 690.1350560256708 1.4565703629492845 732.2257722842204
0.15612494995996007 6.401122948358356 0.15612494995996007 8.11849739791791
2.1499353995462798 365.6963106147259 2.2197972880423102 1467.548088342327
1.1941698650806203 283.38600870642017 1.0033277962194962 668.8651913253252
2.392334401560302 362.1787737660323 1.9115874729309843 707.6953320854645
5.755136594575507 3039.954281408775 6.066523578898643 3459.400819897617
1.4276777958940505 123.3809252207704 1.563027688672066 1029.0386855647776
1.222446317839761 121.515361397461 1.4866068747318542 755.7398129849702
1.1249691353790812 179.59062069514238 1.4356328453565892 580.8375331627235
2.530796427126356 1352.914458575348 2.6188287246188735 759.4150927230468
5.001603909414128 313.0125076263807 9.81799651433811 12983.47315354748
4.353638325201884 720.8827543751863 6.1159570433052775 3255.864987635134
4.0759371792127626 1689.8849640130034 4.051054389497464 2556.219672993154
2.3359509127262608 514.3031498353433 2.1991791397903193 1320.8017551430214
1.8841259394094507 315.53306735938435 2.4865750653369743 313.01918637947165
4.350574674683801 1130.8178662354192 4.5899573345874725 2922.496811506202
0.8181534085976772 161.08531555945393 0.9999652771749398 597.0701764077278
2.7288454009383205 466.31616413175595 3.7022515671772904 4051.961459101212
7.181568808801843 722.9748953974819 21.999236097848673 27151.32992365684
2.301795796522553 606.0639748386488 2.0573546931273987 912.21398679714
6.8053083855341985 1728.6218659832903 10.142317152516103 9634.403198920794
2.4596606586184953 232.86256661506505 2.909646312984904 3193.2242673506694
4.1044606493694396 642.7327200127597 6.276936398877675 6658.608132830554
22.564830981468088 2029.3391202385458 158.44275166619505 200836.3318174429
2.0297098862207417 360.4315652990021 2.550326776447808 1653.7156332197997
4.547824571521349 1570.638439700203 4.852805603176601 1983.204208401702
1.7969109295924748 353.97043102732 2.1915874510398963 336.74009254996
2.2997584414213783 905.024185680508 2.133789013833268 1442.8307563942562
2.10750972055225 727.1027191302936 2.10750972055225 1449.865363265577

