9.5 9.5 9.5 9.5
1.0 1.0 1.0 1.0
1.0 1.0 1.0 1.0
1.0 1.0 1.0 1.0
1.0 1.0 1.0 1.0
2.0 2.0 2.0 2.0
1.0 1.0 1.0 1.0
8.0 8.0 8.0 8.0
2.0 2.0 2.0 2.0
11.0 11.0 11.0 11.0
16.5 16.5 120.0 120.0
11.0 11.0 11.0 11.0
57.5 57.5 57.5 57.5
11.0 11.0 59.5 59.5
120.0 120.0 59.5 59.5
59.5 59.5 59.5 59.5
6.0 6.0 120.0 120.0
29.0 29.0 29.0 29.0
4.0 4.0 4.0 4.0
12.5 12.5 13.0 13.0
13.5 13.5 14.0 14.0
59.5 59.5 59.5 59.5
10.0 10.0 10.0 10.0
5.5 5.5 5.5 5.5
14.0 14.0 14.0 14.0
59.0 59.0 59.0 59.0
29.5 29.5 29.5 29.5
14.0 14.0 14.0 14.0
59.5 59.5 59.5 59.5
59.0 59.0 59.0 59.0
120.0 120.0 59.5 59.5
120.0 120.0 59.5 59.5
120.0 120.0 59.5 59.5
24.0 24.0 120.0 120.0
59.5 59.5 59.5 59.5
120.0 120.0 59.5 59.5
59.5 59.5 120.0 120.0
120.0 120.0 59.5 59.5
59.5 59.5 59.5 59.5
3.0 3.0 3.0 3.0
59.5 59.5 59.5 59.5
24.0 24.0 24.0 24.0
24.0 24.0 24.0 24.0
59.5 59.5 59.5 59.5
25.0 25.0 25.0 25.0
17.0 17.0 17.0 17.0
59.5 59.5 59.5 59.5
42.0 42.0 42.0 42.0
59.5 59.5 59.5 59.5
59.5 59.5 59.5 59.5
1.5 1.5 1.5 1.5
59.0 59.0 59.0 59.0
2.0 2.0 2.0 2.0
59.5 59.5 59.5 59.5
59.0 59.0 59.0 59.0
59.0 59.0 59.0 59.0
59.0 59.0 59.0 59.0
59.5 59.5 59.5 59.5
59.5 59.5 59.5 59.5
58.5 58.5 58.5 58.5
59.0 59.0 59.0 59.0
44.0 44.0 44.0 44.0
40.0 40.0 40.0 40.0
47.0 47.0 47.0 47.0
59.5 59.5 44.0 44.0
3.0 3.0 3.0 3.0
2.0 2.0 2.0 2.0
2.0 2.0 2.0 2.0
28.0 28.0 28.0 28.0
41.0 41.0 41.0 41.0
59.0 59.0 59.0 59.0
22.0 22.0 22.0 22.0
3.0 3.0 3.0 3.0
38.0 38.0 38.0 38.0
59.0 59.0 59.0 59.0
57.5 57.5 57.5 57.5
59.5 59.5 59.5 59.5
59.0 59.0 59.0 59.0
59.5 59.5 59.5 59.5
17.0 17.0 17.0 17.0
17.0 17.0 17.0 17.0
59.0 59.0 59.0 59.0
9.0 9.0 9.0 9.0
59.5 59.5 59.5 59.5
59.0 59.0 59.0 59.0
120.0 120.0 120.0 120.0
120.0 120.0 120.0 120.0
120.0 120.0 120.0 120.0
120.0 120.0 120.0 120.0

4.5 4.5 4.5 4.5
1.0 1.0 1.0 1.0
1.0 1.0 1.0 1.0
1.0 1.0 1.0 1.0
1.0 1.0 1.0 1.0
2.0 2.0 2.0 2.0
1.0 1.0 1.0 1.0
8.0 8.0 8.0 8.0
2.0 2.0 2.0 2.0
59.5 59.5 59.5 59.5
14.0 14.0 120.0 120.0
59.5 59.5 59.5 59.5
120.0 120.0 120.0 120.0
59.0 59.0 59.5 59.5
120.0 120.0 120.0 120.0
120.0 120.0 120.0 120.0
4.5 4.5 120.0 120.0
59.0 59.0 59.0 59.0
4.0 4.0 4.0 4.0
15.0 15.0 15.0 15.0
11.0 11.0 11.5 11.5
120.0 120.0 120.0 120.0
7.0 7.0 7.0 7.0
5.5 5.5 5.5 5.5
14.0 14.0 14.0 14.0
120.0 120.0 120.0 120.0
32.0 32.0 32.0 32.0
2.0 2.0 2.0 2.0
59.5 59.5 59.5 59.5
59.0 59.0 59.0 59.0
120.0 120.0 59.5 59.5
120.0 120.0 59.5 59.5
120.0 120.0 59.5 59.5
24.0 24.0 120.0 120.0
59.5 59.5 59.5 59.5
120.0 120.0 59.5 59.5
59.5 59.5 120.0 120.0
120.0 120.0 59.5 59.5
59.5 59.5 59.5 59.5
3.0 3.0 3.0 3.0
59.5 59.5 59.5 59.5
12.0 12.0 12.0 12.0
12.0 12.0 12.0 12.0
59.5 59.5 59.5 59.5
13.0 13.0 13.0 13.0
15.5 15.5 15.5 15.5
59.5 59.5 59.5 59.5
48.0 48.0 48.0 48.0
59.5 59.5 59.5 59.5
59.5 59.5 59.5 59.5
2.0 2.0 2.0 2.0
59.0 59.0 59.0 59.0
2.0 2.0 2.0 2.0
59.5 59.5 59.5 59.5
59.0 59.0 59.0 59.0
59.0 59.0 59.0 59.0
59.0 59.0 59.0 59.0
59.5 59.5 59.5 59.5
59.5 59.5 59.5 59.5
58.5 58.5 58.5 58.5
59.0 59.0 59.0 59.0
38.0 38.0 38.0 38.0
32.5 32.5 32.5 32.5
35.0 35.0 35.0 35.0
59.5 59.5 38.0 38.0
3.0 3.0 3.0 3.0
2.0 2.0 2.0 2.0
2.0 2.0 2.0 2.0
24.5 24.5 24.5 24.5
52.0 52.0 52.0 52.0
59.0 59.0 59.0 59.0
28.0 28.0 28.0 28.0
3.0 3.0 3.0 3.0
50.0 50.0 50.0 50.0
59.0 59.0 59.0 59.0
57.5 57.5 57.5 57.5
59.5 59.5 59.5 59.5
59.0 59.0 59.0 59.0
59.5 59.5 59.5 59.5
15.5 15.5 15.5 15.5
29.0 29.0 29.0 29.0
59.0 59.0 59.0 59.0
21.0 21.0 21.0 21.0
59.5 59.5 59.5 59.5
59.0 59.0 59.0 59.0
113.0 113.0 113.0 113.0
118.0 118.0 118.0 118.0
118.0 118.0 118.0 118.0
120.0 120.0 120.0 120.0

117.0 117.0 117.0 117.0
1.0 1.0 1.0 1.0
1.0 1.0 1.0 1.0
1.0 1.0 1.0 1.0
1.0 1.0 2.0 2.0
2.0 2.0 2.0 2.0
1.0 1.0 1.0 1.0
8.0 8.0 8.0 8.0
2.0 2.0 2.0 2.0
120.0 120.0 120.0 120.0
16.5 16.5 120.0 120.0
120.0 120.0 120.0 120.0
120.0 120.0 120.0 120.0
120.0 120.0 120.0 120.0
120.0 120.0 120.0 120.0
120.0 120.0 120.0 120.0
9.5 9.5 120.0 120.0
59.0 59.0 59.0 59.0
5.0 5.0 5.0 5.0
12.5 12.5 12.5 12.5
5.0 5.0 5.0 5.0
120.0 120.0 120.0 120.0
10.0 10.0 10.0 10.0
5.5 5.5 5.5 5.5
14.0 14.0 14.0 14.0
120.0 120.0 120.0 120.0
27.0 27.0 27.0 27.0
31.0 31.0 31.0 31.0
120.0 120.0 120.0 120.0
120.0 120.0 120.0 120.0
120.0 120.0 120.0 120.0
120.0 120.0 120.0 120.0
120.0 120.0 120.0 120.0
24.0 24.0 120.0 120.0
120.0 120.0 120.0 120.0
120.0 120.0 120.0 120.0
59.5 59.5 120.0 120.0
120.0 120.0 120.0 120.0
120.0 120.0 120.0 120.0
2.5 2.5 2.5 2.5
119.0 119.0 119.0 119.0
58.5 58.5 58.5 58.5
58.0 58.0 58.0 58.0
119.0 119.0 119.0 119.0
2.0 2.0 2.0 2.0
9.0 9.0 9.0 9.0
59.5 59.5 59.5 59.5
48.0 48.0 48.0 48.0
59.5 59.5 59.5 59.5
59.5 59.5 59.5 59.5
2.0 2.0 2.0 2.0
59.0 59.0 59.0 59.0
2.0 2.0 2.0 2.0
59.5 59.5 59.5 59.5
59.0 59.0 59.0 59.0
59.0 59.0 59.0 59.0
59.0 59.0 59.0 59.0
59.5 59.5 59.5 59.5
59.5 59.5 59.5 59.5
58.5 58.5 58.5 58.5
59.0 59.0 59.0 59.0
34.0 34.0 48.0 48.0
26.5 26.5 26.5 26.5
23.0 23.0 23.0 23.0
26.0 26.0 25.0 25.0
3.0 3.0 3.0 3.0
2.0 2.0 2.0 2.0
2.0 2.0 2.0 2.0
18.5 18.5 18.5 18.5
40.0 40.0 40.0 40.0
59.0 59.0 59.0 59.0
26.5 26.5 26.5 26.5
3.0 3.0 3.0 3.0
52.0 52.0 52.0 52.0
59.0 59.0 59.0 59.0
57.5 57.5 57.5 57.5
59.5 59.5 59.5 59.5
59.0 59.0 59.0 59.0
59.5 59.5 59.5 59.5
12.0 12.0 12.0 12.0
41.0 41.0 41.0 41.0
59.0 59.0 59.0 59.0
33.0 33.0 33.0 33.0
27.0 27.0 27.0 27.0
59.0 59.0 59.0 59.0
101.0 101.0 101.0 101.0
59.0 59.0 59.0 59.0
58.5 58.5 58.5 58.5
59.0 59.0 59.0 59.0

