93 93 93 93
2 2 2 2
2 2 2 2
2 2 2 2
2 2 2 2
8 8 8 8
7 7 7 7
9 9 9 9
6 6 6 6
104 104 104 104
24 24 120 120
104 104 104 104
111 111 111 111
102 102 102 102
120 120 114 114
114 114 114 114
20 20 120 120
82 82 82 82
7 7 7 7
56 56 56 56
21 21 21 21
112 112 112 112
98 98 98 98
68 68 68 68
21 21 21 21
108 108 108 108
46 46 46 46
71 71 71 71
104 104 104 104
102 102 102 102
120 120 103 103
120 120 103 103
120 120 103 103
24 24 120 120
102 102 102 102
120 120 101 101
101 101 120 120
120 120 100 100
99 99 99 99
67 67 67 67
95 95 95 95
92 92 92 92
86 86 86 86
95 95 95 95
87 87 87 87
41 41 41 41
93 93 93 93
48 48 48 48
93 93 93 93
93 93 93 93
69 69 70 70
92 92 92 92
26 26 26 26
93 93 93 93
91 91 91 91
90 90 90 90
90 90 90 90
90 90 90 90
90 90 90 90
86 86 86 86
78 78 78 78
48 48 48 48
47 47 47 47
70 70 70 70
69 69 50 50
52 52 52 52
52 52 52 52
54 54 54 54
56 56 56 56
64 64 64 64
67 67 67 67
71 71 71 71
75 75 75 75
76 76 76 76
78 78 78 78
78 78 78 78
84 84 84 84
88 88 88 88
92 92 92 92
93 93 93 93
93 93 93 93
95 95 95 95
107 107 107 107
110 110 110 110
110 110 110 110
120 120 120 120
120 120 120 120
120 120 120 120
120 120 120 120

105 105 105 105
2 2 2 2
2 2 2 2
2 2 2 2
2 2 2 2
8 8 8 8
11 11 11 11
9 9 9 9
6 6 6 6
116 116 116 116
24 24 120 120
116 116 116 116
120 120 120 120
114 114 114 114
120 120 120 120
120 120 120 120
20 20 120 120
94 94 94 94
7 7 7 7
56 56 56 56
19 19 19 19
120 120 120 120
103 103 103 103
66 66 66 66
21 21 21 21
120 120 120 120
58 58 58 58
71 71 71 71
116 116 116 116
114 114 114 114
120 120 115 115
120 120 115 115
120 120 115 115
24 24 120 120
114 114 114 114
120 120 113 113
113 113 120 120
120 120 112 112
111 111 111 111
79 79 79 79
107 107 107 107
104 104 104 104
98 98 98 98
107 107 107 107
99 99 99 99
41 41 41 41
105 105 105 105
54 54 54 54
105 105 105 105
105 105 105 105
69 69 70 70
104 104 104 104
18 18 18 18
105 105 105 105
103 103 103 103
102 102 102 102
102 102 102 102
102 102 102 102
102 102 102 102
98 98 98 98
90 90 90 90
48 48 48 48
50 50 50 50
82 82 82 82
81 81 56 56
40 40 40 40
40 40 40 40
59 59 59 59
63 63 63 63
53 53 53 53
63 63 63 63
59 59 59 59
63 63 63 63
64 64 64 64
66 66 66 66
66 66 66 66
72 72 72 72
76 76 76 76
80 80 80 80
81 81 81 81
81 81 81 81
83 83 83 83
95 95 95 95
98 98 98 98
98 98 98 98
113 113 113 113
118 118 118 118
118 118 118 118
120 120 120 120

117 117 117 117
2 2 2 2
2 2 2 2
2 2 2 2
2 2 3 3
8 8 8 8
11 11 11 11
9 9 9 9
6 6 6 6
120 120 120 120
24 24 120 120
120 120 120 120
120 120 120 120
120 120 120 120
120 120 120 120
120 120 120 120
20 20 120 120
106 106 106 106
7 7 7 7
56 56 56 56
19 19 19 19
120 120 120 120
101 101 101 101
54 54 54 54
21 21 21 21
120 120 120 120
70 70 70 70
71 71 71 71
120 120 120 120
120 120 120 120
120 120 120 120
120 120 120 120
120 120 120 120
24 24 120 120
120 120 120 120
120 120 120 120
114 114 120 120
120 120 120 120
120 120 120 120
91 91 91 91
119 119 119 119
116 116 116 116
110 110 110 110
119 119 119 119
111 111 111 111
41 41 41 41
117 117 117 117
66 66 66 66
117 117 117 117
117 117 117 117
69 69 70 70
116 116 116 116
18 18 18 18
117 117 117 117
115 115 115 115
114 114 114 114
114 114 114 114
114 114 114 114
114 114 114 114
110 110 110 110
102 102 102 102
48 48 49 49
50 50 50 50
94 94 94 94
87 87 62 62
28 28 28 28
43 43 43 43
71 71 71 71
75 75 75 75
65 65 65 65
75 75 75 75
62 62 62 62
51 51 51 51
62 62 62 62
64 64 64 64
61 61 61 61
60 60 60 60
64 64 64 64
68 68 68 68
69 69 69 69
69 69 69 69
71 71 71 71
83 83 83 83
86 86 86 86
86 86 86 86
101 101 101 101
106 106 106 106
106 106 106 106
114 114 114 114

