0.1346153846153846 0.09849269901083373 0.0 0.0 0.0 0.0 0.03571428571428571 0.03571428571428571
0.1346153846153846 0.18356099858690533 0.1839080459770115 0.32106236342242395 0.019230769230769232 0.019230769230769232 0.017857142857142856 0.017857142857142856
0.3173076923076923 0.15577013659915215 0.4482758620689655 0.44360396705328625 0.019230769230769232 0.019230769230769232 0.017857142857142856 0.017857142857142856
0.11538461538461539 0.2037682524729157 0.06896551724137931 0.022524794083039167 0.0 0.0 0.0 0.0
0.04807692307692308 0.16109279321714554 0.0 0.0 0.0 0.0 0.03571428571428571 0.03571428571428571
0.019230769230769232 0.005934997644842205 0.022988505747126436 0.009245251302739956 0.0 0.0 0.0 0.0
0.038461538461538464 0.011681582666038625 0.04597701149425287 0.04790721129601614 0.019230769230769232 0.019230769230769232 0.017857142857142856 0.017857142857142856
0.0673076923076923 0.10861987753179463 0.06896551724137931 0.04605816103546814 0.019230769230769232 0.019230769230769232 0.017857142857142856 0.017857142857142856
0.038461538461538464 0.046632124352331605 0.04597701149425287 0.021011934778954446 0.019230769230769232 0.019230769230769232 0.017857142857142856 0.017857142857142856
0.04807692307692308 0.014413565708902497 0.05747126436781609 0.030593377038157673 0.019230769230769232 0.019230769230769232 0.017857142857142856 0.017857142857142856
0.019230769230769232 0.004898728214790391 0.034482758620689655 0.049167927382753406 0.019230769230769232 0.019230769230769232 0.017857142857142856 0.017857142857142856
0.019230769230769232 0.005134243994347621 0.022988505747126436 0.008825012607160867 0.019230769230769232 0.019230769230769232 0.017857142857142856 0.017857142857142856
0.0 0.0 0.0 0.0 0.038461538461538464 0.038461538461538464 0.03571428571428571 0.03571428571428571
0.0 0.0 0.0 0.0 0.038461538461538464 0.038461538461538464 0.03571428571428571 0.03571428571428571
0.0 0.0 0.0 0.0 0.038461538461538464 0.038461538461538464 0.03571428571428571 0.03571428571428571
0.0 0.0 0.0 0.0 0.038461538461538464 0.038461538461538464 0.03571428571428571 0.03571428571428571
0.0 0.0 0.0 0.0 0.038461538461538464 0.038461538461538464 0.03571428571428571 0.03571428571428571
0.0 0.0 0.0 0.0 0.038461538461538464 0.038461538461538464 0.03571428571428571 0.03571428571428571
0.0 0.0 0.0 0.0 0.038461538461538464 0.038461538461538464 0.03571428571428571 0.03571428571428571
0.0 0.0 0.0 0.0 0.038461538461538464 0.038461538461538464 0.03571428571428571 0.03571428571428571
0.0 0.0 0.0 0.0 0.038461538461538464 0.038461538461538464 0.03571428571428571 0.03571428571428571
0.0 0.0 0.0 0.0 0.038461538461538464 0.038461538461538464 0.03571428571428571 0.03571428571428571
0.0 0.0 0.0 0.0 0.038461538461538464 0.038461538461538464 0.03571428571428571 0.03571428571428571
0.0 0.0 0.0 0.0 0.038461538461538464 0.038461538461538464 0.03571428571428571 0.03571428571428571
0.0 0.0 0.0 0.0 0.038461538461538464 0.038461538461538464 0.03571428571428571 0.03571428571428571
0.0 0.0 0.0 0.0 0.038461538461538464 0.038461538461538464 0.03571428571428571 0.03571428571428571
0.0 0.0 0.0 0.0 0.038461538461538464 0.038461538461538464 0.03571428571428571 0.03571428571428571
0.0 0.0 0.0 0.0 0.038461538461538464 0.038461538461538464 0.03571428571428571 0.03571428571428571
0.0 0.0 0.0 0.0 0.038461538461538464 0.038461538461538464 0.03571428571428571 0.03571428571428571
0.0 0.0 0.0 0.0 0.038461538461538464 0.038461538461538464 0.03571428571428571 0.03571428571428571
0.0 0.0 0.0 0.0 0.038461538461538464 0.038461538461538464 0.03571428571428571 0.03571428571428571
0.0 0.0 0.0 0.0 0.038461538461538464 0.038461538461538464 0.03571428571428571 0.03571428571428571
0.0 0.0 0.0 0.0 0.038461538461538464 0.038461538461538464 0.03571428571428571 0.03571428571428571
0.0 0.0 0.0 0.0 0.038461538461538464 0.038461538461538464 0.03571428571428571 0.03571428571428571

0.05063291139240506 0.035556927567142814 0.0 0.0 0.0196078431372549 0.0196078431372549 0.037037037037037035 0.037037037037037035
0.10126582278481013 0.11407964527264053 0.03861788617886179 0.007526086131663821 0.0196078431372549 0.0196078431372549 0.018518518518518517 0.018518518518518517
0.12025316455696203 0.13380854825583027 0.046747967479674794 0.01868715613735534 0.0196078431372549 0.0196078431372549 0.018518518518518517 0.018518518518518517
0.10759493670886076 0.2420228439929279 0.024390243902439025 0.00300132802124834 0.0 0.0 0.0 0.0
0.0379746835443038 0.11517413633429686 0.0 0.0 0.0 0.0 0.037037037037037035 0.037037037037037035
0.006329113924050633 0.0017680240226756096 0.0020325203252032522 0.00010434452665528362 0.0196078431372549 0.0196078431372549 0.018518518518518517 0.018518518518518517
0.012658227848101266 0.0034799202985996125 0.0040650406504065045 0.0005444887118193891 0.0196078431372549 0.0196078431372549 0.018518518518518517 0.018518518518518517
0.13924050632911392 0.19257429910476245 0.03861788617886179 0.003217605767406564 0.0196078431372549 0.0196078431372549 0.018518518518518517 0.018518518518518517
0.02531645569620253 0.027783234642045296 0.008130081300813009 0.0004742933029785619 0.0196078431372549 0.0196078431372549 0.018518518518518517 0.018518518518518517
0.03164556962025317 0.008587545252995819 0.01016260162601626 0.0006905710491367862 0.0196078431372549 0.0196078431372549 0.018518518518518517 0.018518518518518517
0.0189873417721519 0.004041197766115679 0.008130081300813009 0.0015367103016505406 0.0 0.0 0.0 0.0
0.012658227848101266 0.0030589621979625627 0.0040650406504065045 0.00019920318725099602 0.0196078431372549 0.0196078431372549 0.018518518518518517 0.018518518518518517
0.006329113924050633 0.0017680240226756096 0.0020325203252032522 0.00011762473913868336 0.0196078431372549 0.0196078431372549 0.018518518518518517 0.018518518518518517
0.3291139240506329 0.116296691269329 0.8130081300813008 0.9639005881236957 0.0196078431372549 0.0196078431372549 0.018518518518518517 0.018518518518518517
0.0 0.0 0.0 0.0 0.0392156862745098 0.0392156862745098 0.037037037037037035 0.037037037037037035
0.0 0.0 0.0 0.0 0.0392156862745098 0.0392156862745098 0.037037037037037035 0.037037037037037035
0.0 0.0 0.0 0.0 0.0392156862745098 0.0392156862745098 0.037037037037037035 0.037037037037037035
0.0 0.0 0.0 0.0 0.0392156862745098 0.0392156862745098 0.037037037037037035 0.037037037037037035
0.0 0.0 0.0 0.0 0.0392156862745098 0.0392156862745098 0.037037037037037035 0.037037037037037035
0.0 0.0 0.0 0.0 0.0392156862745098 0.0392156862745098 0.037037037037037035 0.037037037037037035
0.0 0.0 0.0 0.0 0.0392156862745098 0.0392156862745098 0.037037037037037035 0.037037037037037035
0.0 0.0 0.0 0.0 0.0392156862745098 0.0392156862745098 0.037037037037037035 0.037037037037037035
0.0 0.0 0.0 0.0 0.0392156862745098 0.0392156862745098 0.037037037037037035 0.037037037037037035
0.0 0.0 0.0 0.0 0.0392156862745098 0.0392156862745098 0.037037037037037035 0.037037037037037035
0.0 0.0 0.0 0.0 0.0392156862745098 0.0392156862745098 0.037037037037037035 0.037037037037037035
0.0 0.0 0.0 0.0 0.0392156862745098 0.0392156862745098 0.037037037037037035 0.037037037037037035
0.0 0.0 0.0 0.0 0.0392156862745098 0.0392156862745098 0.037037037037037035 0.037037037037037035
0.0 0.0 0.0 0.0 0.0392156862745098 0.0392156862745098 0.037037037037037035 0.037037037037037035
0.0 0.0 0.0 0.0 0.0392156862745098 0.0392156862745098 0.037037037037037035 0.037037037037037035
0.0 0.0 0.0 0.0 0.0392156862745098 0.0392156862745098 0.037037037037037035 0.037037037037037035
0.0 0.0 0.0 0.0 0.0392156862745098 0.0392156862745098 0.037037037037037035 0.037037037037037035
0.0 0.0 0.0 0.0 0.0392156862745098 0.0392156862745098 0.037037037037037035 0.037037037037037035
0.0 0.0 0.0 0.0 0.0392156862745098 0.0392156862745098 0.037037037037037035 0.037037037037037035
0.0 0.0 0.0 0.0 0.0392156862745098 0.0392156862745098 0.037037037037037035 0.037037037037037035

0.0 0.0 0.0 0.0 0.038461538461538464 0.038461538461538464 0.037037037037037035 0.037037037037037035
0.05228758169934641 0.07755413526662215 0.017210144927536232 0.003044430886353782 0.019230769230769232 0.019230769230769232 0.018518518518518517 0.018518518518518517
0.0718954248366013 0.09327482590861394 0.022644927536231884 0.00762067020456089 0.0 0.0 0.0 0.0
0.049019607843137254 0.16262520270914815 0.01177536231884058 0.0018034818711699992 0.0 0.0 0.0 0.0
0.013071895424836602 0.052198798053992176 0.0 0.0 0.0 0.0 0.037037037037037035 0.037037037037037035
0.0 0.0 0.0 0.0 0.038461538461538464 0.038461538461538464 0.037037037037037035 0.037037037037037035
0.0196078431372549 0.008032051893541925 0.0036231884057971015 0.0004689052865041998 0.0 0.0 0.0 0.0
0.09803921568627451 0.1759801583516169 0.022644927536231884 0.0017221333271938205 0.0 0.0 0.0 0.0
0.0 0.0 0.0 0.0 0.038461538461538464 0.038461538461538464 0.037037037037037035 0.037037037037037035
0.0 0.0 0.0 0.0 0.038461538461538464 0.038461538461538464 0.037037037037037035 0.037037037037037035
0.0032679738562091504 0.0007631403224267863 0.0009057971014492754 0.000172673796175851 0.019230769230769232 0.019230769230769232 0.018518518518518517 0.018518518518518517
0.0196078431372549 0.1112849375178861 0.004528985507246377 0.00021181318997571055 0.019230769230769232 0.019230769230769232 0.018518518518518517 0.018518518518518517
0.0032679738562091504 0.0012019460078221884 0.0009057971014492754 4.758122383512339e-05 0.019230769230769232 0.019230769230769232 0.018518518518518517 0.018518518518518517
0.16993464052287582 0.07906133740341505 0.36231884057971014 0.3899143154251421 0.019230769230769232 0.019230769230769232 0.018518518518518517 0.018518518518518517
0.5 0.23802346656491463 0.5534420289855072 0.5949939947890885 0.019230769230769232 0.019230769230769232 0.018518518518518517 0.018518518518518517
0.0 0.0 0.0 0.0 0.038461538461538464 0.038461538461538464 0.037037037037037035 0.037037037037037035
0.0 0.0 0.0 0.0 0.038461538461538464 0.038461538461538464 0.037037037037037035 0.037037037037037035
0.0 0.0 0.0 0.0 0.038461538461538464 0.038461538461538464 0.037037037037037035 0.037037037037037035
0.0 0.0 0.0 0.0 0.038461538461538464 0.038461538461538464 0.037037037037037035 0.037037037037037035
0.0 0.0 0.0 0.0 0.038461538461538464 0.038461538461538464 0.037037037037037035 0.037037037037037035
0.0 0.0 0.0 0.0 0.038461538461538464 0.038461538461538464 0.037037037037037035 0.037037037037037035
0.0 0.0 0.0 0.0 0.038461538461538464 0.038461538461538464 0.037037037037037035 0.037037037037037035
0.0 0.0 0.0 0.0 0.038461538461538464 0.038461538461538464 0.037037037037037035 0.037037037037037035
0.0 0.0 0.0 0.0 0.038461538461538464 0.038461538461538464 0.037037037037037035 0.037037037037037035
0.0 0.0 0.0 0.0 0.038461538461538464 0.038461538461538464 0.037037037037037035 0.037037037037037035
0.0 0.0 0.0 0.0 0.038461538461538464 0.038461538461538464 0.037037037037037035 0.037037037037037035
0.0 0.0 0.0 0.0 0.038461538461538464 0.038461538461538464 0.037037037037037035 0.037037037037037035
0.0 0.0 0.0 0.0 0.038461538461538464 0.038461538461538464 0.037037037037037035 0.037037037037037035
0.0 0.0 0.0 0.0 0.038461538461538464 0.038461538461538464 0.037037037037037035 0.037037037037037035
0.0 0.0 0.0 0.0 0.038461538461538464 0.038461538461538464 0.037037037037037035 0.037037037037037035
0.0 0.0 0.0 0.0 0.038461538461538464 0.038461538461538464 0.037037037037037035 0.037037037037037035
0.0 0.0 0.0 0.0 0.038461538461538464 0.038461538461538464 0.037037037037037035 0.037037037037037035
0.0 0.0 0.0 0.0 0.038461538461538464 0.038461538461538464 0.037037037037037035 0.037037037037037035
0.0 0.0 0.0 0.0 0.038461538461538464 0.038461538461538464 0.037037037037037035 0.037037037037037035

0.0 0.0 0.0 0.0 0.041666666666666664 0.041666666666666664 0.04081632653061224 0.04081632653061224
0.006430868167202572 0.002157621992332736 0.0022624434389140274 0.00010618477133404451 0.020833333333333332 0.020833333333333332 0.02040816326530612 0.02040816326530612
0.05787781350482315 0.03236432988499104 0.023755656108597284 0.009320663261543906 0.0 0.0 0.0 0.0
0.04180064308681672 0.1925870272977711 0.00904977375565611 0.0013941667199229178 0.0 0.0 0.0 0.0
0.003215434083601286 0.01317690573888921 0.0 0.0 0.020833333333333332 0.020833333333333332 0.04081632653061224 0.04081632653061224
0.028938906752411574 0.010980754782407676 0.010180995475113122 0.0005102768177997138 0.020833333333333332 0.020833333333333332 0.02040816326530612 0.02040816326530612
0.01929260450160772 0.008611223487256545 0.004524886877828055 0.0005535372801950654 0.0 0.0 0.0 0.0
0.08360128617363344 0.14914562022000039 0.023755656108597284 0.001757947880974737 0.0 0.0 0.0 0.0
0.0 0.0 0.0 0.0 0.041666666666666664 0.041666666666666664 0.04081632653061224 0.04081632653061224
0.02572347266881029 0.09834518098980909 0.007918552036199095 0.0023773590470899963 0.020833333333333332 0.020833333333333332 0.02040816326530612 0.02040816326530612
0.003215434083601286 0.0018108613149935464 0.0011312217194570137 3.932769308668315e-05 0.020833333333333332 0.020833333333333332 0.02040816326530612 0.02040816326530612
0.01929260450160772 0.11236972393997187 0.005656108597285068 0.00027136108229811376 0.020833333333333332 0.020833333333333332 0.02040816326530612 0.02040816326530612
0.00964630225080386 0.005201410160087846 0.0011312217194570137 6.98066552288626e-05 0.020833333333333332 0.020833333333333332 0.02040816326530612 0.02040816326530612
0.0 0.0 0.0 0.0 0.041666666666666664 0.041666666666666664 0.04081632653061224 0.04081632653061224
0.6495176848874598 0.35092180546726004 0.8947963800904978 0.9821816054547511 0.0 0.0 0.0 0.0
0.012861736334405145 0.0053555260166830414 0.0022624434389140274 0.00048471381729336987 0.020833333333333332 0.020833333333333332 0.02040816326530612 0.02040816326530612
0.03215434083601286 0.014101600878460383 0.011312217194570135 0.0007845874770793288 0.020833333333333332 0.020833333333333332 0.02040816326530612 0.02040816326530612
0.006430868167202572 0.0028704078290855153 0.0022624434389140274 0.0001484620414022289 0.020833333333333332 0.020833333333333332 0.02040816326530612 0.02040816326530612
0.0 0.0 0.0 0.0 0.041666666666666664 0.041666666666666664 0.04081632653061224 0.04081632653061224
0.0 0.0 0.0 0.0 0.041666666666666664 0.041666666666666664 0.04081632653061224 0.04081632653061224
0.0 0.0 0.0 0.0 0.041666666666666664 0.041666666666666664 0.04081632653061224 0.04081632653061224
0.0 0.0 0.0 0.0 0.041666666666666664 0.041666666666666664 0.04081632653061224 0.04081632653061224
0.0 0.0 0.0 0.0 0.041666666666666664 0.041666666666666664 0.04081632653061224 0.04081632653061224
0.0 0.0 0.0 0.0 0.041666666666666664 0.041666666666666664 0.04081632653061224 0.04081632653061224
0.0 0.0 0.0 0.0 0.041666666666666664 0.041666666666666664 0.04081632653061224 0.04081632653061224
0.0 0.0 0.0 0.0 0.041666666666666664 0.041666666666666664 0.04081632653061224 0.04081632653061224
0.0 0.0 0.0 0.0 0.041666666666666664 0.041666666666666664 0.04081632653061224 0.04081632653061224
0.0 0.0 0.0 0.0 0.041666666666666664 0.041666666666666664 0.04081632653061224 0.04081632653061224
0.0 0.0 0.0 0.0 0.041666666666666664 0.041666666666666664 0.04081632653061224 0.04081632653061224
0.0 0.0 0.0 0.0 0.041666666666666664 0.041666666666666664 0.04081632653061224 0.04081632653061224
0.0 0.0 0.0 0.0 0.041666666666666664 0.041666666666666664 0.04081632653061224 0.04081632653061224
0.0 0.0 0.0 0.0 0.041666666666666664 0.041666666666666664 0.04081632653061224 0.04081632653061224
0.0 0.0 0.0 0.0 0.041666666666666664 0.041666666666666664 0.04081632653061224 0.04081632653061224
0.0 0.0 0.0 0.0 0.041666666666666664 0.041666666666666664 0.04081632653061224 0.04081632653061224

0.0 0.0 0.0 0.0 0.0425531914893617 0.0425531914893617 0.0425531914893617 0.0425531914893617
0.011834319526627219 0.0023085643615376687 0.006944444444444444 0.0004384914270865899 0.02127659574468085 0.02127659574468085 0.02127659574468085 0.02127659574468085
0.10059171597633136 0.03518499433165 0.06944444444444445 0.03832739881201304 0.0 0.0 0.0 0.0
0.10059171597633136 0.35096361949912397 0.03819444444444445 0.004758444005050772 0.0 0.0 0.0 0.0
0.0 0.0 0.0 0.0 0.0425531914893617 0.0425531914893617 0.0425531914893617 0.0425531914893617
0.07100591715976332 0.015644645985777594 0.03819444444444445 0.0025578666580051077 0.0 0.0 0.0 0.0
0.011834319526627219 0.0030918272699165207 0.006944444444444444 0.0009703652877193979 0.02127659574468085 0.02127659574468085 0.02127659574468085 0.02127659574468085
0.15384615384615385 0.21189322889827888 0.0763888888888889 0.00742187341402117 0.0 0.0 0.0 0.0
0.023668639053254437 0.026239307430691538 0.017361111111111112 0.0012220918477135515 0.02127659574468085 0.02127659574468085 0.02127659574468085 0.02127659574468085
0.10059171597633136 0.2018963207255488 0.05555555555555555 0.029106898525775582 0.0 0.0 0.0 0.0
0.011834319526627219 0.0027620323611254253 0.006944444444444444 0.00048721269676287764 0.0 0.0 0.0 0.0
0.011834319526627219 0.0022467278161393384 0.006944444444444444 0.0004263111096675179 0.02127659574468085 0.02127659574468085 0.02127659574468085 0.02127659574468085
0.01775147928994083 0.005565289085849737 0.003472222222222222 0.0002882675122513693 0.02127659574468085 0.02127659574468085 0.02127659574468085 0.02127659574468085
0.0 0.0 0.0 0.0 0.0425531914893617 0.0425531914893617 0.0425531914893617 0.0425531914893617
0.28994082840236685 0.11831392352880553 0.625 0.9081401061311658 0.02127659574468085 0.02127659574468085 0.02127659574468085 0.02127659574468085
0.023668639053254437 0.005730186540245285 0.006944444444444444 0.0020016321625341556 0.02127659574468085 0.02127659574468085 0.02127659574468085 0.02127659574468085
0.05917159763313609 0.01508811707719262 0.034722222222222224 0.0032399644334731364 0.02127659574468085 0.02127659574468085 0.02127659574468085 0.02127659574468085
0.011834319526627219 0.0030712150881170774 0.006944444444444444 0.0006130759767599543 0.02127659574468085 0.02127659574468085 0.02127659574468085 0.02127659574468085
0.0 0.0 0.0 0.0 0.0425531914893617 0.0425531914893617 0.0425531914893617 0.0425531914893617
0.0 0.0 0.0 0.0 0.0425531914893617 0.0425531914893617 0.0425531914893617 0.0425531914893617
0.0 0.0 0.0 0.0 0.0425531914893617 0.0425531914893617 0.0425531914893617 0.0425531914893617
0.0 0.0 0.0 0.0 0.0425531914893617 0.0425531914893617 0.0425531914893617 0.0425531914893617
0.0 0.0 0.0 0.0 0.0425531914893617 0.0425531914893617 0.0425531914893617 0.0425531914893617
0.0 0.0 0.0 0.0 0.0425531914893617 0.0425531914893617 0.0425531914893617 0.0425531914893617
0.0 0.0 0.0 0.0 0.0425531914893617 0.0425531914893617 0.0425531914893617 0.0425531914893617
0.0 0.0 0.0 0.0 0.0425531914893617 0.0425531914893617 0.0425531914893617 0.0425531914893617
0.0 0.0 0.0 0.0 0.0425531914893617 0.0425531914893617 0.0425531914893617 0.0425531914893617
0.0 0.0 0.0 0.0 0.0425531914893617 0.0425531914893617 0.0425531914893617 0.0425531914893617
0.0 0.0 0.0 0.0 0.0425531914893617 0.0425531914893617 0.0425531914893617 0.0425531914893617
0.0 0.0 0.0 0.0 0.0425531914893617 0.0425531914893617 0.0425531914893617 0.0425531914893617
0.0 0.0 0.0 0.0 0.0425531914893617 0.0425531914893617 0.0425531914893617 0.0425531914893617
0.0 0.0 0.0 0.0 0.0425531914893617 0.0425531914893617 0.0425531914893617 0.0425531914893617
0.0 0.0 0.0 0.0 0.0425531914893617 0.0425531914893617 0.0425531914893617 0.0425531914893617
0.0 0.0 0.0 0.0 0.0425531914893617 0.0425531914893617 0.0425531914893617 0.0425531914893617

0.0 0.0 0.0 0.0 0.0392156862745098 0.0392156862745098 0.037037037037037035 0.037037037037037035
0.06818181818181818 0.009982937326508264 0.0 0.0 0.0196078431372549 0.0196078431372549 0.037037037037037035 0.037037037037037035
0.056818181818181816 0.01120533781546846 0.043478260869565216 0.011389251393996916 0.0 0.0 0.0 0.0
0.19318181818181818 0.3846232205159549 0.21739130434782608 0.10072369201566023 0.0 0.0 0.0 0.0
0.0 0.0 0.0 0.0 0.0392156862745098 0.0392156862745098 0.037037037037037035 0.037037037037037035
0.03409090909090909 0.00481320192528077 0.028985507246376812 0.006584410962154467 0.0196078431372549 0.0196078431372549 0.018518518518518517 0.018518518518518517
0.011363636363636364 0.00206280082512033 0.014492753623188406 0.012397674694507059 0.0196078431372549 0.0196078431372549 0.018518518518518517 0.018518518518518517
0.2727272727272727 0.283189446609112 0.2898550724637681 0.10297781468738877 0.0 0.0 0.0 0.0
0.045454545454545456 0.03241907963429852 0.07246376811594203 0.017855024320797247 0.0196078431372549 0.0196078431372549 0.018518518518518517 0.018518518518518517
0.10227272727272728 0.11943871444215244 0.13043478260869565 0.2818246529837466 0.0196078431372549 0.0196078431372549 0.018518518518518517 0.018518518518518517
0.022727272727272728 0.0020373341482669925 0.028985507246376812 0.03381184007592834 0.0 0.0 0.0 0.0
0.022727272727272728 0.0027758677770137775 0.028985507246376812 0.006228496856092063 0.0196078431372549 0.0196078431372549 0.018518518518518517 0.018518518518518517
0.0 0.0 0.0 0.0 0.0392156862745098 0.0392156862745098 0.037037037037037035 0.037037037037037035
0.0 0.0 0.0 0.0 0.0392156862745098 0.0392156862745098 0.037037037037037035 0.037037037037037035
0.0 0.0 0.0 0.0 0.0392156862745098 0.0392156862745098 0.037037037037037035 0.037037037037037035
0.0 0.0 0.0 0.0 0.0392156862745098 0.0392156862745098 0.037037037037037035 0.037037037037037035
0.0 0.0 0.0 0.0 0.0392156862745098 0.0392156862745098 0.037037037037037035 0.037037037037037035
0.0 0.0 0.0 0.0 0.0392156862745098 0.0392156862745098 0.037037037037037035 0.037037037037037035
0.13636363636363635 0.14279165711666283 0.14492753623188406 0.4262071420097283 0.0196078431372549 0.0196078431372549 0.018518518518518517 0.018518518518518517
0.022727272727272728 0.003616268113173912 0.0 0.0 0.0196078431372549 0.0196078431372549 0.037037037037037035 0.037037037037037035
0.011363636363636364 0.0010441337509868337 0.0 0.0 0.0196078431372549 0.0196078431372549 0.037037037037037035 0.037037037037037035
0.0 0.0 0.0 0.0 0.0392156862745098 0.0392156862745098 0.037037037037037035 0.037037037037037035
0.0 0.0 0.0 0.0 0.0392156862745098 0.0392156862745098 0.037037037037037035 0.037037037037037035
0.0 0.0 0.0 0.0 0.0392156862745098 0.0392156862745098 0.037037037037037035 0.037037037037037035
0.0 0.0 0.0 0.0 0.0392156862745098 0.0392156862745098 0.037037037037037035 0.037037037037037035
0.0 0.0 0.0 0.0 0.0392156862745098 0.0392156862745098 0.037037037037037035 0.037037037037037035
0.0 0.0 0.0 0.0 0.0392156862745098 0.0392156862745098 0.037037037037037035 0.037037037037037035
0.0 0.0 0.0 0.0 0.0392156862745098 0.0392156862745098 0.037037037037037035 0.037037037037037035
0.0 0.0 0.0 0.0 0.0392156862745098 0.0392156862745098 0.037037037037037035 0.037037037037037035
0.0 0.0 0.0 0.0 0.0392156862745098 0.0392156862745098 0.037037037037037035 0.037037037037037035
0.0 0.0 0.0 0.0 0.0392156862745098 0.0392156862745098 0.037037037037037035 0.037037037037037035
0.0 0.0 0.0 0.0 0.0392156862745098 0.0392156862745098 0.037037037037037035 0.037037037037037035
0.0 0.0 0.0 0.0 0.0392156862745098 0.0392156862745098 0.037037037037037035 0.037037037037037035
0.0 0.0 0.0 0.0 0.0392156862745098 0.0392156862745098 0.037037037037037035 0.037037037037037035

0.0 0.0 0.0 0.0 0.037037037037037035 0.037037037037037035 0.03571428571428571 0.03571428571428571
0.22580645161290322 0.12860140066782896 0.2413793103448276 0.2208729898260584 0.0 0.0 0.017857142857142856 0.017857142857142856
0.26881720430107525 0.33107768682958544 0.2988505747126437 0.14921780986762936 0.0 0.0 0.0 0.0
0.11827956989247312 0.17676782600986968 0.12643678160919541 0.12416584618750684 0.0 0.0 0.0 0.0
0.0 0.0 0.0 0.0 0.037037037037037035 0.037037037037037035 0.03571428571428571 0.03571428571428571
0.010752688172043012 0.0018616471144469726 0.011494252873563218 0.0031178208073514933 0.018518518518518517 0.018518518518518517 0.017857142857142856 0.017857142857142856
0.010752688172043012 0.0023935462900032504 0.011494252873563218 0.011432009626955475 0.018518518518518517 0.018518518518518517 0.017857142857142856 0.017857142857142856
0.17204301075268819 0.1838007151088916 0.14942528735632185 0.06279400503227218 0.018518518518518517 0.018518518518518517 0.017857142857142856 0.017857142857142856
0.0 0.0 0.0 0.0 0.037037037037037035 0.037037037037037035 0.03571428571428571 0.03571428571428571
0.0 0.0 0.0 0.0 0.037037037037037035 0.037037037037037035 0.03571428571428571 0.03571428571428571
0.010752688172043012 0.0011819981679028397 0.011494252873563218 0.026802319221091785 0.018518518518518517 0.018518518518518517 0.017857142857142856 0.017857142857142856
0.021505376344086023 0.0032209450075352383 0.022988505747126436 0.005743354118805382 0.018518518518518517 0.018518518518518517 0.017857142857142856 0.017857142857142856
0.0 0.0 0.0 0.0 0.037037037037037035 0.037037037037037035 0.03571428571428571 0.03571428571428571
0.0 0.0 0.0 0.0 0.037037037037037035 0.037037037037037035 0.03571428571428571 0.03571428571428571
0.0 0.0 0.0 0.0 0.037037037037037035 0.037037037037037035 0.03571428571428571 0.03571428571428571
0.0 0.0 0.0 0.0 0.037037037037037035 0.037037037037037035 0.03571428571428571 0.03571428571428571
0.0 0.0 0.0 0.0 0.037037037037037035 0.037037037037037035 0.03571428571428571 0.03571428571428571
0.0 0.0 0.0 0.0 0.037037037037037035 0.037037037037037035 0.03571428571428571 0.03571428571428571
0.12903225806451613 0.16568659318578055 0.11494252873563218 0.39300951755825403 0.018518518518518517 0.018518518518518517 0.017857142857142856 0.017857142857142856
0.021505376344086023 0.004196093496055081 0.0 0.0 0.018518518518518517 0.018518518518518517 0.03571428571428571 0.03571428571428571
0.010752688172043012 0.0012115481221004107 0.011494252873563218 0.0028443277540750466 0.018518518518518517 0.018518518518518517 0.017857142857142856 0.017857142857142856
0.0 0.0 0.0 0.0 0.037037037037037035 0.037037037037037035 0.03571428571428571 0.03571428571428571
0.0 0.0 0.0 0.0 0.037037037037037035 0.037037037037037035 0.03571428571428571 0.03571428571428571
0.0 0.0 0.0 0.0 0.037037037037037035 0.037037037037037035 0.03571428571428571 0.03571428571428571
0.0 0.0 0.0 0.0 0.037037037037037035 0.037037037037037035 0.03571428571428571 0.03571428571428571
0.0 0.0 0.0 0.0 0.037037037037037035 0.037037037037037035 0.03571428571428571 0.03571428571428571
0.0 0.0 0.0 0.0 0.037037037037037035 0.037037037037037035 0.03571428571428571 0.03571428571428571
0.0 0.0 0.0 0.0 0.037037037037037035 0.037037037037037035 0.03571428571428571 0.03571428571428571
0.0 0.0 0.0 0.0 0.037037037037037035 0.037037037037037035 0.03571428571428571 0.03571428571428571
0.0 0.0 0.0 0.0 0.037037037037037035 0.037037037037037035 0.03571428571428571 0.03571428571428571
0.0 0.0 0.0 0.0 0.037037037037037035 0.037037037037037035 0.03571428571428571 0.03571428571428571
0.0 0.0 0.0 0.0 0.037037037037037035 0.037037037037037035 0.03571428571428571 0.03571428571428571
0.0 0.0 0.0 0.0 0.037037037037037035 0.037037037037037035 0.03571428571428571 0.03571428571428571
0.0 0.0 0.0 0.0 0.037037037037037035 0.037037037037037035 0.03571428571428571 0.03571428571428571

0.0 0.0 0.0 0.0 0.03571428571428571 0.03571428571428571 0.03636363636363636 0.03636363636363636
0.0847457627118644 0.12839217974905165 0.04294478527607362 0.007688338591537496 0.017857142857142856 0.017857142857142856 0.01818181818181818 0.01818181818181818
0.12994350282485875 0.35726096683202024 0.05112474437627812 0.004980855313388334 0.0 0.0 0.0 0.0
0.011299435028248588 0.0025937814090717503 0.006134969325153374 0.0023190679555454854 0.017857142857142856 0.017857142857142856 0.01818181818181818 0.01818181818181818
0.0 0.0 0.0 0.0 0.03571428571428571 0.03571428571428571 0.03636363636363636 0.03636363636363636
0.005649717514124294 0.0020426028596440037 0.002044989775051125 0.00010852781072749809 0.017857142857142856 0.017857142857142856 0.01818181818181818 0.01818181818181818
0.022598870056497175 0.01018059203060662 0.0081799591002045 0.0014622694498020795 0.017857142857142856 0.017857142857142856 0.01818181818181818 0.01818181818181818
0.0 0.0 0.0 0.0 0.03571428571428571 0.03571428571428571 0.03636363636363636 0.03636363636363636
0.0 0.0 0.0 0.0 0.03571428571428571 0.03571428571428571 0.03636363636363636 0.03636363636363636
0.011299435028248588 0.0048633401420095325 0.00408997955010225 0.00023038359821100473 0.017857142857142856 0.017857142857142856 0.01818181818181818 0.01818181818181818
0.005649717514124294 0.0012968907045358751 0.002044989775051125 0.00018659167458411952 0.017857142857142856 0.017857142857142856 0.01818181818181818 0.01818181818181818
0.011299435028248588 0.00353402716986026 0.00408997955010225 0.00019991965134012805 0.017857142857142856 0.017857142857142856 0.01818181818181818 0.01818181818181818
0.0 0.0 0.0 0.0 0.03571428571428571 0.03571428571428571 0.03636363636363636 0.03636363636363636
0.6214689265536724 0.346788574392893 0.8302658486707567 0.9708707548014036 0.017857142857142856 0.017857142857142856 0.01818181818181818 0.01818181818181818
0.0 0.0 0.0 0.0 0.03571428571428571 0.03571428571428571 0.03636363636363636 0.03636363636363636
0.0 0.0 0.0 0.0 0.03571428571428571 0.03571428571428571 0.03636363636363636 0.03636363636363636
0.0 0.0 0.0 0.0 0.03571428571428571 0.03571428571428571 0.03636363636363636 0.03636363636363636
0.0 0.0 0.0 0.0 0.03571428571428571 0.03571428571428571 0.03636363636363636 0.03636363636363636
0.0 0.0 0.0 0.0 0.03571428571428571 0.03571428571428571 0.03636363636363636 0.03636363636363636
0.0 0.0 0.0 0.0 0.03571428571428571 0.03571428571428571 0.03636363636363636 0.03636363636363636
0.0 0.0 0.002044989775051125 9.900782733034914e-05 0.03571428571428571 0.03571428571428571 0.01818181818181818 0.01818181818181818
0.005649717514124294 0.0013293129721492721 0.002044989775051125 9.900782733034914e-05 0.017857142857142856 0.017857142857142856 0.01818181818181818 0.01818181818181818
0.0903954802259887 0.14171773173815777 0.044989775051124746 0.01175527549879953 0.017857142857142856 0.017857142857142856 0.01818181818181818 0.01818181818181818
0.0 0.0 0.0 0.0 0.03571428571428571 0.03571428571428571 0.03636363636363636 0.03636363636363636
0.0 0.0 0.0 0.0 0.03571428571428571 0.03571428571428571 0.03636363636363636 0.03636363636363636
0.0 0.0 0.0 0.0 0.03571428571428571 0.03571428571428571 0.03636363636363636 0.03636363636363636
0.0 0.0 0.0 0.0 0.03571428571428571 0.03571428571428571 0.03636363636363636 0.03636363636363636
0.0 0.0 0.0 0.0 0.03571428571428571 0.03571428571428571 0.03636363636363636 0.03636363636363636
0.0 0.0 0.0 0.0 0.03571428571428571 0.03571428571428571 0.03636363636363636 0.03636363636363636
0.0 0.0 0.0 0.0 0.03571428571428571 0.03571428571428571 0.03636363636363636 0.03636363636363636
0.0 0.0 0.0 0.0 0.03571428571428571 0.03571428571428571 0.03636363636363636 0.03636363636363636
0.0 0.0 0.0 0.0 0.03571428571428571 0.03571428571428571 0.03636363636363636 0.03636363636363636
0.0 0.0 0.0 0.0 0.03571428571428571 0.03571428571428571 0.03636363636363636 0.03636363636363636
0.0 0.0 0.0 0.0 0.03571428571428571 0.03571428571428571 0.03636363636363636 0.03636363636363636

0.0 0.0 0.0 0.0 0.03773584905660377 0.03773584905660377 0.03773584905660377 0.03773584905660377
0.012903225806451613 0.0052037355387260145 0.004366812227074236 0.00020798628831136318 0.018867924528301886 0.018867924528301886 0.018867924528301886 0.018867924528301886
0.01935483870967742 0.011940714584398085 0.006550218340611353 0.0003697534014424234 0.0 0.0 0.0 0.0
0.0 0.0 0.0 0.0 0.03773584905660377 0.03773584905660377 0.03773584905660377 0.03773584905660377
0.0 0.0 0.0 0.0 0.03773584905660377 0.03773584905660377 0.03773584905660377 0.03773584905660377
0.0064516129032258064 0.002927101240533383 0.002183406113537118 0.00010977054105321945 0.018867924528301886 0.018867924528301886 0.018867924528301886 0.018867924528301886
0.025806451612903226 0.014589044278214003 0.008733624454148471 0.0014790136057696937 0.018867924528301886 0.018867924528301886 0.018867924528301886 0.018867924528301886
0.0 0.0 0.0 0.0 0.03773584905660377 0.03773584905660377 0.03773584905660377 0.03773584905660377
0.01935483870967742 0.04325605166565999 0.008733624454148471 0.00048530133939318076 0.018867924528301886 0.018867924528301886 0.018867924528301886 0.018867924528301886
0.05806451612903226 0.20763834038005854 0.019650655021834062 0.0025208708462923553 0.0 0.0 0.0 0.0
0.012903225806451613 0.003716953956232867 0.004366812227074236 0.0004467853600762616 0.0 0.0 0.0 0.0
0.012903225806451613 0.005064349765367282 0.004366812227074236 0.00020220889141382532 0.018867924528301886 0.018867924528301886 0.018867924528301886 0.018867924528301886
0.0 0.0 0.0 0.0 0.03773584905660377 0.03773584905660377 0.03773584905660377 0.03773584905660377
0.7096774193548387 0.49695674394833433 0.8864628820960698 0.9819880022724428 0.018867924528301886 0.018867924528301886 0.018867924528301886 0.018867924528301886
0.0 0.0 0.0 0.0 0.03773584905660377 0.03773584905660377 0.03773584905660377 0.03773584905660377
0.0 0.0 0.0 0.0 0.03773584905660377 0.03773584905660377 0.03773584905660377 0.03773584905660377
0.0 0.0 0.0 0.0 0.03773584905660377 0.03773584905660377 0.03773584905660377 0.03773584905660377
0.0 0.0 0.0 0.0 0.03773584905660377 0.03773584905660377 0.03773584905660377 0.03773584905660377
0.0 0.0 0.0 0.0 0.03773584905660377 0.03773584905660377 0.03773584905660377 0.03773584905660377
0.0 0.0 0.0 0.0 0.03773584905660377 0.03773584905660377 0.03773584905660377 0.03773584905660377
0.0 0.0 0.0 0.0 0.03773584905660377 0.03773584905660377 0.03773584905660377 0.03773584905660377
0.0064516129032258064 0.0019049389025693445 0.002183406113537118 0.00010014154622398968 0.018867924528301886 0.018867924528301886 0.018867924528301886 0.018867924528301886
0.11612903225806452 0.20680202573990614 0.05240174672489083 0.012090165907580908 0.0 0.0 0.0 0.0
0.0 0.0 0.0 0.0 0.03773584905660377 0.03773584905660377 0.03773584905660377 0.03773584905660377
0.0 0.0 0.0 0.0 0.03773584905660377 0.03773584905660377 0.03773584905660377 0.03773584905660377
0.0 0.0 0.0 0.0 0.03773584905660377 0.03773584905660377 0.03773584905660377 0.03773584905660377
0.0 0.0 0.0 0.0 0.03773584905660377 0.03773584905660377 0.03773584905660377 0.03773584905660377
0.0 0.0 0.0 0.0 0.03773584905660377 0.03773584905660377 0.03773584905660377 0.03773584905660377
0.0 0.0 0.0 0.0 0.03773584905660377 0.03773584905660377 0.03773584905660377 0.03773584905660377
0.0 0.0 0.0 0.0 0.03773584905660377 0.03773584905660377 0.03773584905660377 0.03773584905660377
0.0 0.0 0.0 0.0 0.03773584905660377 0.03773584905660377 0.03773584905660377 0.03773584905660377
0.0 0.0 0.0 0.0 0.03773584905660377 0.03773584905660377 0.03773584905660377 0.03773584905660377
0.0 0.0 0.0 0.0 0.03773584905660377 0.03773584905660377 0.03773584905660377 0.03773584905660377
0.0 0.0 0.0 0.0 0.03773584905660377 0.03773584905660377 0.03773584905660377 0.03773584905660377

0.0 0.0 0.0 0.0 0.03636363636363636 0.03636363636363636 0.03636363636363636 0.03636363636363636
0.04 0.014314928425357873 0.041666666666666664 0.019254769121055445 0.01818181818181818 0.01818181818181818 0.01818181818181818 0.01818181818181818
0.2 0.10365541922290389 0.1875 0.10251381707969336 0.0 0.0 0.0 0.0
0.0 0.0 0.0 0.0 0.03636363636363636 0.03636363636363636 0.03636363636363636 0.03636363636363636
0.0 0.0 0.0 0.0 0.03636363636363636 0.03636363636363636 0.03636363636363636 0.03636363636363636
0.24 0.09752044989775051 0.20833333333333334 0.36280977001247994 0.0 0.0 0.0 0.0
0.02 0.008819018404907975 0.020833333333333332 0.03904439293991799 0.01818181818181818 0.01818181818181818 0.01818181818181818 0.01818181818181818
0.0 0.0 0.0 0.0 0.03636363636363636 0.03636363636363636 0.03636363636363636 0.03636363636363636
0.06 0.11899284253578732 0.08333333333333333 0.04492779461579604 0.01818181818181818 0.01818181818181818 0.01818181818181818 0.01818181818181818
0.14 0.552019427402863 0.14583333333333334 0.2118024603316099 0.01818181818181818 0.01818181818181818 0.01818181818181818 0.01818181818181818
0.1 0.0270961145194274 0.14583333333333334 0.1183811731146372 0.0 0.0 0.0 0.0
0.04 0.013931492842535788 0.041666666666666664 0.01871991442324835 0.01818181818181818 0.01818181818181818 0.01818181818181818 0.01818181818181818
0.0 0.0 0.0 0.0 0.03636363636363636 0.03636363636363636 0.03636363636363636 0.03636363636363636
0.0 0.0 0.0 0.0 0.03636363636363636 0.03636363636363636 0.03636363636363636 0.03636363636363636
0.0 0.0 0.0 0.0 0.03636363636363636 0.03636363636363636 0.03636363636363636 0.03636363636363636
0.0 0.0 0.0 0.0 0.03636363636363636 0.03636363636363636 0.03636363636363636 0.03636363636363636
0.0 0.0 0.0 0.0 0.03636363636363636 0.03636363636363636 0.03636363636363636 0.03636363636363636
0.0 0.0 0.0 0.0 0.03636363636363636 0.03636363636363636 0.03636363636363636 0.03636363636363636
0.0 0.0 0.0 0.0 0.03636363636363636 0.03636363636363636 0.03636363636363636 0.03636363636363636
0.0 0.0 0.0 0.0 0.03636363636363636 0.03636363636363636 0.03636363636363636 0.03636363636363636
0.0 0.0 0.0 0.0 0.03636363636363636 0.03636363636363636 0.03636363636363636 0.03636363636363636
0.0 0.0 0.0 0.0 0.03636363636363636 0.03636363636363636 0.03636363636363636 0.03636363636363636
0.04 0.010224948875255624 0.041666666666666664 0.01854162952397932 0.01818181818181818 0.01818181818181818 0.01818181818181818 0.01818181818181818
0.12 0.053425357873210635 0.08333333333333333 0.06400427883758246 0.01818181818181818 0.01818181818181818 0.01818181818181818 0.01818181818181818
0.0 0.0 0.0 0.0 0.03636363636363636 0.03636363636363636 0.03636363636363636 0.03636363636363636
0.0 0.0 0.0 0.0 0.03636363636363636 0.03636363636363636 0.03636363636363636 0.03636363636363636
0.0 0.0 0.0 0.0 0.03636363636363636 0.03636363636363636 0.03636363636363636 0.03636363636363636
0.0 0.0 0.0 0.0 0.03636363636363636 0.03636363636363636 0.03636363636363636 0.03636363636363636
0.0 0.0 0.0 0.0 0.03636363636363636 0.03636363636363636 0.03636363636363636 0.03636363636363636
0.0 0.0 0.0 0.0 0.03636363636363636 0.03636363636363636 0.03636363636363636 0.03636363636363636
0.0 0.0 0.0 0.0 0.03636363636363636 0.03636363636363636 0.03636363636363636 0.03636363636363636
0.0 0.0 0.0 0.0 0.03636363636363636 0.03636363636363636 0.03636363636363636 0.03636363636363636
0.0 0.0 0.0 0.0 0.03636363636363636 0.03636363636363636 0.03636363636363636 0.03636363636363636
0.0 0.0 0.0 0.0 0.03636363636363636 0.03636363636363636 0.03636363636363636 0.03636363636363636

0.0 0.0 0.0 0.0 0.03636363636363636 0.03636363636363636 0.03636363636363636 0.03636363636363636
0.013986013986013986 0.008354669182050937 0.004728132387706856 0.0002442112427249571 0.01818181818181818 0.01818181818181818 0.01818181818181818 0.01818181818181818
0.08741258741258741 0.23042716615011455 0.02364066193853428 0.002281973907429927 0.0 0.0 0.0 0.0
0.0 0.0 0.0 0.0 0.03636363636363636 0.03636363636363636 0.03636363636363636 0.03636363636363636
0.0 0.0 0.0 0.0 0.03636363636363636 0.03636363636363636 0.03636363636363636 0.03636363636363636
0.05244755244755245 0.03207114944077617 0.014184397163120567 0.002160869151816321 0.0 0.0 0.0 0.0
0.0034965034965034965 0.002324484570812559 0.001182033096926714 0.0002191895990031377 0.01818181818181818 0.01818181818181818 0.01818181818181818 0.01818181818181818
0.0 0.0 0.0 0.0 0.03636363636363636 0.03636363636363636 0.03636363636363636 0.03636363636363636
0.0 0.0 0.0 0.0 0.03636363636363636 0.03636363636363636 0.03636363636363636 0.03636363636363636
0.0 0.0 0.0 0.0 0.03636363636363636 0.03636363636363636 0.03636363636363636 0.03636363636363636
0.024475524475524476 0.010645465570677807 0.010638297872340425 0.000831719437313276 0.0 0.0 0.0 0.0
0.0 0.0 0.0 0.0 0.03636363636363636 0.03636363636363636 0.03636363636363636 0.03636363636363636
0.0 0.0 0.0 0.0 0.03636363636363636 0.03636363636363636 0.03636363636363636 0.03636363636363636
0.0 0.0 0.0 0.0 0.03636363636363636 0.03636363636363636 0.03636363636363636 0.03636363636363636
0.7517482517482518 0.6690809863899744 0.9278959810874704 0.9931430687544727 0.01818181818181818 0.01818181818181818 0.01818181818181818 0.01818181818181818
0.0 0.0 0.0 0.0 0.03636363636363636 0.03636363636363636 0.03636363636363636 0.03636363636363636
0.0 0.0 0.0 0.0 0.03636363636363636 0.03636363636363636 0.03636363636363636 0.03636363636363636
0.013986013986013986 0.012363562862147959 0.002364066193853428 0.00015113072807978903 0.01818181818181818 0.01818181818181818 0.01818181818181818 0.01818181818181818
0.0 0.0 0.0 0.0 0.03636363636363636 0.03636363636363636 0.03636363636363636 0.03636363636363636
0.0 0.0 0.0 0.0 0.03636363636363636 0.03636363636363636 0.03636363636363636 0.03636363636363636
0.0 0.0 0.0 0.0 0.03636363636363636 0.03636363636363636 0.03636363636363636 0.03636363636363636
0.01048951048951049 0.006973453712437677 0.0035460992907801418 0.00016914631155949897 0.01818181818181818 0.01818181818181818 0.01818181818181818 0.01818181818181818
0.0 0.0 0.0 0.0 0.03636363636363636 0.03636363636363636 0.03636363636363636 0.03636363636363636
0.04195804195804196 0.02775906212100795 0.01182033096926714 0.0007986908676004744 0.0 0.0 0.0 0.0
0.0 0.0 0.0 0.0 0.03636363636363636 0.03636363636363636 0.03636363636363636 0.03636363636363636
0.0 0.0 0.0 0.0 0.03636363636363636 0.03636363636363636 0.03636363636363636 0.03636363636363636
0.0 0.0 0.0 0.0 0.03636363636363636 0.03636363636363636 0.03636363636363636 0.03636363636363636
0.0 0.0 0.0 0.0 0.03636363636363636 0.03636363636363636 0.03636363636363636 0.03636363636363636
0.0 0.0 0.0 0.0 0.03636363636363636 0.03636363636363636 0.03636363636363636 0.03636363636363636
0.0 0.0 0.0 0.0 0.03636363636363636 0.03636363636363636 0.03636363636363636 0.03636363636363636
0.0 0.0 0.0 0.0 0.03636363636363636 0.03636363636363636 0.03636363636363636 0.03636363636363636
0.0 0.0 0.0 0.0 0.03636363636363636 0.03636363636363636 0.03636363636363636 0.03636363636363636
0.0 0.0 0.0 0.0 0.03636363636363636 0.03636363636363636 0.03636363636363636 0.03636363636363636
0.0 0.0 0.0 0.0 0.03636363636363636 0.03636363636363636 0.03636363636363636 0.03636363636363636

0.0 0.0 0.0 0.0 0.0392156862745098 0.0392156862745098 0.0392156862745098 0.0392156862745098
0.011049723756906077 0.005456545654565457 0.004069175991861648 0.0002149135941656244 0.0196078431372549 0.0196078431372549 0.0196078431372549 0.0196078431372549
0.06077348066298342 0.14712871287128712 0.017293997965412006 0.00185054697271302 0.0 0.0 0.0 0.0
0.0 0.0 0.0 0.0 0.0392156862745098 0.0392156862745098 0.0392156862745098 0.0392156862745098
0.0 0.0 0.0 0.0 0.0392156862745098 0.0392156862745098 0.0392156862745098 0.0392156862745098
0.03314917127071823 0.01878987898789879 0.008138351983723296 0.0007821445558158789 0.0 0.0 0.0 0.0
0.013812154696132596 0.006490649064906491 0.00508646998982706 0.0008164954991456304 0.0196078431372549 0.0196078431372549 0.0196078431372549 0.0196078431372549
0.0 0.0 0.0 0.0 0.0392156862745098 0.0392156862745098 0.0392156862745098 0.0392156862745098
0.0 0.0 0.0 0.0 0.0392156862745098 0.0392156862745098 0.0392156862745098 0.0392156862745098
0.03038674033149171 0.07595159515951595 0.01017293997965412 0.004559867528669825 0.0196078431372549 0.0196078431372549 0.0196078431372549 0.0196078431372549
0.011049723756906077 0.004312431243124313 0.004069175991861648 0.0004254232212376909 0.0 0.0 0.0 0.0
0.008287292817679558 0.003916391639163916 0.002034587995930824 9.248330896471541e-05 0.0196078431372549 0.0196078431372549 0.0196078431372549 0.0196078431372549
0.0 0.0 0.0 0.0 0.0392156862745098 0.0392156862745098 0.0392156862745098 0.0392156862745098
0.0 0.0 0.0 0.0 0.0392156862745098 0.0392156862745098 0.0392156862745098 0.0392156862745098
0.6602209944751382 0.4992079207920792 0.8850457782299085 0.9657001426885339 0.0 0.0 0.0 0.0
0.0 0.0 0.0 0.0 0.0392156862745098 0.0392156862745098 0.0392156862745098 0.0392156862745098
0.0 0.0 0.0 0.0 0.0392156862745098 0.0392156862745098 0.0392156862745098 0.0392156862745098
0.011049723756906077 0.008074807480748075 0.002034587995930824 0.00013299980622544788 0.0196078431372549 0.0196078431372549 0.0196078431372549 0.0196078431372549
0.0 0.0 0.0 0.0 0.0392156862745098 0.0392156862745098 0.0392156862745098 0.0392156862745098
0.0 0.0 0.0 0.0 0.0392156862745098 0.0392156862745098 0.0392156862745098 0.0392156862745098
0.0 0.0 0.0 0.0 0.0392156862745098 0.0392156862745098 0.0392156862745098 0.0392156862745098
0.008287292817679558 0.004554455445544554 0.003051881993896236 0.00014885408776225625 0.0196078431372549 0.0196078431372549 0.0196078431372549 0.0196078431372549
0.0 0.0 0.0 0.0 0.0392156862745098 0.0392156862745098 0.0392156862745098 0.0392156862745098
0.016574585635359115 0.008932893289328933 0.006103763987792472 0.0003866683108143816 0.0196078431372549 0.0196078431372549 0.0196078431372549 0.0196078431372549
0.013812154696132596 0.024994499449944994 0.00508646998982706 0.0013907728081455776 0.0196078431372549 0.0196078431372549 0.0196078431372549 0.0196078431372549
0.12154696132596685 0.1921892189218922 0.04781281790437437 0.02349868761780612 0.0196078431372549 0.0196078431372549 0.0196078431372549 0.0196078431372549
0.0 0.0 0.0 0.0 0.0392156862745098 0.0392156862745098 0.0392156862745098 0.0392156862745098
0.0 0.0 0.0 0.0 0.0392156862745098 0.0392156862745098 0.0392156862745098 0.0392156862745098
0.0 0.0 0.0 0.0 0.0392156862745098 0.0392156862745098 0.0392156862745098 0.0392156862745098
0.0 0.0 0.0 0.0 0.0392156862745098 0.0392156862745098 0.0392156862745098 0.0392156862745098
0.0 0.0 0.0 0.0 0.0392156862745098 0.0392156862745098 0.0392156862745098 0.0392156862745098
0.0 0.0 0.0 0.0 0.0392156862745098 0.0392156862745098 0.0392156862745098 0.0392156862745098
0.0 0.0 0.0 0.0 0.0392156862745098 0.0392156862745098 0.0392156862745098 0.0392156862745098
0.0 0.0 0.0 0.0 0.0392156862745098 0.0392156862745098 0.0392156862745098 0.0392156862745098

0.003937007874015748 0.004386126571081051 0.0 0.0 0.020833333333333332 0.020833333333333332 0.04 0.04
0.007874015748031496 0.0020640595628616714 0.00558659217877095 0.00042608928937775184 0.020833333333333332 0.020833333333333332 0.02 0.02
0.031496062992125984 0.014061405771995135 0.019553072625698324 0.0014360787160509413 0.0 0.0 0.0 0.0
0.0 0.0 0.0 0.0 0.041666666666666664 0.041666666666666664 0.04 0.04
0.0 0.0 0.0 0.0 0.041666666666666664 0.041666666666666664 0.04 0.04
0.031496062992125984 0.011094320150381483 0.013966480446927373 0.0027893067369450975 0.020833333333333332 0.020833333333333332 0.02 0.02
0.03543307086614173 0.010670450775865247 0.025139664804469275 0.007046254359524674 0.0 0.0 0.0 0.0
0.0 0.0 0.0 0.0 0.041666666666666664 0.041666666666666664 0.04 0.04
0.01968503937007874 0.07972430061553205 0.0 0.0 0.020833333333333332 0.020833333333333332 0.04 0.04
0.10236220472440945 0.21064465003132948 0.08100558659217877 0.045926902015244526 0.0 0.0 0.0 0.0
0.011811023622047244 0.003427813202609561 0.008379888268156424 0.0011638550033929332 0.0 0.0 0.0 0.0
0.011811023622047244 0.00328038037669087 0.00558659217877095 0.0004142534757839254 0.020833333333333332 0.020833333333333332 0.02 0.02
0.0 0.0 0.0 0.0 0.041666666666666664 0.041666666666666664 0.04 0.04
0.0 0.0 0.0 0.0 0.041666666666666664 0.041666666666666664 0.04 0.04
0.09448818897637795 0.05211750396225719 0.23743016759776536 0.41075796550254867 0.020833333333333332 0.020833333333333332 0.02 0.02
0.0 0.0 0.0 0.0 0.041666666666666664 0.041666666666666664 0.04 0.04
0.0 0.0 0.0 0.0 0.041666666666666664 0.041666666666666664 0.04 0.04
0.0 0.0 0.0 0.0 0.041666666666666664 0.041666666666666664 0.04 0.04
0.0 0.0 0.0 0.0 0.041666666666666664 0.041666666666666664 0.04 0.04
0.0 0.0 0.0 0.0 0.041666666666666664 0.041666666666666664 0.04 0.04
0.0 0.0 0.0 0.0 0.041666666666666664 0.041666666666666664 0.04 0.04
0.0 0.0 0.0 0.0 0.041666666666666664 0.041666666666666664 0.04 0.04
0.0 0.0 0.0 0.0 0.041666666666666664 0.041666666666666664 0.04 0.04
0.0 0.0 0.0 0.0 0.041666666666666664 0.041666666666666664 0.04 0.04
0.027559055118110236 0.022409789539641 0.01675977653631285 0.006387394069468335 0.0 0.0 0.0 0.0
0.4881889763779528 0.4237035125870775 0.48044692737430167 0.397845092871684 0.0 0.0 0.0 0.0
0.07480314960629922 0.11024289558070104 0.061452513966480445 0.07456957091230451 0.020833333333333332 0.020833333333333332 0.02 0.02
0.05905511811023622 0.05217279127197671 0.0446927374301676 0.051237237047674654 0.020833333333333332 0.020833333333333332 0.02 0.02
0.0 0.0 0.0 0.0 0.041666666666666664 0.041666666666666664 0.04 0.04
0.0 0.0 0.0 0.0 0.041666666666666664 0.041666666666666664 0.04 0.04
0.0 0.0 0.0 0.0 0.041666666666666664 0.041666666666666664 0.04 0.04
0.0 0.0 0.0 0.0 0.041666666666666664 0.041666666666666664 0.04 0.04
0.0 0.0 0.0 0.0 0.041666666666666664 0.041666666666666664 0.04 0.04
0.0 0.0 0.0 0.0 0.041666666666666664 0.041666666666666664 0.04 0.04

0.003246753246753247 0.003995970449966421 0.0 0.0 0.022222222222222223 0.022222222222222223 0.0425531914893617 0.0425531914893617
0.03896103896103896 0.06388515782404298 0.018376722817764167 0.005448818897637795 0.0 0.0 0.0 0.0
0.025974025974025976 0.012172599059771659 0.010719754977029096 0.0005716535433070866 0.0 0.0 0.0 0.0
0.0 0.0 0.0 0.0 0.044444444444444446 0.044444444444444446 0.0425531914893617 0.0425531914893617
0.0 0.0 0.0 0.0 0.044444444444444446 0.044444444444444446 0.0425531914893617 0.0425531914893617
0.0 0.0 0.0 0.0 0.044444444444444446 0.044444444444444446 0.0425531914893617 0.0425531914893617
0.025974025974025976 0.009704499664204164 0.009188361408882083 0.0018409448818897639 0.0 0.0 0.0 0.0
0.0 0.0 0.0 0.0 0.044444444444444446 0.044444444444444446 0.0425531914893617 0.0425531914893617
0.04220779220779221 0.14862323707186031 0.02450229709035222 0.007299212598425197 0.0 0.0 0.02127659574468085 0.02127659574468085
0.048701298701298704 0.133948959032908 0.02909647779479326 0.010179527559055119 0.022222222222222223 0.022222222222222223 0.02127659574468085 0.02127659574468085
0.012987012987012988 0.003593015446608462 0.007656967840735069 0.0006960629921259842 0.0 0.0 0.0 0.0
0.006493506493506494 0.0018300873069173943 0.0030627871362940277 0.00016535433070866143 0.022222222222222223 0.022222222222222223 0.02127659574468085 0.02127659574468085
0.0 0.0 0.0 0.0 0.044444444444444446 0.044444444444444446 0.0425531914893617 0.0425531914893617
0.33116883116883117 0.17053391537944929 0.6140888208269525 0.7938755905511811 0.022222222222222223 0.022222222222222223 0.02127659574468085 0.02127659574468085
0.0 0.0 0.0 0.0 0.044444444444444446 0.044444444444444446 0.0425531914893617 0.0425531914893617
0.006493506493506494 0.0026192075218267295 0.0030627871362940277 0.0007385826771653543 0.022222222222222223 0.022222222222222223 0.02127659574468085 0.02127659574468085
0.0 0.0 0.0 0.0 0.044444444444444446 0.044444444444444446 0.0425531914893617 0.0425531914893617
0.0 0.0 0.0 0.0 0.044444444444444446 0.044444444444444446 0.0425531914893617 0.0425531914893617
0.0 0.0 0.0 0.0 0.044444444444444446 0.044444444444444446 0.0425531914893617 0.0425531914893617
0.0 0.0 0.0 0.0 0.044444444444444446 0.044444444444444446 0.0425531914893617 0.0425531914893617
0.0 0.0 0.0 0.0 0.044444444444444446 0.044444444444444446 0.0425531914893617 0.0425531914893617
0.0 0.0 0.0 0.0 0.044444444444444446 0.044444444444444446 0.0425531914893617 0.0425531914893617
0.0 0.0 0.0 0.0 0.044444444444444446 0.044444444444444446 0.0425531914893617 0.0425531914893617
0.0 0.0 0.0 0.0 0.044444444444444446 0.044444444444444446 0.0425531914893617 0.0425531914893617
0.006493506493506494 0.001343183344526528 0.0015313935681470138 6.299212598425197e-05 0.022222222222222223 0.022222222222222223 0.02127659574468085 0.02127659574468085
0.2727272727272727 0.2420416386836803 0.19448698315467075 0.11691653543307087 0.0 0.0 0.0 0.0
0.07467532467532467 0.10312290127602418 0.036753445635528334 0.029910236220472442 0.0 0.0 0.0 0.0
0.06168831168831169 0.05021826729348556 0.030627871362940276 0.020703937007874016 0.0 0.0 0.0 0.0
0.04220779220779221 0.05236736064472801 0.016845329249617153 0.011590551181102362 0.022222222222222223 0.022222222222222223 0.02127659574468085 0.02127659574468085
0.0 0.0 0.0 0.0 0.044444444444444446 0.044444444444444446 0.0425531914893617 0.0425531914893617
0.0 0.0 0.0 0.0 0.044444444444444446 0.044444444444444446 0.0425531914893617 0.0425531914893617
0.0 0.0 0.0 0.0 0.044444444444444446 0.044444444444444446 0.0425531914893617 0.0425531914893617
0.0 0.0 0.0 0.0 0.044444444444444446 0.044444444444444446 0.0425531914893617 0.0425531914893617
0.0 0.0 0.0 0.0 0.044444444444444446 0.044444444444444446 0.0425531914893617 0.0425531914893617

0.0 0.0 0.0 0.0 0.04081632653061224 0.04081632653061224 0.04081632653061224 0.04081632653061224
0.09278350515463918 0.13262320028093175 0.040160642570281124 0.00836696692722856 0.0 0.0 0.0 0.0
0.041237113402061855 0.019343322018026455 0.014056224899598393 0.000822329555658478 0.0 0.0 0.0 0.0
0.0 0.0 0.0 0.0 0.04081632653061224 0.04081632653061224 0.04081632653061224 0.04081632653061224
0.0 0.0 0.0 0.0 0.04081632653061224 0.04081632653061224 0.04081632653061224 0.04081632653061224
0.015463917525773196 0.00553084396581997 0.006024096385542169 0.0003175893456336191 0.02040816326530612 0.02040816326530612 0.02040816326530612 0.02040816326530612
0.020618556701030927 0.008603535057942174 0.004016064257028112 0.0005860279592048924 0.02040816326530612 0.02040816326530612 0.02040816326530612 0.02040816326530612
0.0 0.0 0.0 0.0 0.04081632653061224 0.04081632653061224 0.04081632653061224 0.04081632653061224
0.041237113402061855 0.13244761793281049 0.0321285140562249 0.008762063196498955 0.02040816326530612 0.02040816326530612 0.02040816326530612 0.02040816326530612
0.05154639175257732 0.17853798431464357 0.02208835341365462 0.008115542028601945 0.02040816326530612 0.02040816326530612 0.02040816326530612 0.02040816326530612
0.015463917525773196 0.0035116469624253775 0.008032128514056224 0.0007883021257691617 0.0 0.0 0.0 0.0
0.030927835051546393 0.07904132037925787 0.014056224899598393 0.000720247265990529 0.0 0.0 0.0 0.0
0.0 0.0 0.0 0.0 0.04081632653061224 0.04081632653061224 0.04081632653061224 0.04081632653061224
0.5257731958762887 0.29723165164462134 0.8052208835341366 0.9529778727185081 0.02040816326530612 0.02040816326530612 0.02040816326530612 0.02040816326530612
0.0 0.0 0.0 0.0 0.04081632653061224 0.04081632653061224 0.04081632653061224 0.04081632653061224
0.010309278350515464 0.004565141051152991 0.004016064257028112 0.0008866035898938533 0.02040816326530612 0.02040816326530612 0.02040816326530612 0.02040816326530612
0.0 0.0 0.0 0.0 0.04081632653061224 0.04081632653061224 0.04081632653061224 0.04081632653061224
0.0 0.0 0.0 0.0 0.04081632653061224 0.04081632653061224 0.04081632653061224 0.04081632653061224
0.0 0.0 0.0 0.0 0.04081632653061224 0.04081632653061224 0.04081632653061224 0.04081632653061224
0.0 0.0 0.0 0.0 0.04081632653061224 0.04081632653061224 0.04081632653061224 0.04081632653061224
0.0 0.0 0.0 0.0 0.04081632653061224 0.04081632653061224 0.04081632653061224 0.04081632653061224
0.0 0.0 0.0 0.0 0.04081632653061224 0.04081632653061224 0.04081632653061224 0.04081632653061224
0.0 0.0 0.0 0.0 0.04081632653061224 0.04081632653061224 0.04081632653061224 0.04081632653061224
0.0 0.0 0.0 0.0 0.04081632653061224 0.04081632653061224 0.04081632653061224 0.04081632653061224
0.02577319587628866 0.033243591244293574 0.012048192771084338 0.003115400247644073 0.02040816326530612 0.02040816326530612 0.02040816326530612 0.02040816326530612
0.020618556701030927 0.004682195949900503 0.004016064257028112 0.0001512330217302948 0.02040816326530612 0.02040816326530612 0.02040816326530612 0.02040816326530612
0.020618556701030927 0.004682195949900503 0.004016064257028112 0.00017391797498983902 0.02040816326530612 0.02040816326530612 0.02040816326530612 0.02040816326530612
0.020618556701030927 0.004682195949900503 0.008032128514056224 0.0003024660434605896 0.02040816326530612 0.02040816326530612 0.02040816326530612 0.02040816326530612
0.06701030927835051 0.09127355729837294 0.02208835341365462 0.013913437999187123 0.02040816326530612 0.02040816326530612 0.02040816326530612 0.02040816326530612
0.0 0.0 0.0 0.0 0.04081632653061224 0.04081632653061224 0.04081632653061224 0.04081632653061224
0.0 0.0 0.0 0.0 0.04081632653061224 0.04081632653061224 0.04081632653061224 0.04081632653061224
0.0 0.0 0.0 0.0 0.04081632653061224 0.04081632653061224 0.04081632653061224 0.04081632653061224
0.0 0.0 0.0 0.0 0.04081632653061224 0.04081632653061224 0.04081632653061224 0.04081632653061224
0.0 0.0 0.0 0.0 0.04081632653061224 0.04081632653061224 0.04081632653061224 0.04081632653061224

0.0 0.0 0.0 0.0 0.03773584905660377 0.03773584905660377 0.037037037037037035 0.037037037037037035
0.16363636363636364 0.05504070131496556 0.1896551724137931 0.1330348576910777 0.0 0.0 0.0 0.0
0.16363636363636364 0.2677520350657483 0.15517241379310345 0.10819742031766336 0.0 0.0 0.0 0.0
0.01818181818181818 0.002504696305572949 0.0 0.0 0.018867924528301886 0.018867924528301886 0.037037037037037035 0.037037037037037035
0.0 0.0 0.0 0.0 0.03773584905660377 0.03773584905660377 0.037037037037037035 0.037037037037037035
0.18181818181818182 0.039448966812773954 0.1724137931034483 0.05969512845112462 0.0 0.0 0.0 0.0
0.0 0.0 0.0 0.0 0.03773584905660377 0.03773584905660377 0.037037037037037035 0.037037037037037035
0.0 0.0 0.0 0.0 0.03773584905660377 0.03773584905660377 0.037037037037037035 0.037037037037037035
0.0 0.0 0.0 0.0 0.03773584905660377 0.03773584905660377 0.037037037037037035 0.037037037037037035
0.2 0.38672510958046336 0.22413793103448276 0.47052553032725725 0.0 0.0 0.0 0.0
0.01818181818181818 0.002504696305572949 0.017241379310344827 0.009380663042319583 0.018867924528301886 0.018867924528301886 0.018518518518518517 0.018518518518518517
0.07272727272727272 0.16230432060112712 0.08620689655172414 0.029421170450911416 0.018867924528301886 0.018867924528301886 0.018518518518518517 0.018518518518518517
0.0 0.0 0.0 0.0 0.03773584905660377 0.03773584905660377 0.037037037037037035 0.037037037037037035
0.0 0.0 0.0 0.0 0.03773584905660377 0.03773584905660377 0.037037037037037035 0.037037037037037035
0.0 0.0 0.0 0.0 0.03773584905660377 0.03773584905660377 0.037037037037037035 0.037037037037037035
0.0 0.0 0.0 0.0 0.03773584905660377 0.03773584905660377 0.037037037037037035 0.037037037037037035
0.0 0.0 0.0 0.0 0.03773584905660377 0.03773584905660377 0.037037037037037035 0.037037037037037035
0.0 0.0 0.0 0.0 0.03773584905660377 0.03773584905660377 0.037037037037037035 0.037037037037037035
0.0 0.0 0.0 0.0 0.03773584905660377 0.03773584905660377 0.037037037037037035 0.037037037037037035
0.0 0.0 0.0 0.0 0.03773584905660377 0.03773584905660377 0.037037037037037035 0.037037037037037035
0.01818181818181818 0.002567313713212273 0.017241379310344827 0.0055431190704615715 0.018867924528301886 0.018867924528301886 0.018518518518518517 0.018518518518518517
0.0 0.0 0.0 0.0 0.03773584905660377 0.03773584905660377 0.037037037037037035 0.037037037037037035
0.0 0.0 0.0 0.0 0.03773584905660377 0.03773584905660377 0.037037037037037035 0.037037037037037035
0.0 0.0 0.0 0.0 0.03773584905660377 0.03773584905660377 0.037037037037037035 0.037037037037037035
0.12727272727272726 0.07614276768941766 0.1206896551724138 0.1799381729026756 0.0 0.0 0.0 0.0
0.0 0.0 0.0 0.0 0.03773584905660377 0.03773584905660377 0.037037037037037035 0.037037037037037035
0.0 0.0 0.0 0.0 0.03773584905660377 0.03773584905660377 0.037037037037037035 0.037037037037037035
0.0 0.0 0.0 0.0 0.03773584905660377 0.03773584905660377 0.037037037037037035 0.037037037037037035
0.03636363636363636 0.005009392611145898 0.017241379310344827 0.004263937746508901 0.018867924528301886 0.018867924528301886 0.018518518518518517 0.018518518518518517
0.0 0.0 0.0 0.0 0.03773584905660377 0.03773584905660377 0.037037037037037035 0.037037037037037035
0.0 0.0 0.0 0.0 0.03773584905660377 0.03773584905660377 0.037037037037037035 0.037037037037037035
0.0 0.0 0.0 0.0 0.03773584905660377 0.03773584905660377 0.037037037037037035 0.037037037037037035
0.0 0.0 0.0 0.0 0.03773584905660377 0.03773584905660377 0.037037037037037035 0.037037037037037035
0.0 0.0 0.0 0.0 0.03773584905660377 0.03773584905660377 0.037037037037037035 0.037037037037037035

0.0 0.0 0.0 0.0 0.037037037037037035 0.037037037037037035 0.03636363636363636 0.03636363636363636
0.08823529411764706 0.026288481494292634 0.09090909090909091 0.1108926464805348 0.0 0.0 0.0 0.0
0.29411764705882354 0.7613282601176063 0.3333333333333333 0.46519858434919387 0.0 0.0 0.0 0.0
0.029411764705882353 0.0069180214458664825 0.0 0.0 0.018518518518518517 0.018518518518518517 0.03636363636363636 0.03636363636363636
0.0 0.0 0.0 0.0 0.037037037037037035 0.037037037037037035 0.03636363636363636 0.03636363636363636
0.23529411764705882 0.08716707021791767 0.24242424242424243 0.17616987809673615 0.0 0.0 0.0 0.0
0.0 0.0 0.0 0.0 0.037037037037037035 0.037037037037037035 0.03636363636363636 0.03636363636363636
0.0 0.0 0.0 0.0 0.037037037037037035 0.037037037037037035 0.03636363636363636 0.03636363636363636
0.0 0.0 0.0 0.0 0.037037037037037035 0.037037037037037035 0.03636363636363636 0.03636363636363636
0.08823529411764706 0.03891387063299896 0.12121212121212122 0.0951631930790405 0.0 0.0 0.0 0.0
0.0 0.0 0.0 0.0 0.037037037037037035 0.037037037037037035 0.03636363636363636 0.03636363636363636
0.058823529411764705 0.018851608439986164 0.06060606060606061 0.04128981517892253 0.018518518518518517 0.018518518518518517 0.01818181818181818 0.01818181818181818
0.0 0.0 0.0 0.0 0.037037037037037035 0.037037037037037035 0.03636363636363636 0.03636363636363636
0.0 0.0 0.0 0.0 0.037037037037037035 0.037037037037037035 0.03636363636363636 0.03636363636363636
0.0 0.0 0.0 0.0 0.037037037037037035 0.037037037037037035 0.03636363636363636 0.03636363636363636
0.0 0.0 0.0 0.0 0.037037037037037035 0.037037037037037035 0.03636363636363636 0.03636363636363636
0.0 0.0 0.0 0.0 0.037037037037037035 0.037037037037037035 0.03636363636363636 0.03636363636363636
0.058823529411764705 0.025769629885852647 0.06060606060606061 0.059378686590640974 0.018518518518518517 0.018518518518518517 0.01818181818181818 0.01818181818181818
0.0 0.0 0.0 0.0 0.037037037037037035 0.037037037037037035 0.03636363636363636 0.03636363636363636
0.0 0.0 0.0 0.0 0.037037037037037035 0.037037037037037035 0.03636363636363636 0.03636363636363636
0.029411764705882353 0.007090971982013144 0.030303030303030304 0.020448289421942586 0.018518518518518517 0.018518518518518517 0.01818181818181818 0.01818181818181818
0.0 0.0 0.0 0.0 0.037037037037037035 0.037037037037037035 0.03636363636363636 0.03636363636363636
0.0 0.0 0.0 0.0 0.037037037037037035 0.037037037037037035 0.03636363636363636 0.03636363636363636
0.0 0.0 0.0 0.0 0.037037037037037035 0.037037037037037035 0.03636363636363636 0.03636363636363636
0.058823529411764705 0.013836042891732965 0.030303030303030304 0.015729453401494297 0.018518518518518517 0.018518518518518517 0.01818181818181818 0.01818181818181818
0.0 0.0 0.0 0.0 0.037037037037037035 0.037037037037037035 0.03636363636363636 0.03636363636363636
0.0 0.0 0.0 0.0 0.037037037037037035 0.037037037037037035 0.03636363636363636 0.03636363636363636
0.0 0.0 0.0 0.0 0.037037037037037035 0.037037037037037035 0.03636363636363636 0.03636363636363636
0.058823529411764705 0.013836042891732965 0.030303030303030304 0.015729453401494297 0.018518518518518517 0.018518518518518517 0.01818181818181818 0.01818181818181818
0.0 0.0 0.0 0.0 0.037037037037037035 0.037037037037037035 0.03636363636363636 0.03636363636363636
0.0 0.0 0.0 0.0 0.037037037037037035 0.037037037037037035 0.03636363636363636 0.03636363636363636
0.0 0.0 0.0 0.0 0.037037037037037035 0.037037037037037035 0.03636363636363636 0.03636363636363636
0.0 0.0 0.0 0.0 0.037037037037037035 0.037037037037037035 0.03636363636363636 0.03636363636363636
0.0 0.0 0.0 0.0 0.037037037037037035 0.037037037037037035 0.03636363636363636 0.03636363636363636

0.0 0.0 0.0 0.0 0.03636363636363636 0.03636363636363636 0.03636363636363636 0.03636363636363636
0.04395604395604396 0.011574432904459257 0.0425531914893617 0.005958291956305859 0.0 0.0 0.0 0.0
0.3516483516483517 0.32243063090993646 0.3723404255319149 0.34508440913604765 0.0 0.0 0.0 0.0
0.0 0.0 0.0 0.0 0.03636363636363636 0.03636363636363636 0.03636363636363636 0.03636363636363636
0.0 0.0 0.0 0.0 0.03636363636363636 0.03636363636363636 0.03636363636363636 0.03636363636363636
0.054945054945054944 0.016483232573761174 0.05319148936170213 0.008358159549817942 0.0 0.0 0.0 0.0
0.06593406593406594 0.0202552575828037 0.06382978723404255 0.02292287322078782 0.01818181818181818 0.01818181818181818 0.01818181818181818 0.01818181818181818
0.0 0.0 0.0 0.0 0.03636363636363636 0.03636363636363636 0.03636363636363636 0.03636363636363636
0.08791208791208792 0.12251330543068258 0.0851063829787234 0.013130310051859207 0.01818181818181818 0.01818181818181818 0.01818181818181818 0.01818181818181818
0.02197802197802198 0.007750736319950395 0.02127659574468085 0.003337746882930597 0.01818181818181818 0.01818181818181818 0.01818181818181818 0.01818181818181818
0.0 0.0 0.0 0.0 0.03636363636363636 0.03636363636363636 0.03636363636363636 0.03636363636363636
0.02197802197802198 0.00563220172583062 0.02127659574468085 0.002896391923204237 0.01818181818181818 0.01818181818181818 0.01818181818181818 0.01818181818181818
0.0 0.0 0.0 0.0 0.03636363636363636 0.03636363636363636 0.03636363636363636 0.03636363636363636
0.0 0.0 0.0 0.0 0.03636363636363636 0.03636363636363636 0.03636363636363636 0.03636363636363636
0.0 0.0 0.0 0.0 0.03636363636363636 0.03636363636363636 0.03636363636363636 0.03636363636363636
0.0 0.0 0.0 0.0 0.03636363636363636 0.03636363636363636 0.03636363636363636 0.03636363636363636
0.0 0.0 0.0 0.0 0.03636363636363636 0.03636363636363636 0.03636363636363636 0.03636363636363636
0.02197802197802198 0.00769906474448406 0.02127659574468085 0.004165287432417522 0.01818181818181818 0.01818181818181818 0.01818181818181818 0.01818181818181818
0.0 0.0 0.0 0.0 0.03636363636363636 0.03636363636363636 0.03636363636363636 0.03636363636363636
0.0 0.0 0.0 0.0 0.03636363636363636 0.03636363636363636 0.03636363636363636 0.03636363636363636
0.0 0.0 0.0 0.0 0.03636363636363636 0.03636363636363636 0.03636363636363636 0.03636363636363636
0.0 0.0 0.0 0.0 0.03636363636363636 0.03636363636363636 0.03636363636363636 0.03636363636363636
0.0 0.0 0.0 0.0 0.03636363636363636 0.03636363636363636 0.03636363636363636 0.03636363636363636
0.0 0.0 0.0 0.0 0.03636363636363636 0.03636363636363636 0.03636363636363636 0.03636363636363636
0.0 0.0 0.0 0.0 0.03636363636363636 0.03636363636363636 0.03636363636363636 0.03636363636363636
0.0 0.0 0.0 0.0 0.03636363636363636 0.03636363636363636 0.03636363636363636 0.03636363636363636
0.0 0.0 0.0 0.0 0.03636363636363636 0.03636363636363636 0.03636363636363636 0.03636363636363636
0.0 0.0 0.0 0.0 0.03636363636363636 0.03636363636363636 0.03636363636363636 0.03636363636363636
0.0 0.0 0.0 0.0 0.03636363636363636 0.03636363636363636 0.03636363636363636 0.03636363636363636
0.23076923076923078 0.3607709399059577 0.24468085106382978 0.48502151605428667 0.01818181818181818 0.01818181818181818 0.01818181818181818 0.01818181818181818
0.0989010989010989 0.12489019790213404 0.07446808510638298 0.10912501379234249 0.01818181818181818 0.01818181818181818 0.01818181818181818 0.01818181818181818
0.0 0.0 0.0 0.0 0.03636363636363636 0.03636363636363636 0.03636363636363636 0.03636363636363636
0.0 0.0 0.0 0.0 0.03636363636363636 0.03636363636363636 0.03636363636363636 0.03636363636363636
0.0 0.0 0.0 0.0 0.03636363636363636 0.03636363636363636 0.03636363636363636 0.03636363636363636

0.0 0.0 0.0 0.0 0.041666666666666664 0.041666666666666664 0.037037037037037035 0.037037037037037035
0.011363636363636364 0.0035709730901670707 0.008888888888888889 0.0005630307738023866 0.020833333333333332 0.020833333333333332 0.018518518518518517 0.018518518518518517
0.24431818181818182 0.23067848488713175 0.21777777777777776 0.09224320844129101 0.0 0.0 0.0 0.0
0.0 0.0 0.0 0.0 0.041666666666666664 0.041666666666666664 0.037037037037037035 0.037037037037037035
0.005681818181818182 0.0010202780257620202 0.0 0.0 0.020833333333333332 0.020833333333333332 0.037037037037037035 0.037037037037037035
0.08522727272727272 0.03025762020150491 0.05333333333333334 0.0036649132776210907 0.0 0.0 0.0 0.0
0.056818181818181816 0.021234536411172046 0.04 0.006803288516778839 0.0 0.0 0.0 0.0
0.0 0.0 0.0 0.0 0.041666666666666664 0.041666666666666664 0.037037037037037035 0.037037037037037035
0.05113636363636364 0.11334651192449943 0.035555555555555556 0.0024815060030549635 0.0 0.0 0.018518518518518517 0.018518518518518517
0.0 0.0 0.0 0.0 0.041666666666666664 0.041666666666666664 0.037037037037037035 0.037037037037037035
0.0 0.0 0.0 0.0 0.041666666666666664 0.041666666666666664 0.037037037037037035 0.037037037037037035
0.0 0.0 0.0 0.0 0.041666666666666664 0.041666666666666664 0.037037037037037035 0.037037037037037035
0.0 0.0 0.0 0.0 0.041666666666666664 0.041666666666666664 0.037037037037037035 0.037037037037037035
0.0 0.0 0.0 0.0 0.041666666666666664 0.041666666666666664 0.037037037037037035 0.037037037037037035
0.2784090909090909 0.27598520596862647 0.4888888888888889 0.7808506977932321 0.020833333333333332 0.020833333333333332 0.018518518518518517 0.018518518518518517
0.0 0.0 0.0 0.0 0.041666666666666664 0.041666666666666664 0.037037037037037035 0.037037037037037035
0.0 0.0 0.0 0.0 0.041666666666666664 0.041666666666666664 0.037037037037037035 0.037037037037037035
0.0 0.0 0.0 0.0 0.041666666666666664 0.041666666666666664 0.037037037037037035 0.037037037037037035
0.0 0.0 0.0 0.0 0.041666666666666664 0.041666666666666664 0.037037037037037035 0.037037037037037035
0.005681818181818182 0.0010202780257620202 0.0 0.0 0.020833333333333332 0.020833333333333332 0.037037037037037035 0.037037037037037035
0.0 0.0 0.0 0.0 0.041666666666666664 0.041666666666666664 0.037037037037037035 0.037037037037037035
0.0 0.0 0.0 0.0 0.041666666666666664 0.041666666666666664 0.037037037037037035 0.037037037037037035
0.0 0.0 0.0 0.0 0.041666666666666664 0.041666666666666664 0.037037037037037035 0.037037037037037035
0.0 0.0 0.0 0.0 0.041666666666666664 0.041666666666666664 0.037037037037037035 0.037037037037037035
0.011363636363636364 0.0033159035837265656 0.0 0.0 0.020833333333333332 0.020833333333333332 0.037037037037037035 0.037037037037037035
0.0 0.0 0.0 0.0 0.041666666666666664 0.041666666666666664 0.037037037037037035 0.037037037037037035
0.0 0.0 0.0 0.0 0.041666666666666664 0.041666666666666664 0.037037037037037035 0.037037037037037035
0.0 0.0 0.0 0.0 0.041666666666666664 0.041666666666666664 0.037037037037037035 0.037037037037037035
0.0 0.0 0.0 0.0 0.041666666666666664 0.041666666666666664 0.037037037037037035 0.037037037037037035
0.13068181818181818 0.22516260681035583 0.10666666666666667 0.09187306783999499 0.0 0.0 0.0 0.0
0.07386363636363637 0.08216426476214768 0.044444444444444446 0.021249198463134517 0.0 0.0 0.0 0.0
0.005681818181818182 0.0010202780257620202 0.0 0.0 0.020833333333333332 0.020833333333333332 0.037037037037037035 0.037037037037037035
0.022727272727272728 0.006631807167453131 0.0 0.0 0.020833333333333332 0.020833333333333332 0.037037037037037035 0.037037037037037035
0.017045454545454544 0.00459125111592909 0.0044444444444444444 0.000271088891090038 0.020833333333333332 0.020833333333333332 0.018518518518518517 0.018518518518518517

