5 2003 2 84
10 5180 0 0
291 19784 1676 2138855
6 328 7 503
8 8703 6 340
2 92 2 812
78 10302 103 51318
12 5017 13 9116
12 2453 13 4185
2 142 0 0
5 360 4 705
16 5969 19 15463
9 6404 7 588
8 541 8 1493
3 156 0 0
138 14083 451 570402
8 536 11 1096
17 6994 15 7532
33 5094 42 21395
6 436 5 484
25 3343 38 40918
16 2488 15 8007
37 9206 36 17101
1 32 0 0
3 156 0 0
2 179 1 209
17 6816 22 13089
8 860 10 6100
13 1449 18 14028
14 6510 12 7603
17 10218 11 5390
10 924 11 6257
24 4464 23 16776
24 6689 17 8224
24 2055 55 69720
7 564 5 1630
22 4250 19 7835
177 11582 742 931158
11 5106 12 3099
56 29544 57 29863
9 1220 9 5049
17 7080 15 7519
11 3205 10 5609
22 4583 21 10502
6 2362 8 3744
10 3842 15 13900
11 1601 8 3817
21 8343 18 7786
14 7428 15 7116
9 1462 9 3729
1 229 0 0
27 4793 33 4645
24 7603 21 9601
40 34519 29 10815
43 6069 74 88090
8 2338 6 2565
4 520 1 52
28 12003 28 25392
0 0 0 0
0 0 0 0
0 0 0 0
0 0 0 0
0 0 0 0
0 0 0 0
0 0 0 0
0 0 0 0
0 0 0 0
0 0 0 0
0 0 0 0
0 0 0 0
0 0 0 0
0 0 0 0
0 0 0 0
0 0 0 0
0 0 0 0
0 0 0 0

5 2003 2 84
10 5180 0 0
301 26176 1676 2138855
6 328 7 503
8 8703 6 340
2 92 2 812
78 10302 103 51318
12 5017 13 9116
12 2453 13 4185
2 142 0 0
5 360 4 705
16 5969 19 15463
9 6404 7 588
10 664 10 1568
3 156 0 0
138 14083 451 570402
8 536 11 1096
0 0 0 0
59 10541 75 32886
6 436 5 484
4 160 4 215
0 0 0 0
2 80 3 151
1 32 0 0
3 156 0 0
2 179 1 209
17 7063 22 13089
8 860 10 6100
13 1449 18 14028
14 6510 12 7603
17 10218 11 5390
15 2782 20 14192
24 4464 23 16776
24 6689 17 8224
24 2055 55 69720
7 564 5 1630
22 4250 19 7835
177 11582 742 931158
11 5106 12 3099
56 29544 57 29863
65 68487 38 6932
17 7080 15 7519
11 3205 10 5609
22 8134 21 10502
6 2362 8 3744
20 6250 20 14595
11 1601 8 3817
21 8343 18 7786
14 7428 15 7116
9 1462 9 3729
1 229 0 0
27 4793 33 4645
24 7603 21 9601
40 34519 29 10815
43 6069 74 88090
8 2338 6 2565
4 520 1 52
28 12003 28 25392
28 11062 23 14571
18 3945 24 21617
6 987 7 4558
13 2016 14 5847
11 3695 10 3620
110 19923 93 55915
0 0 0 0
0 0 0 0
0 0 0 0
0 0 0 0
0 0 0 0
0 0 0 0
0 0 0 0
0 0 0 0
0 0 0 0
0 0 0 0
0 0 0 0
0 0 0 0

1 52 0 0
10 5180 0 0
301 26176 1676 2138855
11 660 12 820
15 9673 14 878
2 92 2 812
78 10302 103 51318
12 5017 13 9116
12 2453 13 4185
2 142 0 0
5 360 4 705
16 5969 19 15463
9 4094 6 548
10 664 10 1568
3 156 0 0
138 14083 451 570402
8 466 11 1096
0 0 0 0
59 10541 75 32886
6 436 5 484
4 160 4 215
0 0 0 0
2 80 3 151
1 32 0 0
3 156 0 0
2 179 1 209
13 7063 16 9786
3 151 3 120
0 0 0 0
14 6510 12 7603
17 10218 11 5390
51 11765 60 41582
24 4464 23 16776
24 6689 17 8224
24 2055 55 69720
7 564 5 1630
22 4250 19 7835
177 11582 742 931158
11 5106 12 3099
56 29544 57 29863
65 68487 38 10523
17 7080 15 7519
11 3205 10 5609
25 11643 21 10502
6 2362 8 3744
20 6250 20 14595
11 1601 8 3817
21 8343 18 7786
14 7428 15 7116
9 1462 9 3729
1 229 0 0
27 4793 33 4645
24 7603 21 9601
40 34519 29 10815
43 6069 74 88090
8 2338 6 2565
4 520 1 52
28 12003 28 25392
28 11062 23 14571
41 11075 43 37712
6 987 7 4558
13 2016 14 5847
17 3807 15 5291
110 19923 93 55915
11 5715 12 6091
12 2937 11 6558
0 0 0 0
0 0 0 0
0 0 0 0
0 0 0 0
0 0 0 0
0 0 0 0
0 0 0 0
0 0 0 0
0 0 0 0
0 0 0 0

0 0 0 0
10 5180 0 0
301 27016 1676 2138855
11 660 12 820
15 9673 14 878
2 92 2 812
78 10302 103 51318
12 5017 13 9116
12 2453 13 4185
2 142 0 0
6 360 4 705
16 5969 19 15463
0 0 0 0
10 664 10 1568
1 52 0 0
138 14083 451 570402
9 630 11 1096
0 0 0 0
59 10541 75 32886
7 637 5 484
0 0 0 0
0 0 0 0
0 0 0 0
1 32 0 0
0 0 0 0
2 179 1 209
13 7063 16 9786
3 151 3 120
0 0 0 0
10 5044 8 2888
0 0 0 0
51 11765 60 41582
24 4464 23 16776
24 6689 17 8224
24 2055 55 69720
7 564 5 1630
22 4250 19 7835
177 11582 742 931158
11 5106 12 3099
56 29544 57 29863
65 68487 38 10523
17 7080 15 7519
11 3205 10 5609
25 11643 21 10502
6 2362 8 3744
20 6250 20 14595
14 3496 9 6635
21 8343 18 7786
14 7428 15 7116
9 1462 9 3729
1 229 0 0
27 4793 33 4645
24 7603 21 9601
40 34519 29 10815
43 6069 74 88090
8 2338 6 2565
4 520 1 52
61 17735 52 36607
28 11062 23 14571
41 11075 43 37712
6 987 7 4558
13 2016 14 5847
17 3807 15 5291
110 19923 93 55915
11 5715 12 6091
12 2937 11 6558
19 9207 16 7648
6 3109 2 104
0 0 0 0
0 0 0 0
0 0 0 0
0 0 0 0
0 0 0 0
0 0 0 0
0 0 0 0
0 0 0 0

0 0 0 0
10 5180 0 0
301 27016 1676 2138855
11 660 12 820
15 9673 14 878
2 92 2 812
78 8913 103 51318
12 5017 13 9116
12 2453 13 4185
2 142 0 0
6 360 5 719
16 5969 19 15463
0 0 0 0
10 664 10 1568
0 0 0 0
138 14943 451 570402
9 630 11 1096
0 0 0 0
59 10541 75 32886
7 654 5 484
0 0 0 0
0 0 0 0
0 0 0 0
1 32 0 0
0 0 0 0
4 372 4 840
13 7980 16 9786
3 151 3 120
0 0 0 0
4 1238 5 301
0 0 0 0
51 11765 60 41582
24 4464 23 16776
24 6689 17 8224
24 2055 55 69720
7 564 5 1630
22 8146 19 7835
177 11582 742 931158
11 5106 12 3099
56 29544 57 29863
65 68487 38 10523
17 7080 15 7519
11 3205 10 5609
25 11643 21 10502
6 2362 8 3744
20 6250 20 14595
14 3496 9 6635
21 8343 18 7786
14 7428 15 7116
9 1462 9 3729
1 229 0 0
27 4793 33 4645
24 7603 21 9601
40 34519 29 10815
43 6069 74 88090
8 2338 6 2565
4 520 1 52
61 17735 52 36607
28 11062 23 14571
41 11075 43 37712
6 987 7 4558
13 2016 14 5847
17 3807 15 5291
110 19923 93 55915
11 5715 12 6091
12 2937 11 6558
19 9207 16 7648
6 3109 2 104
39 23985 20 14086
40 19820 17 13018
5 1354 3 1476
8 2118 7 3463
0 0 0 0
0 0 0 0
0 0 0 0
0 0 0 0

0 0 0 0
10 5180 0 0
301 27016 1676 2138855
11 660 12 820
15 9673 14 878
2 92 2 812
30 9454 32 25794
12 5017 13 9116
12 2453 13 4185
2 142 0 0
6 360 5 719
16 5969 19 15463
0 0 0 0
10 664 10 1568
0 0 0 0
138 14943 451 570402
9 630 11 1096
0 0 0 0
59 10541 75 32886
14 8625 10 6754
0 0 0 0
0 0 0 0
0 0 0 0
1 32 0 0
0 0 0 0
4 372 4 840
28 18725 16 9786
0 0 0 0
0 0 0 0
0 0 0 0
0 0 0 0
51 11765 60 41582
24 4464 23 16776
0 0 0 0
0 0 0 0
0 0 0 0
22 8146 19 7835
177 11582 742 931158
11 5106 12 3099
56 29544 57 29863
65 68487 38 10523
17 7080 15 7519
11 3205 10 5609
25 11643 21 10502
6 2362 8 3744
20 6250 20 14595
14 3496 9 6635
21 8343 18 7786
14 7428 15 7116
9 1462 9 3729
1 229 0 0
27 4793 33 4645
24 7603 21 9601
40 34519 29 10815
43 6069 74 88090
8 2338 6 2565
4 520 1 52
61 17735 52 36607
28 11062 23 14571
41 11075 43 37712
6 987 7 4558
13 2016 14 5847
17 3807 15 5291
110 19923 93 55915
11 5715 12 6091
12 2937 11 6558
19 9207 16 7648
6 3109 2 104
39 23985 20 14086
40 19820 17 13018
20 6881 11 4877
8 2118 7 3463
15 9843 5 4286
7 4880 8 7380
0 0 0 0
0 0 0 0

