0.0 0.0 0.0136986301369863 0.0136986301369863
0.0 0.0 0.0136986301369863 0.0136986301369863
0.007042253521126761 0.007042253521126761 0.00684931506849315 0.00684931506849315
0.007042253521126761 0.007042253521126761 0.00684931506849315 0.00684931506849315
0.007042253521126761 0.007042253521126761 0.00684931506849315 0.00684931506849315
0.007042253521126761 0.007042253521126761 0.00684931506849315 0.00684931506849315
0.007042253521126761 0.007042253521126761 0.00684931506849315 0.00684931506849315
0.007042253521126761 0.007042253521126761 0.00684931506849315 0.00684931506849315
0.014084507042253521 0.014084507042253521 0.0136986301369863 0.0136986301369863
0.014084507042253521 0.014084507042253521 0.0136986301369863 0.0136986301369863
0.014084507042253521 0.014084507042253521 0.0136986301369863 0.0136986301369863
0.014084507042253521 0.014084507042253521 0.0136986301369863 0.0136986301369863
0.014084507042253521 0.014084507042253521 0.0136986301369863 0.0136986301369863
0.014084507042253521 0.014084507042253521 0.0136986301369863 0.0136986301369863
0.014084507042253521 0.014084507042253521 0.0136986301369863 0.0136986301369863
0.014084507042253521 0.014084507042253521 0.0136986301369863 0.0136986301369863
0.014084507042253521 0.014084507042253521 0.0136986301369863 0.0136986301369863
0.014084507042253521 0.014084507042253521 0.0136986301369863 0.0136986301369863
0.014084507042253521 0.014084507042253521 0.0136986301369863 0.0136986301369863
0.014084507042253521 0.014084507042253521 0.0136986301369863 0.0136986301369863
0.014084507042253521 0.014084507042253521 0.0136986301369863 0.0136986301369863
0.014084507042253521 0.014084507042253521 0.0136986301369863 0.0136986301369863
0.014084507042253521 0.014084507042253521 0.0136986301369863 0.0136986301369863
0.014084507042253521 0.014084507042253521 0.0136986301369863 0.0136986301369863
0.014084507042253521 0.014084507042253521 0.0136986301369863 0.0136986301369863
0.014084507042253521 0.014084507042253521 0.0136986301369863 0.0136986301369863
0.014084507042253521 0.014084507042253521 0.0136986301369863 0.0136986301369863
0.014084507042253521 0.014084507042253521 0.0136986301369863 0.0136986301369863
0.014084507042253521 0.014084507042253521 0.0136986301369863 0.0136986301369863
0.014084507042253521 0.014084507042253521 0.0136986301369863 0.0136986301369863
0.014084507042253521 0.014084507042253521 0.0136986301369863 0.0136986301369863
0.014084507042253521 0.014084507042253521 0.0136986301369863 0.0136986301369863
0.014084507042253521 0.014084507042253521 0.0136986301369863 0.0136986301369863
0.014084507042253521 0.014084507042253521 0.0136986301369863 0.0136986301369863
0.014084507042253521 0.014084507042253521 0.0136986301369863 0.0136986301369863
0.014084507042253521 0.014084507042253521 0.0136986301369863 0.0136986301369863
0.014084507042253521 0.014084507042253521 0.0136986301369863 0.0136986301369863
0.014084507042253521 0.014084507042253521 0.0136986301369863 0.0136986301369863
0.014084507042253521 0.014084507042253521 0.0136986301369863 0.0136986301369863
0.014084507042253521 0.014084507042253521 0.0136986301369863 0.0136986301369863
0.014084507042253521 0.014084507042253521 0.0136986301369863 0.0136986301369863
0.014084507042253521 0.014084507042253521 0.0136986301369863 0.0136986301369863
0.014084507042253521 0.014084507042253521 0.0136986301369863 0.0136986301369863
0.014084507042253521 0.014084507042253521 0.0136986301369863 0.0136986301369863
0.014084507042253521 0.014084507042253521 0.0136986301369863 0.0136986301369863
0.014084507042253521 0.014084507042253521 0.0136986301369863 0.0136986301369863
0.014084507042253521 0.014084507042253521 0.0136986301369863 0.0136986301369863
0.014084507042253521 0.014084507042253521 0.0136986301369863 0.0136986301369863
0.014084507042253521 0.014084507042253521 0.0136986301369863 0.0136986301369863
0.014084507042253521 0.014084507042253521 0.0136986301369863 0.0136986301369863
0.014084507042253521 0.014084507042253521 0.0136986301369863 0.0136986301369863
0.014084507042253521 0.014084507042253521 0.0136986301369863 0.0136986301369863
0.014084507042253521 0.014084507042253521 0.0136986301369863 0.0136986301369863
0.014084507042253521 0.014084507042253521 0.0136986301369863 0.0136986301369863
0.014084507042253521 0.014084507042253521 0.0136986301369863 0.0136986301369863
0.014084507042253521 0.014084507042253521 0.0136986301369863 0.0136986301369863
0.014084507042253521 0.014084507042253521 0.0136986301369863 0.0136986301369863
0.014084507042253521 0.014084507042253521 0.0136986301369863 0.0136986301369863
0.014084507042253521 0.014084507042253521 0.0136986301369863 0.0136986301369863
0.014084507042253521 0.014084507042253521 0.0136986301369863 0.0136986301369863
0.014084507042253521 0.014084507042253521 0.0136986301369863 0.0136986301369863
0.014084507042253521 0.014084507042253521 0.0136986301369863 0.0136986301369863
0.014084507042253521 0.014084507042253521 0.0136986301369863 0.0136986301369863
0.014084507042253521 0.014084507042253521 0.0136986301369863 0.0136986301369863
0.014084507042253521 0.014084507042253521 0.0136986301369863 0.0136986301369863
0.014084507042253521 0.014084507042253521 0.0136986301369863 0.0136986301369863
0.014084507042253521 0.014084507042253521 0.0136986301369863 0.0136986301369863
0.014084507042253521 0.014084507042253521 0.0136986301369863 0.0136986301369863
0.014084507042253521 0.014084507042253521 0.0136986301369863 0.0136986301369863
0.014084507042253521 0.014084507042253521 0.0136986301369863 0.0136986301369863
0.014084507042253521 0.014084507042253521 0.0136986301369863 0.0136986301369863
0.014084507042253521 0.014084507042253521 0.0136986301369863 0.0136986301369863
0.014084507042253521 0.014084507042253521 0.0136986301369863 0.0136986301369863
0.014084507042253521 0.014084507042253521 0.0136986301369863 0.0136986301369863
0.014084507042253521 0.014084507042253521 0.0136986301369863 0.0136986301369863
0.014084507042253521 0.014084507042253521 0.0136986301369863 0.0136986301369863

0.014388489208633094 0.014388489208633094 0.014285714285714285 0.014285714285714285
0.014388489208633094 0.014388489208633094 0.014285714285714285 0.014285714285714285
0.0 0.0 0.0 0.0
0.007194244604316547 0.007194244604316547 0.007142857142857143 0.007142857142857143
0.007194244604316547 0.007194244604316547 0.007142857142857143 0.007142857142857143
0.014388489208633094 0.014388489208633094 0.014285714285714285 0.014285714285714285
0.0 0.0 0.0 0.0
0.007194244604316547 0.007194244604316547 0.007142857142857143 0.007142857142857143
0.014388489208633094 0.014388489208633094 0.014285714285714285 0.014285714285714285
0.014388489208633094 0.014388489208633094 0.014285714285714285 0.014285714285714285
0.007194244604316547 0.007194244604316547 0.007142857142857143 0.007142857142857143
0.014388489208633094 0.014388489208633094 0.014285714285714285 0.014285714285714285
0.014388489208633094 0.014388489208633094 0.014285714285714285 0.014285714285714285
0.014388489208633094 0.014388489208633094 0.014285714285714285 0.014285714285714285
0.014388489208633094 0.014388489208633094 0.014285714285714285 0.014285714285714285
0.014388489208633094 0.014388489208633094 0.014285714285714285 0.014285714285714285
0.007194244604316547 0.007194244604316547 0.007142857142857143 0.007142857142857143
0.014388489208633094 0.014388489208633094 0.014285714285714285 0.014285714285714285
0.014388489208633094 0.014388489208633094 0.014285714285714285 0.014285714285714285
0.007194244604316547 0.007194244604316547 0.007142857142857143 0.007142857142857143
0.014388489208633094 0.014388489208633094 0.014285714285714285 0.014285714285714285
0.014388489208633094 0.014388489208633094 0.014285714285714285 0.014285714285714285
0.014388489208633094 0.014388489208633094 0.014285714285714285 0.014285714285714285
0.014388489208633094 0.014388489208633094 0.014285714285714285 0.014285714285714285
0.007194244604316547 0.007194244604316547 0.014285714285714285 0.014285714285714285
0.014388489208633094 0.014388489208633094 0.014285714285714285 0.014285714285714285
0.0 0.0 0.0 0.0
0.014388489208633094 0.014388489208633094 0.014285714285714285 0.014285714285714285
0.014388489208633094 0.014388489208633094 0.014285714285714285 0.014285714285714285
0.014388489208633094 0.014388489208633094 0.014285714285714285 0.014285714285714285
0.014388489208633094 0.014388489208633094 0.014285714285714285 0.014285714285714285
0.014388489208633094 0.014388489208633094 0.014285714285714285 0.014285714285714285
0.014388489208633094 0.014388489208633094 0.014285714285714285 0.014285714285714285
0.014388489208633094 0.014388489208633094 0.014285714285714285 0.014285714285714285
0.014388489208633094 0.014388489208633094 0.014285714285714285 0.014285714285714285
0.014388489208633094 0.014388489208633094 0.014285714285714285 0.014285714285714285
0.014388489208633094 0.014388489208633094 0.014285714285714285 0.014285714285714285
0.014388489208633094 0.014388489208633094 0.014285714285714285 0.014285714285714285
0.014388489208633094 0.014388489208633094 0.014285714285714285 0.014285714285714285
0.014388489208633094 0.014388489208633094 0.014285714285714285 0.014285714285714285
0.014388489208633094 0.014388489208633094 0.014285714285714285 0.014285714285714285
0.014388489208633094 0.014388489208633094 0.014285714285714285 0.014285714285714285
0.014388489208633094 0.014388489208633094 0.014285714285714285 0.014285714285714285
0.014388489208633094 0.014388489208633094 0.014285714285714285 0.014285714285714285
0.014388489208633094 0.014388489208633094 0.014285714285714285 0.014285714285714285
0.014388489208633094 0.014388489208633094 0.014285714285714285 0.014285714285714285
0.014388489208633094 0.014388489208633094 0.014285714285714285 0.014285714285714285
0.014388489208633094 0.014388489208633094 0.014285714285714285 0.014285714285714285
0.014388489208633094 0.014388489208633094 0.014285714285714285 0.014285714285714285
0.014388489208633094 0.014388489208633094 0.014285714285714285 0.014285714285714285
0.014388489208633094 0.014388489208633094 0.014285714285714285 0.014285714285714285
0.014388489208633094 0.014388489208633094 0.014285714285714285 0.014285714285714285
0.014388489208633094 0.014388489208633094 0.014285714285714285 0.014285714285714285
0.014388489208633094 0.014388489208633094 0.014285714285714285 0.014285714285714285
0.014388489208633094 0.014388489208633094 0.014285714285714285 0.014285714285714285
0.014388489208633094 0.014388489208633094 0.014285714285714285 0.014285714285714285
0.014388489208633094 0.014388489208633094 0.014285714285714285 0.014285714285714285
0.014388489208633094 0.014388489208633094 0.014285714285714285 0.014285714285714285
0.014388489208633094 0.014388489208633094 0.014285714285714285 0.014285714285714285
0.014388489208633094 0.014388489208633094 0.014285714285714285 0.014285714285714285
0.014388489208633094 0.014388489208633094 0.014285714285714285 0.014285714285714285
0.014388489208633094 0.014388489208633094 0.014285714285714285 0.014285714285714285
0.014388489208633094 0.014388489208633094 0.014285714285714285 0.014285714285714285
0.014388489208633094 0.014388489208633094 0.014285714285714285 0.014285714285714285
0.014388489208633094 0.014388489208633094 0.014285714285714285 0.014285714285714285
0.014388489208633094 0.014388489208633094 0.014285714285714285 0.014285714285714285
0.014388489208633094 0.014388489208633094 0.014285714285714285 0.014285714285714285
0.014388489208633094 0.014388489208633094 0.014285714285714285 0.014285714285714285
0.014388489208633094 0.014388489208633094 0.014285714285714285 0.014285714285714285
0.014388489208633094 0.014388489208633094 0.014285714285714285 0.014285714285714285
0.014388489208633094 0.014388489208633094 0.014285714285714285 0.014285714285714285
0.014388489208633094 0.014388489208633094 0.014285714285714285 0.014285714285714285
0.014388489208633094 0.014388489208633094 0.014285714285714285 0.014285714285714285
0.014388489208633094 0.014388489208633094 0.014285714285714285 0.014285714285714285
0.014388489208633094 0.014388489208633094 0.014285714285714285 0.014285714285714285
0.014388489208633094 0.014388489208633094 0.014285714285714285 0.014285714285714285

0.007042253521126761 0.007042253521126761 0.013888888888888888 0.013888888888888888
0.007042253521126761 0.007042253521126761 0.013888888888888888 0.013888888888888888
0.007042253521126761 0.007042253521126761 0.006944444444444444 0.006944444444444444
0.007042253521126761 0.007042253521126761 0.006944444444444444 0.006944444444444444
0.014084507042253521 0.014084507042253521 0.013888888888888888 0.013888888888888888
0.014084507042253521 0.014084507042253521 0.013888888888888888 0.013888888888888888
0.014084507042253521 0.014084507042253521 0.013888888888888888 0.013888888888888888
0.014084507042253521 0.014084507042253521 0.013888888888888888 0.013888888888888888
0.014084507042253521 0.014084507042253521 0.013888888888888888 0.013888888888888888
0.014084507042253521 0.014084507042253521 0.013888888888888888 0.013888888888888888
0.014084507042253521 0.014084507042253521 0.013888888888888888 0.013888888888888888
0.014084507042253521 0.014084507042253521 0.013888888888888888 0.013888888888888888
0.014084507042253521 0.014084507042253521 0.013888888888888888 0.013888888888888888
0.007042253521126761 0.007042253521126761 0.006944444444444444 0.006944444444444444
0.014084507042253521 0.014084507042253521 0.013888888888888888 0.013888888888888888
0.014084507042253521 0.014084507042253521 0.013888888888888888 0.013888888888888888
0.007042253521126761 0.007042253521126761 0.006944444444444444 0.006944444444444444
0.014084507042253521 0.014084507042253521 0.013888888888888888 0.013888888888888888
0.014084507042253521 0.014084507042253521 0.013888888888888888 0.013888888888888888
0.014084507042253521 0.014084507042253521 0.013888888888888888 0.013888888888888888
0.014084507042253521 0.014084507042253521 0.013888888888888888 0.013888888888888888
0.014084507042253521 0.014084507042253521 0.013888888888888888 0.013888888888888888
0.014084507042253521 0.014084507042253521 0.013888888888888888 0.013888888888888888
0.014084507042253521 0.014084507042253521 0.013888888888888888 0.013888888888888888
0.014084507042253521 0.014084507042253521 0.013888888888888888 0.013888888888888888
0.014084507042253521 0.014084507042253521 0.013888888888888888 0.013888888888888888
0.014084507042253521 0.014084507042253521 0.013888888888888888 0.013888888888888888
0.014084507042253521 0.014084507042253521 0.013888888888888888 0.013888888888888888
0.014084507042253521 0.014084507042253521 0.013888888888888888 0.013888888888888888
0.0 0.0 0.0 0.0
0.0 0.0 0.0 0.0
0.014084507042253521 0.014084507042253521 0.013888888888888888 0.013888888888888888
0.014084507042253521 0.014084507042253521 0.013888888888888888 0.013888888888888888
0.014084507042253521 0.014084507042253521 0.013888888888888888 0.013888888888888888
0.014084507042253521 0.014084507042253521 0.013888888888888888 0.013888888888888888
0.014084507042253521 0.014084507042253521 0.013888888888888888 0.013888888888888888
0.014084507042253521 0.014084507042253521 0.013888888888888888 0.013888888888888888
0.014084507042253521 0.014084507042253521 0.013888888888888888 0.013888888888888888
0.014084507042253521 0.014084507042253521 0.013888888888888888 0.013888888888888888
0.014084507042253521 0.014084507042253521 0.013888888888888888 0.013888888888888888
0.014084507042253521 0.014084507042253521 0.013888888888888888 0.013888888888888888
0.014084507042253521 0.014084507042253521 0.013888888888888888 0.013888888888888888
0.014084507042253521 0.014084507042253521 0.013888888888888888 0.013888888888888888
0.014084507042253521 0.014084507042253521 0.013888888888888888 0.013888888888888888
0.014084507042253521 0.014084507042253521 0.013888888888888888 0.013888888888888888
0.014084507042253521 0.014084507042253521 0.013888888888888888 0.013888888888888888
0.014084507042253521 0.014084507042253521 0.013888888888888888 0.013888888888888888
0.014084507042253521 0.014084507042253521 0.013888888888888888 0.013888888888888888
0.014084507042253521 0.014084507042253521 0.013888888888888888 0.013888888888888888
0.014084507042253521 0.014084507042253521 0.013888888888888888 0.013888888888888888
0.014084507042253521 0.014084507042253521 0.013888888888888888 0.013888888888888888
0.014084507042253521 0.014084507042253521 0.013888888888888888 0.013888888888888888
0.014084507042253521 0.014084507042253521 0.013888888888888888 0.013888888888888888
0.014084507042253521 0.014084507042253521 0.013888888888888888 0.013888888888888888
0.014084507042253521 0.014084507042253521 0.013888888888888888 0.013888888888888888
0.014084507042253521 0.014084507042253521 0.013888888888888888 0.013888888888888888
0.014084507042253521 0.014084507042253521 0.013888888888888888 0.013888888888888888
0.014084507042253521 0.014084507042253521 0.013888888888888888 0.013888888888888888
0.014084507042253521 0.014084507042253521 0.013888888888888888 0.013888888888888888
0.014084507042253521 0.014084507042253521 0.013888888888888888 0.013888888888888888
0.014084507042253521 0.014084507042253521 0.013888888888888888 0.013888888888888888
0.014084507042253521 0.014084507042253521 0.013888888888888888 0.013888888888888888
0.014084507042253521 0.014084507042253521 0.013888888888888888 0.013888888888888888
0.014084507042253521 0.014084507042253521 0.013888888888888888 0.013888888888888888
0.014084507042253521 0.014084507042253521 0.013888888888888888 0.013888888888888888
0.014084507042253521 0.014084507042253521 0.013888888888888888 0.013888888888888888
0.014084507042253521 0.014084507042253521 0.013888888888888888 0.013888888888888888
0.014084507042253521 0.014084507042253521 0.013888888888888888 0.013888888888888888
0.014084507042253521 0.014084507042253521 0.013888888888888888 0.013888888888888888
0.014084507042253521 0.014084507042253521 0.013888888888888888 0.013888888888888888
0.014084507042253521 0.014084507042253521 0.013888888888888888 0.013888888888888888
0.014084507042253521 0.014084507042253521 0.013888888888888888 0.013888888888888888
0.014084507042253521 0.014084507042253521 0.013888888888888888 0.013888888888888888
0.014084507042253521 0.014084507042253521 0.013888888888888888 0.013888888888888888
0.014084507042253521 0.014084507042253521 0.013888888888888888 0.013888888888888888
0.014084507042253521 0.014084507042253521 0.013888888888888888 0.013888888888888888

0.014388489208633094 0.014388489208633094 0.013986013986013986 0.013986013986013986
0.007194244604316547 0.007194244604316547 0.013986013986013986 0.013986013986013986
0.007194244604316547 0.007194244604316547 0.006993006993006993 0.006993006993006993
0.007194244604316547 0.007194244604316547 0.006993006993006993 0.006993006993006993
0.007194244604316547 0.007194244604316547 0.006993006993006993 0.006993006993006993
0.007194244604316547 0.007194244604316547 0.006993006993006993 0.006993006993006993
0.0 0.0 0.0 0.0
0.014388489208633094 0.014388489208633094 0.013986013986013986 0.013986013986013986
0.014388489208633094 0.014388489208633094 0.013986013986013986 0.013986013986013986
0.007194244604316547 0.007194244604316547 0.013986013986013986 0.013986013986013986
0.007194244604316547 0.007194244604316547 0.006993006993006993 0.006993006993006993
0.014388489208633094 0.014388489208633094 0.013986013986013986 0.013986013986013986
0.014388489208633094 0.014388489208633094 0.013986013986013986 0.013986013986013986
0.014388489208633094 0.014388489208633094 0.013986013986013986 0.013986013986013986
0.007194244604316547 0.007194244604316547 0.013986013986013986 0.013986013986013986
0.014388489208633094 0.014388489208633094 0.013986013986013986 0.013986013986013986
0.0 0.0 0.0 0.0
0.014388489208633094 0.014388489208633094 0.013986013986013986 0.013986013986013986
0.014388489208633094 0.014388489208633094 0.013986013986013986 0.013986013986013986
0.014388489208633094 0.014388489208633094 0.013986013986013986 0.013986013986013986
0.014388489208633094 0.014388489208633094 0.013986013986013986 0.013986013986013986
0.014388489208633094 0.014388489208633094 0.013986013986013986 0.013986013986013986
0.014388489208633094 0.014388489208633094 0.013986013986013986 0.013986013986013986
0.007194244604316547 0.007194244604316547 0.013986013986013986 0.013986013986013986
0.014388489208633094 0.014388489208633094 0.013986013986013986 0.013986013986013986
0.014388489208633094 0.014388489208633094 0.013986013986013986 0.013986013986013986
0.014388489208633094 0.014388489208633094 0.013986013986013986 0.013986013986013986
0.014388489208633094 0.014388489208633094 0.013986013986013986 0.013986013986013986
0.014388489208633094 0.014388489208633094 0.013986013986013986 0.013986013986013986
0.014388489208633094 0.014388489208633094 0.013986013986013986 0.013986013986013986
0.014388489208633094 0.014388489208633094 0.013986013986013986 0.013986013986013986
0.014388489208633094 0.014388489208633094 0.013986013986013986 0.013986013986013986
0.014388489208633094 0.014388489208633094 0.013986013986013986 0.013986013986013986
0.014388489208633094 0.014388489208633094 0.013986013986013986 0.013986013986013986
0.014388489208633094 0.014388489208633094 0.013986013986013986 0.013986013986013986
0.014388489208633094 0.014388489208633094 0.013986013986013986 0.013986013986013986
0.014388489208633094 0.014388489208633094 0.013986013986013986 0.013986013986013986
0.014388489208633094 0.014388489208633094 0.013986013986013986 0.013986013986013986
0.014388489208633094 0.014388489208633094 0.013986013986013986 0.013986013986013986
0.014388489208633094 0.014388489208633094 0.013986013986013986 0.013986013986013986
0.014388489208633094 0.014388489208633094 0.013986013986013986 0.013986013986013986
0.014388489208633094 0.014388489208633094 0.013986013986013986 0.013986013986013986
0.014388489208633094 0.014388489208633094 0.013986013986013986 0.013986013986013986
0.014388489208633094 0.014388489208633094 0.013986013986013986 0.013986013986013986
0.014388489208633094 0.014388489208633094 0.013986013986013986 0.013986013986013986
0.014388489208633094 0.014388489208633094 0.013986013986013986 0.013986013986013986
0.014388489208633094 0.014388489208633094 0.013986013986013986 0.013986013986013986
0.014388489208633094 0.014388489208633094 0.013986013986013986 0.013986013986013986
0.014388489208633094 0.014388489208633094 0.013986013986013986 0.013986013986013986
0.014388489208633094 0.014388489208633094 0.013986013986013986 0.013986013986013986
0.014388489208633094 0.014388489208633094 0.013986013986013986 0.013986013986013986
0.014388489208633094 0.014388489208633094 0.013986013986013986 0.013986013986013986
0.014388489208633094 0.014388489208633094 0.013986013986013986 0.013986013986013986
0.014388489208633094 0.014388489208633094 0.013986013986013986 0.013986013986013986
0.014388489208633094 0.014388489208633094 0.013986013986013986 0.013986013986013986
0.014388489208633094 0.014388489208633094 0.013986013986013986 0.013986013986013986
0.014388489208633094 0.014388489208633094 0.013986013986013986 0.013986013986013986
0.014388489208633094 0.014388489208633094 0.013986013986013986 0.013986013986013986
0.014388489208633094 0.014388489208633094 0.013986013986013986 0.013986013986013986
0.014388489208633094 0.014388489208633094 0.013986013986013986 0.013986013986013986
0.014388489208633094 0.014388489208633094 0.013986013986013986 0.013986013986013986
0.014388489208633094 0.014388489208633094 0.013986013986013986 0.013986013986013986
0.014388489208633094 0.014388489208633094 0.013986013986013986 0.013986013986013986
0.014388489208633094 0.014388489208633094 0.013986013986013986 0.013986013986013986
0.014388489208633094 0.014388489208633094 0.013986013986013986 0.013986013986013986
0.014388489208633094 0.014388489208633094 0.013986013986013986 0.013986013986013986
0.014388489208633094 0.014388489208633094 0.013986013986013986 0.013986013986013986
0.014388489208633094 0.014388489208633094 0.013986013986013986 0.013986013986013986
0.014388489208633094 0.014388489208633094 0.013986013986013986 0.013986013986013986
0.014388489208633094 0.014388489208633094 0.013986013986013986 0.013986013986013986
0.014388489208633094 0.014388489208633094 0.013986013986013986 0.013986013986013986
0.014388489208633094 0.014388489208633094 0.013986013986013986 0.013986013986013986
0.014388489208633094 0.014388489208633094 0.013986013986013986 0.013986013986013986
0.014388489208633094 0.014388489208633094 0.013986013986013986 0.013986013986013986
0.014388489208633094 0.014388489208633094 0.013986013986013986 0.013986013986013986
0.014388489208633094 0.014388489208633094 0.013986013986013986 0.013986013986013986

0.014285714285714285 0.014285714285714285 0.014285714285714285 0.014285714285714285
0.014285714285714285 0.014285714285714285 0.014285714285714285 0.014285714285714285
0.007142857142857143 0.007142857142857143 0.007142857142857143 0.007142857142857143
0.014285714285714285 0.014285714285714285 0.014285714285714285 0.014285714285714285
0.014285714285714285 0.014285714285714285 0.014285714285714285 0.014285714285714285
0.014285714285714285 0.014285714285714285 0.014285714285714285 0.014285714285714285
0.0 0.0 0.0 0.0
0.014285714285714285 0.014285714285714285 0.014285714285714285 0.014285714285714285
0.007142857142857143 0.007142857142857143 0.007142857142857143 0.007142857142857143
0.014285714285714285 0.014285714285714285 0.014285714285714285 0.014285714285714285
0.0 0.0 0.0 0.0
0.014285714285714285 0.014285714285714285 0.014285714285714285 0.014285714285714285
0.014285714285714285 0.014285714285714285 0.014285714285714285 0.014285714285714285
0.014285714285714285 0.014285714285714285 0.014285714285714285 0.014285714285714285
0.014285714285714285 0.014285714285714285 0.014285714285714285 0.014285714285714285
0.014285714285714285 0.014285714285714285 0.014285714285714285 0.014285714285714285
0.0 0.0 0.0 0.0
0.014285714285714285 0.014285714285714285 0.014285714285714285 0.014285714285714285
0.014285714285714285 0.014285714285714285 0.014285714285714285 0.014285714285714285
0.014285714285714285 0.014285714285714285 0.014285714285714285 0.014285714285714285
0.014285714285714285 0.014285714285714285 0.014285714285714285 0.014285714285714285
0.014285714285714285 0.014285714285714285 0.014285714285714285 0.014285714285714285
0.014285714285714285 0.014285714285714285 0.014285714285714285 0.014285714285714285
0.014285714285714285 0.014285714285714285 0.014285714285714285 0.014285714285714285
0.014285714285714285 0.014285714285714285 0.014285714285714285 0.014285714285714285
0.014285714285714285 0.014285714285714285 0.014285714285714285 0.014285714285714285
0.014285714285714285 0.014285714285714285 0.014285714285714285 0.014285714285714285
0.014285714285714285 0.014285714285714285 0.014285714285714285 0.014285714285714285
0.014285714285714285 0.014285714285714285 0.014285714285714285 0.014285714285714285
0.007142857142857143 0.007142857142857143 0.007142857142857143 0.007142857142857143
0.014285714285714285 0.014285714285714285 0.014285714285714285 0.014285714285714285
0.014285714285714285 0.014285714285714285 0.014285714285714285 0.014285714285714285
0.0 0.0 0.0 0.0
0.007142857142857143 0.007142857142857143 0.007142857142857143 0.007142857142857143
0.014285714285714285 0.014285714285714285 0.014285714285714285 0.014285714285714285
0.014285714285714285 0.014285714285714285 0.014285714285714285 0.014285714285714285
0.014285714285714285 0.014285714285714285 0.014285714285714285 0.014285714285714285
0.014285714285714285 0.014285714285714285 0.014285714285714285 0.014285714285714285
0.014285714285714285 0.014285714285714285 0.014285714285714285 0.014285714285714285
0.014285714285714285 0.014285714285714285 0.014285714285714285 0.014285714285714285
0.014285714285714285 0.014285714285714285 0.014285714285714285 0.014285714285714285
0.014285714285714285 0.014285714285714285 0.014285714285714285 0.014285714285714285
0.014285714285714285 0.014285714285714285 0.014285714285714285 0.014285714285714285
0.014285714285714285 0.014285714285714285 0.014285714285714285 0.014285714285714285
0.014285714285714285 0.014285714285714285 0.014285714285714285 0.014285714285714285
0.014285714285714285 0.014285714285714285 0.014285714285714285 0.014285714285714285
0.014285714285714285 0.014285714285714285 0.014285714285714285 0.014285714285714285
0.014285714285714285 0.014285714285714285 0.014285714285714285 0.014285714285714285
0.014285714285714285 0.014285714285714285 0.014285714285714285 0.014285714285714285
0.014285714285714285 0.014285714285714285 0.014285714285714285 0.014285714285714285
0.014285714285714285 0.014285714285714285 0.014285714285714285 0.014285714285714285
0.014285714285714285 0.014285714285714285 0.014285714285714285 0.014285714285714285
0.014285714285714285 0.014285714285714285 0.014285714285714285 0.014285714285714285
0.014285714285714285 0.014285714285714285 0.014285714285714285 0.014285714285714285
0.014285714285714285 0.014285714285714285 0.014285714285714285 0.014285714285714285
0.014285714285714285 0.014285714285714285 0.014285714285714285 0.014285714285714285
0.014285714285714285 0.014285714285714285 0.014285714285714285 0.014285714285714285
0.014285714285714285 0.014285714285714285 0.014285714285714285 0.014285714285714285
0.014285714285714285 0.014285714285714285 0.014285714285714285 0.014285714285714285
0.014285714285714285 0.014285714285714285 0.014285714285714285 0.014285714285714285
0.014285714285714285 0.014285714285714285 0.014285714285714285 0.014285714285714285
0.014285714285714285 0.014285714285714285 0.014285714285714285 0.014285714285714285
0.014285714285714285 0.014285714285714285 0.014285714285714285 0.014285714285714285
0.014285714285714285 0.014285714285714285 0.014285714285714285 0.014285714285714285
0.014285714285714285 0.014285714285714285 0.014285714285714285 0.014285714285714285
0.014285714285714285 0.014285714285714285 0.014285714285714285 0.014285714285714285
0.014285714285714285 0.014285714285714285 0.014285714285714285 0.014285714285714285
0.014285714285714285 0.014285714285714285 0.014285714285714285 0.014285714285714285
0.014285714285714285 0.014285714285714285 0.014285714285714285 0.014285714285714285
0.014285714285714285 0.014285714285714285 0.014285714285714285 0.014285714285714285
0.014285714285714285 0.014285714285714285 0.014285714285714285 0.014285714285714285
0.014285714285714285 0.014285714285714285 0.014285714285714285 0.014285714285714285
0.014285714285714285 0.014285714285714285 0.014285714285714285 0.014285714285714285
0.014285714285714285 0.014285714285714285 0.014285714285714285 0.014285714285714285
0.014285714285714285 0.014285714285714285 0.014285714285714285 0.014285714285714285
0.014285714285714285 0.014285714285714285 0.014285714285714285 0.014285714285714285

0.0136986301369863 0.0136986301369863 0.013605442176870748 0.013605442176870748
0.0136986301369863 0.0136986301369863 0.013605442176870748 0.013605442176870748
0.0136986301369863 0.0136986301369863 0.013605442176870748 0.013605442176870748
0.0136986301369863 0.0136986301369863 0.013605442176870748 0.013605442176870748
0.0136986301369863 0.0136986301369863 0.013605442176870748 0.013605442176870748
0.0136986301369863 0.0136986301369863 0.013605442176870748 0.013605442176870748
0.00684931506849315 0.00684931506849315 0.006802721088435374 0.006802721088435374
0.0136986301369863 0.0136986301369863 0.013605442176870748 0.013605442176870748
0.00684931506849315 0.00684931506849315 0.006802721088435374 0.006802721088435374
0.00684931506849315 0.00684931506849315 0.013605442176870748 0.013605442176870748
0.00684931506849315 0.00684931506849315 0.006802721088435374 0.006802721088435374
0.0136986301369863 0.0136986301369863 0.013605442176870748 0.013605442176870748
0.0136986301369863 0.0136986301369863 0.013605442176870748 0.013605442176870748
0.0136986301369863 0.0136986301369863 0.013605442176870748 0.013605442176870748
0.0136986301369863 0.0136986301369863 0.013605442176870748 0.013605442176870748
0.00684931506849315 0.00684931506849315 0.006802721088435374 0.006802721088435374
0.0136986301369863 0.0136986301369863 0.013605442176870748 0.013605442176870748
0.0136986301369863 0.0136986301369863 0.013605442176870748 0.013605442176870748
0.0136986301369863 0.0136986301369863 0.013605442176870748 0.013605442176870748
0.0136986301369863 0.0136986301369863 0.013605442176870748 0.013605442176870748
0.0136986301369863 0.0136986301369863 0.013605442176870748 0.013605442176870748
0.0136986301369863 0.0136986301369863 0.013605442176870748 0.013605442176870748
0.0136986301369863 0.0136986301369863 0.013605442176870748 0.013605442176870748
0.0136986301369863 0.0136986301369863 0.013605442176870748 0.013605442176870748
0.0136986301369863 0.0136986301369863 0.013605442176870748 0.013605442176870748
0.0136986301369863 0.0136986301369863 0.013605442176870748 0.013605442176870748
0.0136986301369863 0.0136986301369863 0.013605442176870748 0.013605442176870748
0.0136986301369863 0.0136986301369863 0.013605442176870748 0.013605442176870748
0.0136986301369863 0.0136986301369863 0.013605442176870748 0.013605442176870748
0.0136986301369863 0.0136986301369863 0.013605442176870748 0.013605442176870748
0.0136986301369863 0.0136986301369863 0.013605442176870748 0.013605442176870748
0.0136986301369863 0.0136986301369863 0.013605442176870748 0.013605442176870748
0.0136986301369863 0.0136986301369863 0.013605442176870748 0.013605442176870748
0.0136986301369863 0.0136986301369863 0.013605442176870748 0.013605442176870748
0.0136986301369863 0.0136986301369863 0.013605442176870748 0.013605442176870748
0.0136986301369863 0.0136986301369863 0.013605442176870748 0.013605442176870748
0.0136986301369863 0.0136986301369863 0.013605442176870748 0.013605442176870748
0.00684931506849315 0.00684931506849315 0.006802721088435374 0.006802721088435374
0.0136986301369863 0.0136986301369863 0.013605442176870748 0.013605442176870748
0.0136986301369863 0.0136986301369863 0.013605442176870748 0.013605442176870748
0.0136986301369863 0.0136986301369863 0.013605442176870748 0.013605442176870748
0.0136986301369863 0.0136986301369863 0.013605442176870748 0.013605442176870748
0.0136986301369863 0.0136986301369863 0.013605442176870748 0.013605442176870748
0.0136986301369863 0.0136986301369863 0.013605442176870748 0.013605442176870748
0.0136986301369863 0.0136986301369863 0.013605442176870748 0.013605442176870748
0.0136986301369863 0.0136986301369863 0.013605442176870748 0.013605442176870748
0.0136986301369863 0.0136986301369863 0.013605442176870748 0.013605442176870748
0.0136986301369863 0.0136986301369863 0.013605442176870748 0.013605442176870748
0.0136986301369863 0.0136986301369863 0.013605442176870748 0.013605442176870748
0.0136986301369863 0.0136986301369863 0.013605442176870748 0.013605442176870748
0.0136986301369863 0.0136986301369863 0.013605442176870748 0.013605442176870748
0.0136986301369863 0.0136986301369863 0.013605442176870748 0.013605442176870748
0.0136986301369863 0.0136986301369863 0.013605442176870748 0.013605442176870748
0.0136986301369863 0.0136986301369863 0.013605442176870748 0.013605442176870748
0.0136986301369863 0.0136986301369863 0.013605442176870748 0.013605442176870748
0.0136986301369863 0.0136986301369863 0.013605442176870748 0.013605442176870748
0.0136986301369863 0.0136986301369863 0.013605442176870748 0.013605442176870748
0.0136986301369863 0.0136986301369863 0.013605442176870748 0.013605442176870748
0.0136986301369863 0.0136986301369863 0.013605442176870748 0.013605442176870748
0.0136986301369863 0.0136986301369863 0.013605442176870748 0.013605442176870748
0.0136986301369863 0.0136986301369863 0.013605442176870748 0.013605442176870748
0.0136986301369863 0.0136986301369863 0.013605442176870748 0.013605442176870748
0.0136986301369863 0.0136986301369863 0.013605442176870748 0.013605442176870748
0.0136986301369863 0.0136986301369863 0.013605442176870748 0.013605442176870748
0.0136986301369863 0.0136986301369863 0.013605442176870748 0.013605442176870748
0.0136986301369863 0.0136986301369863 0.013605442176870748 0.013605442176870748
0.0136986301369863 0.0136986301369863 0.013605442176870748 0.013605442176870748
0.0136986301369863 0.0136986301369863 0.013605442176870748 0.013605442176870748
0.0136986301369863 0.0136986301369863 0.013605442176870748 0.013605442176870748
0.0136986301369863 0.0136986301369863 0.013605442176870748 0.013605442176870748
0.0136986301369863 0.0136986301369863 0.013605442176870748 0.013605442176870748
0.0136986301369863 0.0136986301369863 0.013605442176870748 0.013605442176870748
0.0136986301369863 0.0136986301369863 0.013605442176870748 0.013605442176870748
0.0136986301369863 0.0136986301369863 0.013605442176870748 0.013605442176870748
0.0136986301369863 0.0136986301369863 0.013605442176870748 0.013605442176870748
0.0136986301369863 0.0136986301369863 0.013605442176870748 0.013605442176870748

