0.15833333333333333 22.758333333333333 0.016666666666666666 0.7
0.625 267.8833333333333 0.0 0.0
74.23333333333333 5182.158333333334 548.875 699741.3416666667
0.6416666666666667 34.68333333333333 0.675 41.75833333333333
0.875 235.54166666666666 0.8666666666666667 46.358333333333334
0.13333333333333333 5.541666666666667 0.125 15.35
4.241666666666666 932.3333333333334 4.941666666666666 1443.5583333333334
0.39166666666666666 139.9 0.43333333333333335 96.64166666666667
0.25833333333333336 29.083333333333332 0.3416666666666667 47.13333333333333
0.075 3.7 0.0 0.0
0.575 41.525 0.5416666666666666 89.04166666666667
0.25 93.88333333333334 0.2833333333333333 194.18333333333334
0.525 219.06666666666666 0.425 37.53333333333333
0.49166666666666664 33.35 0.4583333333333333 79.81666666666666
0.16666666666666666 8.666666666666666 0.0 0.0
16.175 1563.05 72.95 92085.6
1.0833333333333333 53.8 1.3583333333333334 133.475
0.15833333333333333 58.95 0.13333333333333333 63.1
0.5083333333333333 81.73333333333333 0.7 359.3
0.44166666666666665 34.166666666666664 0.4083333333333333 31.116666666666667
0.24166666666666667 29.191666666666666 0.35 342.775
0.13333333333333333 20.733333333333334 0.125 66.725
0.325 77.38333333333334 0.325 143.76666666666668
0.041666666666666664 1.3333333333333333 0.0 0.0
0.08333333333333333 4.333333333333333 0.0 0.0
0.041666666666666664 2.5166666666666666 0.03333333333333333 3.0416666666666665
0.35 158.38333333333333 0.44166666666666665 231.83333333333334
0.09166666666666666 8.425 0.10833333333333334 51.833333333333336
0.13333333333333333 17.483333333333334 0.15833333333333333 117.33333333333333
0.525 211.275 0.5416666666666666 130.34166666666667
0.15833333333333333 85.81666666666666 0.125 47.5
0.15833333333333333 14.866666666666667 0.18333333333333332 104.28333333333333
0.425 87.53333333333333 0.4083333333333333 257.775
0.2 55.74166666666667 0.14166666666666666 68.53333333333333
0.2 17.125 0.4583333333333333 581.0
0.058333333333333334 4.7 0.041666666666666664 13.583333333333334
0.5833333333333334 103.275 0.5416666666666666 204.6
2.625 229.69166666666666 11.266666666666667 13837.666666666666
0.5 189.69166666666666 0.5666666666666667 74.96666666666667
0.5916666666666667 260.1 0.525 251.45833333333334
0.325 36.333333333333336 0.35833333333333334 133.1
0.49166666666666664 180.58333333333334 0.39166666666666666 189.475
0.175 53.083333333333336 0.15833333333333333 93.15
0.6 134.69166666666666 0.5833333333333334 258.40833333333336
0.09166666666666666 21.55 0.1 41.975
0.08333333333333333 32.016666666666666 0.125 115.83333333333333
0.175 26.566666666666666 0.13333333333333333 63.56666666666667
0.44166666666666665 155.24166666666667 0.39166666666666666 190.175
0.175 110.10833333333333 0.16666666666666666 81.86666666666666
0.09166666666666666 12.85 0.08333333333333333 31.408333333333335
0.008333333333333333 1.9083333333333334 0.0 0.0
0.225 39.94166666666667 0.275 38.708333333333336
0.4083333333333333 98.91666666666667 0.325 130.29166666666666
0.3333333333333333 287.65833333333336 0.24166666666666667 90.125
0.35833333333333334 50.575 0.6166666666666667 734.0833333333334
0.10833333333333334 24.4 0.075 29.958333333333332
0.058333333333333334 8.033333333333333 0.008333333333333333 0.43333333333333335
0.2916666666666667 110.125 0.2833333333333333 214.35
0.0 0.0 0.0 0.0
0.0 0.0 0.0 0.0
0.0 0.0 0.0 0.0
0.0 0.0 0.0 0.0
0.0 0.0 0.0 0.0
0.0 0.0 0.0 0.0
0.0 0.0 0.0 0.0
0.0 0.0 0.0 0.0
0.0 0.0 0.0 0.0
0.0 0.0 0.0 0.0
0.0 0.0 0.0 0.0
0.0 0.0 0.0 0.0
0.0 0.0 0.0 0.0
0.0 0.0 0.0 0.0
0.0 0.0 0.0 0.0
0.0 0.0 0.0 0.0
0.0 0.0 0.0 0.0
0.0 0.0 0.0 0.0

0.1 19.725 0.016666666666666666 0.7
0.4666666666666667 190.49166666666667 0.0 0.0
75.39166666666667 5308.35 549.2833333333333 700192.725
0.65 34.916666666666664 0.6916666666666667 43.19166666666667
0.8916666666666667 252.16666666666666 0.8916666666666667 47.775
0.13333333333333333 5.533333333333333 0.125 18.3
3.8833333333333333 817.7166666666667 4.466666666666667 1400.5833333333333
0.26666666666666666 104.075 0.2916666666666667 88.16666666666667
0.275 30.225 0.3416666666666667 47.225
0.06666666666666667 3.433333333333333 0.0 0.0
0.5166666666666667 37.24166666666667 0.48333333333333334 78.60833333333333
0.175 51.40833333333333 0.19166666666666668 130.19166666666666
0.3416666666666667 157.7 0.26666666666666666 23.5
0.6416666666666667 43.65 0.6083333333333333 103.075
0.125 6.5 0.0 0.0
16.275 1569.3833333333334 72.875 92010.93333333333
1.1333333333333333 56.1 1.425 137.86666666666667
0.0 0.0 0.0 0.0
1.3916666666666666 236.19166666666666 1.8583333333333334 884.5916666666667
0.48333333333333334 37.083333333333336 0.45 34.55833333333333
0.03333333333333333 1.3333333333333333 0.03333333333333333 1.7916666666666667
0.0 0.0 0.0 0.0
0.016666666666666666 0.6666666666666666 0.025 1.2583333333333333
0.03333333333333333 1.0666666666666667 0.0 0.0
0.058333333333333334 3.033333333333333 0.0 0.0
0.03333333333333333 2.175 0.025 2.6083333333333334
0.4583333333333333 217.24166666666667 0.575 313.3833333333333
0.09166666666666666 8.425 0.10833333333333334 51.833333333333336
0.13333333333333333 17.483333333333334 0.15833333333333333 117.33333333333333
0.525 211.275 0.5416666666666666 130.34166666666667
0.15833333333333333 85.81666666666666 0.125 47.5
0.2833333333333333 38.05 0.35 222.55
0.5 103.4 0.5 314.4916666666667
0.2 55.74166666666667 0.14166666666666666 68.53333333333333
0.2 17.125 0.4583333333333333 581.0
0.058333333333333334 4.7 0.041666666666666664 13.583333333333334
0.5833333333333334 103.275 0.5416666666666666 204.6
2.625 229.69166666666666 11.266666666666667 13837.666666666666
0.5 189.69166666666666 0.5666666666666667 74.96666666666667
0.5916666666666667 260.1 0.525 251.45833333333334
1.2416666666666667 682.625 1.075 308.125
0.49166666666666664 180.58333333333334 0.39166666666666666 189.475
0.175 53.083333333333336 0.15833333333333333 93.15
1.15 336.825 1.1416666666666666 445.80833333333334
0.09166666666666666 21.55 0.1 41.975
0.26666666666666666 84.76666666666667 0.3 237.79166666666666
0.175 26.566666666666666 0.13333333333333333 63.56666666666667
0.44166666666666665 155.24166666666667 0.39166666666666666 190.175
0.175 110.10833333333333 0.16666666666666666 81.86666666666666
0.09166666666666666 12.85 0.08333333333333333 31.408333333333335
0.008333333333333333 1.9083333333333334 0.0 0.0
0.225 39.94166666666667 0.275 38.708333333333336
0.6166666666666667 127.59166666666667 0.5166666666666667 194.20833333333334
0.3333333333333333 287.65833333333336 0.24166666666666667 90.125
0.35833333333333334 50.575 0.6166666666666667 734.0833333333334
0.10833333333333334 24.4 0.075 29.958333333333332
0.058333333333333334 8.033333333333333 0.008333333333333333 0.43333333333333335
0.35833333333333334 128.30833333333334 0.35833333333333334 218.94166666666666
0.25833333333333336 93.18333333333334 0.20833333333333334 122.09166666666667
0.5 101.55 0.6416666666666667 498.98333333333335
0.11666666666666667 15.3 0.15 77.7
0.20833333333333334 33.575 0.24166666666666667 61.44166666666667
0.15 36.475 0.125 47.475
0.9166666666666666 166.025 0.7916666666666666 466.625
0.0 0.0 0.0 0.0
0.0 0.0 0.0 0.0
0.0 0.0 0.0 0.0
0.0 0.0 0.0 0.0
0.0 0.0 0.0 0.0
0.0 0.0 0.0 0.0
0.0 0.0 0.0 0.0
0.0 0.0 0.0 0.0
0.0 0.0 0.0 0.0
0.0 0.0 0.0 0.0
0.0 0.0 0.0 0.0
0.0 0.0 0.0 0.0

0.008333333333333333 0.43333333333333335 0.0 0.0
0.5083333333333333 213.55833333333334 0.0 0.0
77.525 5518.958333333333 545.3 694983.7416666667
0.7166666666666667 39.25 0.775 48.891666666666666
1.0 313.44166666666666 0.9833333333333333 53.88333333333333
0.15 6.291666666666667 0.14166666666666666 28.016666666666666
3.683333333333333 755.2166666666667 4.216666666666667 1365.7666666666667
0.175 70.13333333333334 0.18333333333333332 81.44166666666666
0.275 30.216666666666665 0.3333333333333333 46.78333333333333
0.075 3.7 0.0 0.0
0.5 36.19166666666667 0.4666666666666667 75.63333333333334
0.175 51.40833333333333 0.19166666666666668 130.19166666666666
0.13333333333333333 52.93333333333333 0.1 9.133333333333333
0.6333333333333333 43.208333333333336 0.6 100.41666666666667
0.08333333333333333 4.333333333333333 0.0 0.0
16.158333333333335 1526.4083333333333 72.43333333333334 91435.24166666667
1.1333333333333333 55.3 1.4333333333333333 140.86666666666667
0.0 0.0 0.0 0.0
1.5333333333333334 258.675 2.075 998.0083333333333
0.5083333333333333 39.333333333333336 0.4583333333333333 35.483333333333334
0.03333333333333333 1.3333333333333333 0.03333333333333333 1.7916666666666667
0.0 0.0 0.0 0.0
0.016666666666666666 0.6666666666666666 0.025 1.2583333333333333
0.041666666666666664 1.3333333333333333 0.0 0.0
0.041666666666666664 2.1666666666666665 0.0 0.0
0.03333333333333333 2.175 0.025 2.6083333333333334
0.3 162.175 0.38333333333333336 203.975
0.025 1.2583333333333333 0.025 1.0
0.0 0.0 0.0 0.0
0.525 211.275 0.5416666666666666 130.34166666666667
0.15833333333333333 85.81666666666666 0.125 47.5
0.8083333333333333 149.38333333333333 0.9666666666666667 641.325
0.5 103.4 0.5 314.4916666666667
0.2 55.74166666666667 0.14166666666666666 68.53333333333333
0.2 17.125 0.4583333333333333 581.0
0.058333333333333334 4.7 0.041666666666666664 13.583333333333334
0.5833333333333334 103.275 0.5416666666666666 204.6
2.625 229.69166666666666 11.266666666666667 13837.666666666666
0.5 189.69166666666666 0.5666666666666667 74.96666666666667
0.7666666666666667 384.4583333333333 0.65 309.34166666666664
1.7583333333333333 788.35 1.4583333333333333 482.19166666666666
0.49166666666666664 180.58333333333334 0.39166666666666666 189.475
0.175 53.083333333333336 0.15833333333333333 93.15
1.375 434.51666666666665 1.325 508.69166666666666
0.09166666666666666 21.55 0.1 41.975
0.26666666666666666 84.76666666666667 0.3 237.79166666666666
0.175 26.566666666666666 0.13333333333333333 63.56666666666667
0.44166666666666665 155.24166666666667 0.39166666666666666 190.175
0.175 110.10833333333333 0.16666666666666666 81.86666666666666
0.09166666666666666 12.85 0.08333333333333333 31.408333333333335
0.008333333333333333 1.9083333333333334 0.0 0.0
0.225 39.94166666666667 0.275 38.708333333333336
0.6166666666666667 127.59166666666667 0.5166666666666667 194.20833333333334
0.3333333333333333 287.65833333333336 0.24166666666666667 90.125
0.35833333333333334 50.575 0.6166666666666667 734.0833333333334
0.10833333333333334 24.4 0.08333333333333333 30.291666666666668
0.058333333333333334 8.033333333333333 0.008333333333333333 0.43333333333333335
0.5083333333333333 182.2 0.5 227.74166666666667
0.25833333333333336 93.18333333333334 0.20833333333333334 122.09166666666667
0.9 196.70833333333334 1.0666666666666667 829.6
0.11666666666666667 15.3 0.15 77.7
0.20833333333333334 33.575 0.24166666666666667 61.44166666666667
0.45 97.11666666666666 0.35833333333333334 134.44166666666666
0.9166666666666666 166.025 0.7916666666666666 466.625
0.125 49.475 0.15 59.983333333333334
0.18333333333333332 39.56666666666667 0.175 108.86666666666666
0.0 0.0 0.0 0.0
0.0 0.0 0.0 0.0
0.0 0.0 0.0 0.0
0.0 0.0 0.0 0.0
0.0 0.0 0.0 0.0
0.0 0.0 0.0 0.0
0.0 0.0 0.0 0.0
0.0 0.0 0.0 0.0
0.0 0.0 0.0 0.0
0.0 0.0 0.0 0.0

0.0 0.0 0.0 0.0
0.475 190.75833333333333 0.0 0.0
76.975 5808.2 500.84166666666664 638217.5583333333
0.8083333333333333 44.78333333333333 0.8333333333333334 52.43333333333333
1.0666666666666667 303.30833333333334 1.0166666666666666 55.425
0.15833333333333333 6.633333333333334 0.13333333333333333 27.583333333333332
3.8583333333333334 771.8833333333333 4.391666666666667 1385.5
0.175 70.13333333333334 0.18333333333333332 81.44166666666666
0.275 30.208333333333332 0.325 46.34166666666667
0.075 3.7 0.0 0.0
0.5583333333333333 39.75 0.4666666666666667 74.85833333333333
0.175 51.40833333333333 0.19166666666666668 130.19166666666666
0.0 0.0 0.0 0.0
0.6833333333333333 46.15 0.6333333333333333 102.35
0.008333333333333333 0.43333333333333335 0.0 0.0
14.533333333333333 1360.7166666666667 65.05833333333334 82130.40833333334
1.3083333333333333 64.5 1.625 159.53333333333333
0.0 0.0 0.0 0.0
1.5333333333333334 258.675 2.075 998.0083333333333
0.5416666666666666 42.49166666666667 0.4666666666666667 36.40833333333333
0.0 0.0 0.0 0.0
0.0 0.0 0.0 0.0
0.0 0.0 0.0 0.0
0.041666666666666664 1.3333333333333333 0.0 0.0
0.0 0.0 0.0 0.0
0.03333333333333333 2.175 0.025 2.6083333333333334
0.3 162.175 0.38333333333333336 203.975
0.025 1.2583333333333333 0.025 1.0
0.0 0.0 0.0 0.0
0.25833333333333336 96.48333333333333 0.275 37.025
0.0 0.0 0.0 0.0
1.2 174.68333333333334 1.1333333333333333 693.8
0.5 103.4 0.5 314.4916666666667
0.2 55.74166666666667 0.14166666666666666 68.53333333333333
0.2 17.125 0.4583333333333333 581.0
0.058333333333333334 4.7 0.041666666666666664 13.583333333333334
0.5833333333333334 103.275 0.5416666666666666 204.6
2.625 229.69166666666666 11.266666666666667 13837.666666666666
0.5 189.69166666666666 0.5666666666666667 74.96666666666667
0.7666666666666667 384.4583333333333 0.65 309.34166666666664
2.2666666666666666 972.1833333333333 1.7 613.9583333333334
0.49166666666666664 180.58333333333334 0.39166666666666666 189.475
0.175 53.083333333333336 0.15833333333333333 93.15
1.375 434.51666666666665 1.325 508.69166666666666
0.09166666666666666 21.55 0.1 41.975
0.26666666666666666 84.76666666666667 0.3 237.79166666666666
0.4166666666666667 69.64166666666667 0.2833333333333333 126.925
0.44166666666666665 155.24166666666667 0.39166666666666666 190.175
0.175 110.10833333333333 0.16666666666666666 81.86666666666666
0.09166666666666666 12.85 0.08333333333333333 31.408333333333335
0.008333333333333333 1.9083333333333334 0.0 0.0
0.225 39.94166666666667 0.275 38.708333333333336
0.6166666666666667 127.59166666666667 0.5166666666666667 194.20833333333334
0.3333333333333333 287.65833333333336 0.24166666666666667 90.125
0.35833333333333334 50.575 0.6166666666666667 734.0833333333334
0.10833333333333334 24.4 0.08333333333333333 30.291666666666668
0.058333333333333334 8.033333333333333 0.008333333333333333 0.43333333333333335
2.125 769.3083333333333 1.5583333333333333 876.3166666666667
0.25833333333333336 93.18333333333334 0.20833333333333334 122.09166666666667
1.6833333333333333 433.95 1.575 1085.6583333333333
0.11666666666666667 15.3 0.15 77.7
0.20833333333333334 33.575 0.24166666666666667 61.44166666666667
0.45 97.11666666666666 0.35833333333333334 134.44166666666666
0.9166666666666666 166.025 0.7916666666666666 466.625
0.125 49.475 0.15 59.983333333333334
0.18333333333333332 39.56666666666667 0.175 108.86666666666666
0.38333333333333336 108.375 0.2833333333333333 141.81666666666666
0.10833333333333334 43.416666666666664 0.03333333333333333 1.7333333333333334
0.0 0.0 0.0 0.0
0.0 0.0 0.0 0.0
0.0 0.0 0.0 0.0
0.0 0.0 0.0 0.0
0.0 0.0 0.0 0.0
0.0 0.0 0.0 0.0
0.0 0.0 0.0 0.0
0.0 0.0 0.0 0.0

0.0 0.0 0.0 0.0
0.48333333333333334 191.025 0.0 0.0
72.65833333333333 5641.466666666666 449.95 573125.6833333333
0.8916666666666667 50.31666666666667 0.875 55.11666666666667
1.2583333333333333 361.06666666666666 1.0833333333333333 59.96666666666667
0.15 6.291666666666667 0.125 27.15
3.658333333333333 667.4916666666667 4.183333333333334 1344.6916666666666
0.175 70.13333333333334 0.18333333333333332 81.44166666666666
0.425 38.733333333333334 0.4 50.96666666666667
0.06666666666666667 3.433333333333333 0.0 0.0
0.7083333333333334 50.45 0.5416666666666666 87.46666666666667
0.175 51.40833333333333 0.19166666666666668 130.19166666666666
0.0 0.0 0.0 0.0
0.825 56.675 0.6583333333333333 106.21666666666667
0.0 0.0 0.0 0.0
13.333333333333334 1433.5 57.925 73029.61666666667
1.3916666666666666 69.73333333333333 1.675 168.45833333333334
0.0 0.0 0.0 0.0
1.5333333333333334 258.675 2.075 998.0083333333333
0.6333333333333333 51.733333333333334 0.475 38.516666666666666
0.0 0.0 0.0 0.0
0.0 0.0 0.0 0.0
0.0 0.0 0.0 0.0
0.03333333333333333 1.0666666666666667 0.0 0.0
0.0 0.0 0.0 0.0
0.13333333333333333 8.375 0.08333333333333333 13.541666666666666
0.4166666666666667 229.54166666666666 0.38333333333333336 203.975
0.025 1.2583333333333333 0.025 1.0
0.0 0.0 0.0 0.0
0.125 35.88333333333333 0.14166666666666666 8.775
0.0 0.0 0.0 0.0
1.3416666666666666 182.05 1.4583333333333333 723.5583333333333
0.65 119.01666666666667 0.5833333333333334 372.4583333333333
0.2 55.74166666666667 0.14166666666666666 68.53333333333333
0.2 17.125 0.4583333333333333 581.0
0.058333333333333334 4.7 0.041666666666666664 13.583333333333334
0.7416666666666667 172.89166666666668 0.5916666666666667 230.44166666666666
2.625 229.69166666666666 11.266666666666667 13837.666666666666
0.5 189.69166666666666 0.5666666666666667 74.96666666666667
0.9083333333333333 404.225 0.7333333333333333 350.65
2.808333333333333 1134.8916666666667 1.9666666666666666 703.0333333333333
0.49166666666666664 180.58333333333334 0.39166666666666666 189.475
0.175 53.083333333333336 0.15833333333333333 93.15
1.375 434.51666666666665 1.325 508.69166666666666
0.09166666666666666 21.55 0.1 41.975
0.26666666666666666 84.76666666666667 0.3 237.79166666666666
0.49166666666666664 72.65 0.3333333333333333 128.925
0.44166666666666665 155.24166666666667 0.39166666666666666 190.175
0.175 110.10833333333333 0.16666666666666666 81.86666666666666
0.09166666666666666 12.85 0.08333333333333333 31.408333333333335
0.008333333333333333 1.9083333333333334 0.0 0.0
0.225 39.94166666666667 0.275 38.708333333333336
0.6166666666666667 127.59166666666667 0.5166666666666667 194.20833333333334
0.3333333333333333 287.65833333333336 0.24166666666666667 90.125
0.35833333333333334 50.575 0.6166666666666667 734.0833333333334
0.10833333333333334 24.4 0.08333333333333333 30.291666666666668
0.058333333333333334 8.033333333333333 0.008333333333333333 0.43333333333333335
2.2916666666666665 828.1833333333333 1.6416666666666666 938.0916666666667
0.25833333333333336 93.18333333333334 0.20833333333333334 122.09166666666667
1.8333333333333333 445.93333333333334 1.725 1145.475
0.11666666666666667 15.3 0.15 77.7
0.20833333333333334 33.575 0.24166666666666667 61.44166666666667
0.45 97.11666666666666 0.35833333333333334 134.44166666666666
0.9166666666666666 166.025 0.7916666666666666 466.625
0.125 49.475 0.15 59.983333333333334
0.18333333333333332 39.56666666666667 0.175 108.86666666666666
0.4083333333333333 109.475 0.3416666666666667 152.4
0.125 49.075 0.03333333333333333 1.7333333333333334
0.5 261.075 0.2833333333333333 150.55833333333334
0.6833333333333333 220.39166666666668 0.2833333333333333 186.58333333333334
0.10833333333333334 19.258333333333333 0.041666666666666664 25.9
0.06666666666666667 17.65 0.058333333333333334 28.858333333333334
0.0 0.0 0.0 0.0
0.0 0.0 0.0 0.0
0.0 0.0 0.0 0.0
0.0 0.0 0.0 0.0

0.0 0.0 0.0 0.0
0.625 267.8833333333333 0.0 0.0
64.55833333333334 5136.716666666666 381.825 486255.68333333335
1.0666666666666667 61.35 0.9333333333333333 60.05
1.4583333333333333 405.4583333333333 1.1666666666666667 65.81666666666666
0.15 6.291666666666667 0.11666666666666667 26.716666666666665
2.675 585.8666666666667 2.3333333333333335 622.8833333333333
0.175 70.13333333333334 0.18333333333333332 81.44166666666666
0.4083333333333333 37.80833333333333 0.38333333333333336 50.18333333333333
0.058333333333333334 3.1666666666666665 0.0 0.0
0.75 52.225 0.4583333333333333 71.50833333333334
0.175 51.40833333333333 0.19166666666666668 130.19166666666666
0.0 0.0 0.0 0.0
1.0 67.86666666666666 0.65 104.96666666666667
0.0 0.0 0.0 0.0
12.516666666666667 1577.3583333333333 51.56666666666667 64931.25833333333
1.3666666666666667 70.16666666666667 1.6166666666666667 165.075
0.0 0.0 0.0 0.0
1.5333333333333334 258.675 2.075 998.0083333333333
0.975 209.21666666666667 0.5916666666666667 135.40833333333333
0.0 0.0 0.0 0.0
0.0 0.0 0.0 0.0
0.0 0.0 0.0 0.0
0.025 0.8 0.0 0.0
0.0 0.0 0.0 0.0
0.125 8.033333333333333 0.075 13.108333333333333
0.8083333333333333 430.225 0.4666666666666667 227.1
0.0 0.0 0.0 0.0
0.0 0.0 0.0 0.0
0.0 0.0 0.0 0.0
0.0 0.0 0.0 0.0
1.3583333333333334 182.81666666666666 1.475 735.0833333333334
0.55 95.00833333333334 0.49166666666666664 313.18333333333334
0.0 0.0 0.0 0.0
0.0 0.0 0.0 0.0
0.0 0.0 0.0 0.0
0.675 191.93333333333334 0.5166666666666667 193.75
2.5166666666666666 187.73333333333332 11.133333333333333 13752.233333333334
0.5 189.69166666666666 0.5666666666666667 74.96666666666667
0.95 406.4916666666667 0.7833333333333333 353.25
2.808333333333333 1134.8916666666667 1.9666666666666666 703.0333333333333
0.49166666666666664 180.58333333333334 0.39166666666666666 189.475
0.175 53.083333333333336 0.15833333333333333 93.15
1.375 434.51666666666665 1.325 508.69166666666666
0.09166666666666666 21.55 0.1 41.975
0.26666666666666666 84.76666666666667 0.3 237.79166666666666
0.5 72.98333333333333 0.3416666666666667 129.25833333333333
0.44166666666666665 155.24166666666667 0.39166666666666666 190.175
0.175 110.10833333333333 0.16666666666666666 81.86666666666666
0.09166666666666666 12.85 0.08333333333333333 31.408333333333335
0.008333333333333333 1.9083333333333334 0.0 0.0
0.225 39.94166666666667 0.275 38.708333333333336
0.6166666666666667 127.59166666666667 0.5166666666666667 194.20833333333334
0.3333333333333333 287.65833333333336 0.24166666666666667 90.125
0.35833333333333334 50.575 0.6166666666666667 734.0833333333334
0.10833333333333334 24.4 0.08333333333333333 30.291666666666668
0.058333333333333334 8.033333333333333 0.008333333333333333 0.43333333333333335
2.2916666666666665 828.1833333333333 1.6416666666666666 938.0916666666667
0.25833333333333336 93.18333333333334 0.20833333333333334 122.09166666666667
1.8333333333333333 445.93333333333334 1.7333333333333334 1146.0083333333334
0.11666666666666667 15.3 0.15 77.7
0.20833333333333334 33.575 0.24166666666666667 61.44166666666667
0.45 97.11666666666666 0.35833333333333334 134.44166666666666
0.9166666666666666 166.025 0.7916666666666666 466.625
0.125 49.475 0.15 59.983333333333334
0.18333333333333332 39.56666666666667 0.175 108.86666666666666
0.4083333333333333 109.475 0.3416666666666667 152.4
0.125 49.075 0.03333333333333333 1.7333333333333334
1.0166666666666666 669.4583333333334 0.4583333333333333 215.25833333333333
0.9833333333333333 289.825 0.5 351.025
0.45 153.31666666666666 0.23333333333333334 148.88333333333333
0.14166666666666666 20.908333333333335 0.13333333333333333 43.8
0.175 128.85833333333332 0.041666666666666664 35.71666666666667
0.3333333333333333 133.475 0.18333333333333332 77.49166666666666
0.0 0.0 0.0 0.0
0.0 0.0 0.0 0.0

