1 1 1 1
1 1 1 1
119 119 119 119
1 1 1 1
1 1 1 1
1 1 1 1
5 5 5 5
5 5 5 5
1 1 1 1
1 1 1 1
10 10 10 10
1 1 1 1
1 1 1 1
1 1 1 1
1 1 1 1
1 1 1 1
3 3 3 3
3 3 3 3
1 1 1 1
1 1 1 1
5 5 5 5
5 5 5 5
10 10 10 10
10 10 10 10
5 5 5 5
1 1 1 1
6 6 6 6
1 1 9 9
1 1 1 1
43 43 43 43
1 1 1 1
46 46 46 46
2 2 2 2
46 46 46 46
2 2 2 2
3 3 3 3
2 2 2 2
1 1 1 1
2 2 2 2
49 49 49 49
9 9 9 9
10 10 10 10
9 9 9 9
52 52 52 52
49 49 49 49
26 26 120 120
120 120 17 17
120 120 120 120
120 120 120 120
120 120 120 120
120 120 120 120
120 120 120 120
120 120 120 120
120 120 120 120
120 120 120 120
120 120 120 120
120 120 120 120
120 120 120 120
120 120 120 120
120 120 120 120
120 120 120 120
120 120 120 120
120 120 120 120
120 120 120 120
120 120 120 120
120 120 120 120
120 120 120 120
120 120 120 120
120 120 120 120
120 120 120 120
120 120 120 120
120 120 120 120
120 120 120 120
120 120 120 120
120 120 120 120
120 120 120 120
120 120 120 120
120 120 120 120
120 120 120 120
120 120 120 120
120 120 120 120
120 120 120 120
120 120 120 120
120 120 120 120
120 120 120 120
120 120 120 120
120 120 120 120
120 120 120 120
120 120 120 120
120 120 120 120
120 120 120 120
120 120 120 120
120 120 120 120
120 120 120 120
120 120 120 120
120 120 120 120
120 120 120 120
120 120 120 120
120 120 120 120
120 120 120 120
120 120 120 120
120 120 120 120
120 120 120 120
120 120 120 120
120 120 120 120
120 120 120 120
120 120 120 120
120 120 120 120
120 120 120 120
120 120 120 120
120 120 120 120
120 120 120 120
120 120 120 120
120 120 120 120
120 120 120 120
120 120 120 120
120 120 120 120
120 120 120 120
120 120 120 120
120 120 120 120
120 120 120 120
120 120 120 120
120 120 120 120
120 120 120 120
120 120 120 120
120 120 120 120
120 120 120 120
120 120 120 120

1 1 1 1
1 1 1 1
120 120 120 120
1 1 1 1
1 1 1 1
120 120 120 120
120 120 120 120
120 120 120 120
1 1 1 1
1 1 1 1
10 10 10 10
1 1 1 1
1 1 1 1
1 1 1 1
1 1 1 1
1 1 1 1
3 3 3 3
120 120 120 120
1 1 1 1
1 1 1 1
5 5 5 5
6 6 6 6
120 120 120 120
4 4 4 4
5 5 5 5
1 1 1 1
1 1 1 1
1 1 9 9
1 1 1 1
31 31 31 31
1 1 1 1
34 34 34 34
2 2 2 2
34 34 34 34
2 2 2 2
3 3 3 3
2 2 2 2
1 1 1 1
2 2 2 2
37 37 37 37
9 9 9 9
10 10 10 10
9 9 9 9
55 55 55 55
58 58 58 58
38 38 120 120
120 120 29 29
2 2 2 2
120 120 120 120
120 120 120 120
120 120 120 120
120 120 120 120
120 120 120 120
120 120 120 120
120 120 120 120
120 120 120 120
120 120 120 120
120 120 120 120
120 120 120 120
120 120 120 120
120 120 120 120
120 120 120 120
120 120 120 120
120 120 120 120
120 120 120 120
120 120 120 120
120 120 120 120
120 120 120 120
120 120 120 120
120 120 120 120
120 120 120 120
120 120 120 120
120 120 120 120
120 120 120 120
120 120 120 120
120 120 120 120
120 120 120 120
120 120 120 120
120 120 120 120
120 120 120 120
120 120 120 120
120 120 120 120
120 120 120 120
120 120 120 120
120 120 120 120
120 120 120 120
120 120 120 120
120 120 120 120
120 120 120 120
120 120 120 120
120 120 120 120
120 120 120 120
120 120 120 120
120 120 120 120
120 120 120 120
120 120 120 120
120 120 120 120
120 120 120 120
120 120 120 120
120 120 120 120
120 120 120 120
120 120 120 120
120 120 120 120
120 120 120 120
120 120 120 120
120 120 120 120
120 120 120 120
120 120 120 120
120 120 120 120
120 120 120 120
120 120 120 120
120 120 120 120
120 120 120 120
120 120 120 120
120 120 120 120
120 120 120 120
120 120 120 120
120 120 120 120
120 120 120 120
120 120 120 120
120 120 120 120
120 120 120 120
120 120 120 120
120 120 120 120
120 120 120 120
120 120 120 120
120 120 120 120
120 120 120 120

1 1 1 1
1 1 1 1
120 120 120 120
1 1 1 1
1 1 1 1
120 120 120 120
120 120 120 120
120 120 120 120
1 1 1 1
1 1 1 1
120 120 120 120
1 1 1 1
2 2 2 2
1 1 1 1
9 9 9 9
1 1 1 1
2 2 2 2
120 120 120 120
1 1 1 1
1 1 1 1
3 3 3 3
18 18 18 18
120 120 120 120
3 3 3 3
2 2 2 2
1 1 1 1
6 6 6 6
1 1 8 8
1 1 1 1
19 19 19 19
1 1 1 1
22 22 22 22
2 2 2 2
22 22 22 22
2 2 2 2
3 3 3 3
2 2 2 2
1 1 1 1
2 2 2 2
25 25 25 25
9 9 9 9
10 10 10 10
9 9 9 9
43 43 43 43
46 46 46 46
50 50 120 120
120 120 41 41
14 14 14 14
11 11 11 11
120 120 120 120
120 120 120 120
120 120 120 120
120 120 120 120
120 120 120 120
120 120 120 120
120 120 120 120
120 120 120 120
120 120 120 120
120 120 120 120
120 120 120 120
120 120 120 120
120 120 120 120
120 120 120 120
120 120 120 120
120 120 120 120
120 120 120 120
120 120 120 120
120 120 120 120
120 120 120 120
120 120 120 120
120 120 120 120
120 120 120 120
120 120 120 120
120 120 120 120
120 120 120 120
120 120 120 120
120 120 120 120
120 120 120 120
120 120 120 120
120 120 120 120
120 120 120 120
120 120 120 120
120 120 120 120
120 120 120 120
120 120 120 120
120 120 120 120
120 120 120 120
120 120 120 120
120 120 120 120
120 120 120 120
120 120 120 120
120 120 120 120
120 120 120 120
120 120 120 120
120 120 120 120
120 120 120 120
120 120 120 120
120 120 120 120
120 120 120 120
120 120 120 120
120 120 120 120
120 120 120 120
120 120 120 120
120 120 120 120
120 120 120 120
120 120 120 120
120 120 120 120
120 120 120 120
120 120 120 120
120 120 120 120
120 120 120 120
120 120 120 120
120 120 120 120
120 120 120 120
120 120 120 120
120 120 120 120
120 120 120 120
120 120 120 120
120 120 120 120
120 120 120 120
120 120 120 120
120 120 120 120
120 120 120 120
120 120 120 120
120 120 120 120
120 120 120 120
120 120 120 120
120 120 120 120

1 1 1 1
1 1 1 1
120 120 120 120
1 1 1 1
6 6 6 6
120 120 120 120
120 120 120 120
120 120 120 120
1 1 1 1
1 1 1 1
120 120 120 120
1 1 1 1
2 2 2 2
1 1 1 1
9 9 9 9
5 5 5 5
1 1 1 1
120 120 120 120
1 1 1 1
1 1 1 1
120 120 120 120
29 29 29 29
120 120 120 120
2 2 2 2
4 4 4 4
4 4 4 4
6 6 6 6
7 7 8 8
1 1 1 1
7 7 7 7
1 1 1 1
10 10 10 10
2 2 2 2
10 10 10 10
2 2 2 2
3 3 3 3
2 2 2 2
1 1 1 1
2 2 2 2
13 13 13 13
9 9 9 9
10 10 10 10
9 9 9 9
31 31 31 31
34 34 34 34
57 57 120 120
120 120 53 53
26 26 26 26
1 1 1 1
120 120 120 120
120 120 120 120
120 120 120 120
120 120 120 120
120 120 120 120
120 120 120 120
120 120 120 120
120 120 120 120
120 120 120 120
120 120 120 120
120 120 120 120
120 120 120 120
120 120 120 120
120 120 120 120
120 120 120 120
120 120 120 120
120 120 120 120
120 120 120 120
120 120 120 120
120 120 120 120
120 120 120 120
120 120 120 120
120 120 120 120
120 120 120 120
120 120 120 120
120 120 120 120
120 120 120 120
120 120 120 120
120 120 120 120
120 120 120 120
120 120 120 120
120 120 120 120
120 120 120 120
120 120 120 120
120 120 120 120
120 120 120 120
120 120 120 120
120 120 120 120
120 120 120 120
120 120 120 120
120 120 120 120
120 120 120 120
120 120 120 120
120 120 120 120
120 120 120 120
120 120 120 120
120 120 120 120
120 120 120 120
120 120 120 120
120 120 120 120
120 120 120 120
120 120 120 120
120 120 120 120
120 120 120 120
120 120 120 120
120 120 120 120
120 120 120 120
120 120 120 120
120 120 120 120
120 120 120 120
120 120 120 120
120 120 120 120
120 120 120 120
120 120 120 120
120 120 120 120
120 120 120 120
120 120 120 120
120 120 120 120
120 120 120 120
120 120 120 120
120 120 120 120
120 120 120 120
120 120 120 120
120 120 120 120
120 120 120 120
120 120 120 120
120 120 120 120
120 120 120 120
120 120 120 120

1 1 1 1
1 1 1 1
120 120 120 120
1 1 1 1
4 4 4 4
120 120 120 120
120 120 120 120
120 120 120 120
1 1 1 1
1 1 1 1
120 120 120 120
1 1 1 1
1 1 1 1
1 1 1 1
9 9 9 9
5 5 5 5
1 1 1 1
120 120 120 120
1 1 1 1
1 1 1 1
120 120 120 120
17 17 17 17
120 120 120 120
2 2 2 2
4 4 4 4
4 4 4 4
5 5 5 5
8 8 8 8
1 1 1 1
23 23 23 23
2 2 2 2
120 120 120 120
1 1 1 1
120 120 120 120
2 2 2 2
2 2 2 2
2 2 2 2
2 2 2 2
2 2 2 2
1 1 1 1
5 5 5 5
7 7 7 7
9 9 9 9
19 19 19 19
22 22 22 22
45 45 120 120
120 120 54 54
38 38 38 38
1 1 1 1
118 118 118 118
119 119 119 119
119 119 119 119
120 120 120 120
120 120 120 120
120 120 120 120
120 120 120 120
120 120 120 120
120 120 120 120
120 120 120 120
120 120 120 120
120 120 120 120
120 120 120 120
120 120 120 120
120 120 120 120
120 120 120 120
120 120 120 120
120 120 120 120
120 120 120 120
120 120 120 120
120 120 120 120
120 120 120 120
120 120 120 120
120 120 120 120
120 120 120 120
120 120 120 120
120 120 120 120
120 120 120 120
120 120 120 120
120 120 120 120
120 120 120 120
120 120 120 120
120 120 120 120
120 120 120 120
120 120 120 120
120 120 120 120
120 120 120 120
120 120 120 120
120 120 120 120
120 120 120 120
120 120 120 120
120 120 120 120
120 120 120 120
120 120 120 120
120 120 120 120
120 120 120 120
120 120 120 120
120 120 120 120
120 120 120 120
120 120 120 120
120 120 120 120
120 120 120 120
120 120 120 120
120 120 120 120
120 120 120 120
120 120 120 120
120 120 120 120
120 120 120 120
120 120 120 120
120 120 120 120
120 120 120 120
120 120 120 120
120 120 120 120
120 120 120 120
120 120 120 120
120 120 120 120
120 120 120 120
120 120 120 120
120 120 120 120
120 120 120 120
120 120 120 120
120 120 120 120
120 120 120 120
120 120 120 120
120 120 120 120
120 120 120 120
120 120 120 120
120 120 120 120
120 120 120 120

2 2 2 2
1 1 1 1
120 120 120 120
1 1 1 1
4 4 4 4
120 120 120 120
120 120 120 120
120 120 120 120
1 1 1 1
1 1 1 1
120 120 120 120
1 1 1 1
6 6 6 6
1 1 1 1
10 10 10 10
3 3 3 3
8 8 8 8
120 120 120 120
1 1 1 1
1 1 1 1
7 7 7 7
5 5 5 5
120 120 120 120
2 2 2 2
3 3 3 3
3 3 3 3
3 3 3 3
6 6 6 6
120 120 120 120
35 35 35 35
120 120 120 120
120 120 120 120
120 120 120 120
120 120 120 120
120 120 120 120
120 120 120 120
120 120 120 120
120 120 120 120
120 120 120 120
120 120 120 120
6 6 6 6
6 6 6 6
9 9 9 9
7 7 7 7
10 10 10 10
33 33 120 120
120 120 42 42
50 50 50 50
1 1 1 1
3 3 3 3
107 107 1 1
1 1 1 1
1 1 120 120
120 120 120 120
120 120 120 120
120 120 120 120
120 120 120 120
120 120 120 120
120 120 120 120
120 120 120 120
120 120 120 120
120 120 120 120
120 120 120 120
120 120 120 120
120 120 120 120
120 120 120 120
120 120 120 120
120 120 120 120
120 120 120 120
120 120 120 120
120 120 120 120
120 120 120 120
120 120 120 120
120 120 120 120
120 120 120 120
120 120 120 120
120 120 120 120
120 120 120 120
120 120 120 120
120 120 120 120
120 120 120 120
120 120 120 120
120 120 120 120
120 120 120 120
120 120 120 120
120 120 120 120
120 120 120 120
120 120 120 120
120 120 120 120
120 120 120 120
120 120 120 120
120 120 120 120
120 120 120 120
120 120 120 120
120 120 120 120
120 120 120 120
120 120 120 120
120 120 120 120
120 120 120 120
120 120 120 120
120 120 120 120
120 120 120 120
120 120 120 120
120 120 120 120
120 120 120 120
120 120 120 120
120 120 120 120
120 120 120 120
120 120 120 120
120 120 120 120
120 120 120 120
120 120 120 120
120 120 120 120
120 120 120 120
120 120 120 120
120 120 120 120
120 120 120 120
120 120 120 120
120 120 120 120
120 120 120 120
120 120 120 120
120 120 120 120
120 120 120 120
120 120 120 120
120 120 120 120
120 120 120 120
120 120 120 120
120 120 120 120

1 1 1 1
1 1 1 1
120 120 120 120
1 1 1 1
4 4 4 4
120 120 120 120
120 120 120 120
120 120 120 120
1 1 1 1
1 1 1 1
120 120 120 120
1 1 1 1
6 6 6 6
1 1 1 1
9 9 9 9
120 120 120 120
8 8 8 8
120 120 120 120
1 1 1 1
1 1 1 1
7 7 7 7
6 6 6 6
120 120 120 120
2 2 2 2
120 120 120 120
120 120 120 120
1 1 1 1
120 120 120 120
120 120 120 120
47 47 47 47
120 120 120 120
120 120 120 120
120 120 120 120
120 120 120 120
120 120 120 120
120 120 120 120
120 120 120 120
120 120 120 120
120 120 120 120
120 120 120 120
6 6 6 6
6 6 6 6
9 9 9 9
120 120 120 120
120 120 120 120
3 3 120 120
120 120 30 30
57 57 57 57
1 1 1 1
1 1 1 1
7 7 1 1
1 1 1 1
13 13 120 120
2 2 2 2
120 120 120 120
120 120 120 120
120 120 120 120
120 120 120 120
120 120 120 120
120 120 120 120
120 120 120 120
120 120 120 120
120 120 120 120
120 120 120 120
120 120 120 120
120 120 120 120
120 120 120 120
120 120 120 120
120 120 120 120
120 120 120 120
120 120 120 120
120 120 120 120
120 120 120 120
120 120 120 120
120 120 120 120
120 120 120 120
120 120 120 120
120 120 120 120
120 120 120 120
120 120 120 120
120 120 120 120
120 120 120 120
120 120 120 120
120 120 120 120
120 120 120 120
120 120 120 120
120 120 120 120
120 120 120 120
120 120 120 120
120 120 120 120
120 120 120 120
120 120 120 120
120 120 120 120
120 120 120 120
120 120 120 120
120 120 120 120
120 120 120 120
120 120 120 120
120 120 120 120
120 120 120 120
120 120 120 120
120 120 120 120
120 120 120 120
120 120 120 120
120 120 120 120
120 120 120 120
120 120 120 120
120 120 120 120
120 120 120 120
120 120 120 120
120 120 120 120
120 120 120 120
120 120 120 120
120 120 120 120
120 120 120 120
120 120 120 120
120 120 120 120
120 120 120 120
120 120 120 120
120 120 120 120
120 120 120 120
120 120 120 120
120 120 120 120
120 120 120 120
120 120 120 120
120 120 120 120
120 120 120 120
120 120 120 120

1 1 1 1
1 1 1 1
120 120 120 120
1 1 1 1
6 6 6 6
120 120 120 120
120 120 120 120
120 120 120 120
1 1 1 1
1 1 1 1
120 120 120 120
1 1 1 1
4 4 4 4
1 1 1 1
120 120 120 120
120 120 120 120
6 6 6 6
120 120 120 120
1 1 1 1
1 1 1 1
7 7 7 7
11 11 11 11
120 120 120 120
1 1 1 1
120 120 120 120
120 120 120 120
5 5 5 5
120 120 120 120
120 120 120 120
59 59 59 59
120 120 120 120
120 120 120 120
120 120 120 120
120 120 120 120
120 120 120 120
120 120 120 120
120 120 120 120
120 120 120 120
120 120 120 120
120 120 120 120
4 4 4 4
120 120 120 120
7 7 7 7
120 120 120 120
120 120 120 120
3 3 120 120
120 120 18 18
45 45 45 45
1 1 1 1
2 2 2 2
1 1 1 1
1 1 1 1
25 25 120 120
14 14 14 14
120 120 120 120
120 120 120 120
120 120 120 120
120 120 120 120
120 120 120 120
120 120 120 120
120 120 120 120
120 120 120 120
120 120 120 120
120 120 120 120
120 120 120 120
120 120 120 120
120 120 120 120
120 120 120 120
120 120 120 120
120 120 120 120
120 120 120 120
120 120 120 120
120 120 120 120
120 120 120 120
120 120 120 120
120 120 120 120
120 120 120 120
120 120 120 120
120 120 120 120
120 120 120 120
120 120 120 120
120 120 120 120
120 120 120 120
120 120 120 120
120 120 120 120
120 120 120 120
120 120 120 120
120 120 120 120
120 120 120 120
120 120 120 120
120 120 120 120
120 120 120 120
120 120 120 120
120 120 120 120
120 120 120 120
120 120 120 120
120 120 120 120
120 120 120 120
120 120 120 120
120 120 120 120
120 120 120 120
120 120 120 120
120 120 120 120
120 120 120 120
120 120 120 120
120 120 120 120
120 120 120 120
120 120 120 120
120 120 120 120
120 120 120 120
120 120 120 120
120 120 120 120
120 120 120 120
120 120 120 120
120 120 120 120
120 120 120 120
120 120 120 120
120 120 120 120
120 120 120 120
120 120 120 120
120 120 120 120
120 120 120 120
120 120 120 120
120 120 120 120
120 120 120 120
120 120 120 120
120 120 120 120
120 120 120 120

1 1 1 1
1 1 1 1
120 120 120 120
1 1 1 1
8 8 8 8
120 120 120 120
120 120 120 120
120 120 120 120
1 1 1 1
1 1 1 1
8 8 8 8
1 1 1 1
9 9 9 9
1 1 1 1
1 1 1 1
2 2 2 2
1 1 1 1
120 120 120 120
1 1 1 1
1 1 1 1
9 9 9 9
7 7 7 7
120 120 120 120
1 1 1 1
2 2 2 2
120 120 120 120
5 5 5 5
120 120 120 120
120 120 120 120
48 48 48 48
10 10 10 10
120 120 120 120
9 9 9 9
9 9 9 9
9 9 9 9
120 120 120 120
120 120 120 120
9 9 9 9
120 120 120 120
120 120 120 120
120 120 120 120
120 120 120 120
120 120 120 120
120 120 120 120
120 120 120 120
3 3 120 120
120 120 6 6
33 33 33 33
1 1 1 1
2 2 2 2
1 1 1 1
1 1 1 1
37 37 120 120
26 26 26 26
1 1 1 1
9 9 9 9
8 8 8 8
5 5 5 5
4 4 4 4
2 2 2 2
120 120 120 120
120 120 120 120
120 120 120 120
120 120 120 120
120 120 120 120
120 120 120 120
120 120 120 120
120 120 120 120
120 120 120 120
120 120 120 120
120 120 120 120
120 120 120 120
120 120 120 120
120 120 120 120
120 120 120 120
120 120 120 120
120 120 120 120
120 120 120 120
120 120 120 120
120 120 120 120
120 120 120 120
120 120 120 120
120 120 120 120
120 120 120 120
120 120 120 120
120 120 120 120
120 120 120 120
120 120 120 120
120 120 120 120
120 120 120 120
120 120 120 120
120 120 120 120
120 120 120 120
120 120 120 120
120 120 120 120
120 120 120 120
120 120 120 120
120 120 120 120
120 120 120 120
120 120 120 120
120 120 120 120
120 120 120 120
120 120 120 120
120 120 120 120
120 120 120 120
120 120 120 120
120 120 120 120
120 120 120 120
120 120 120 120
120 120 120 120
120 120 120 120
120 120 120 120
120 120 120 120
120 120 120 120
120 120 120 120
120 120 120 120
120 120 120 120
120 120 120 120
120 120 120 120
120 120 120 120
120 120 120 120
120 120 120 120
120 120 120 120
120 120 120 120
120 120 120 120
120 120 120 120
120 120 120 120
120 120 120 120

1 1 1 1
1 1 1 1
120 120 120 120
1 1 1 1
1 1 1 1
120 120 120 120
120 120 120 120
120 120 120 120
1 1 1 1
1 1 1 1
8 8 8 8
1 1 1 1
9 9 9 9
1 1 1 1
1 1 1 1
3 3 3 3
1 1 1 1
120 120 120 120
1 1 1 1
1 1 1 1
9 9 9 9
8 8 8 8
120 120 120 120
1 1 1 1
14 14 14 14
120 120 120 120
5 5 5 5
120 120 120 120
120 120 120 120
36 36 36 36
22 22 22 22
120 120 120 120
21 21 21 21
21 21 21 21
21 21 21 21
120 120 120 120
120 120 120 120
21 21 21 21
120 120 120 120
120 120 120 120
120 120 120 120
120 120 120 120
120 120 120 120
120 120 120 120
120 120 120 120
3 3 120 120
120 120 120 120
21 21 21 21
1 1 1 1
2 2 2 2
1 1 1 1
1 1 1 1
49 49 120 120
38 38 38 38
1 1 1 1
21 21 21 21
20 20 20 20
5 5 5 5
4 4 4 4
3 3 3 3
120 120 120 120
120 120 120 120
120 120 120 120
120 120 120 120
120 120 120 120
120 120 120 120
120 120 120 120
120 120 120 120
120 120 120 120
120 120 120 120
120 120 120 120
120 120 120 120
120 120 120 120
120 120 120 120
120 120 120 120
120 120 120 120
120 120 120 120
120 120 120 120
120 120 120 120
120 120 120 120
120 120 120 120
120 120 120 120
120 120 120 120
120 120 120 120
120 120 120 120
120 120 120 120
120 120 120 120
120 120 120 120
120 120 120 120
120 120 120 120
120 120 120 120
120 120 120 120
120 120 120 120
120 120 120 120
120 120 120 120
120 120 120 120
120 120 120 120
120 120 120 120
120 120 120 120
120 120 120 120
120 120 120 120
120 120 120 120
120 120 120 120
120 120 120 120
120 120 120 120
120 120 120 120
120 120 120 120
120 120 120 120
120 120 120 120
120 120 120 120
120 120 120 120
120 120 120 120
120 120 120 120
120 120 120 120
120 120 120 120
120 120 120 120
120 120 120 120
120 120 120 120
120 120 120 120
120 120 120 120
120 120 120 120
120 120 120 120
120 120 120 120
120 120 120 120
120 120 120 120
120 120 120 120
120 120 120 120
120 120 120 120

1 1 1 1
1 1 1 1
120 120 120 120
1 1 1 1
1 1 1 1
120 120 120 120
120 120 120 120
120 120 120 120
1 1 1 1
1 1 1 1
8 8 8 8
1 1 1 1
9 9 9 9
1 1 1 1
1 1 1 1
3 3 3 3
1 1 1 1
120 120 120 120
1 1 1 1
1 1 1 1
9 9 9 9
5 5 5 5
120 120 120 120
1 1 1 1
26 26 26 26
120 120 120 120
5 5 5 5
120 120 120 120
120 120 120 120
24 24 24 24
34 34 34 34
120 120 120 120
33 33 33 33
33 33 33 33
33 33 33 33
120 120 120 120
120 120 120 120
33 33 33 33
120 120 120 120
120 120 120 120
120 120 120 120
120 120 120 120
120 120 120 120
4 4 4 4
120 120 120 120
3 3 120 120
120 120 120 120
9 9 9 9
1 1 1 1
2 2 2 2
1 1 1 1
1 1 1 1
58 58 120 120
50 50 50 50
1 1 1 1
33 33 33 33
32 32 32 32
5 5 5 5
1 1 1 1
3 3 3 3
120 120 120 120
120 120 120 120
120 120 120 120
120 120 120 120
120 120 120 120
120 120 120 120
120 120 120 120
120 120 120 120
120 120 120 120
120 120 120 120
120 120 120 120
120 120 120 120
120 120 120 120
120 120 120 120
120 120 120 120
120 120 120 120
120 120 120 120
120 120 120 120
120 120 120 120
120 120 120 120
120 120 120 120
120 120 120 120
120 120 120 120
120 120 120 120
120 120 120 120
120 120 120 120
120 120 120 120
120 120 120 120
120 120 120 120
120 120 120 120
120 120 120 120
120 120 120 120
120 120 120 120
120 120 120 120
120 120 120 120
120 120 120 120
120 120 120 120
120 120 120 120
120 120 120 120
120 120 120 120
120 120 120 120
120 120 120 120
120 120 120 120
120 120 120 120
120 120 120 120
120 120 120 120
120 120 120 120
120 120 120 120
120 120 120 120
120 120 120 120
120 120 120 120
120 120 120 120
120 120 120 120
120 120 120 120
120 120 120 120
120 120 120 120
120 120 120 120
120 120 120 120
120 120 120 120
120 120 120 120
120 120 120 120
120 120 120 120
120 120 120 120
120 120 120 120
120 120 120 120
120 120 120 120
120 120 120 120
120 120 120 120

1 1 1 1
1 1 1 1
120 120 120 120
1 1 1 1
1 1 1 1
120 120 120 120
120 120 120 120
120 120 120 120
1 1 1 1
1 1 1 1
9 9 9 9
1 1 1 1
9 9 9 9
1 1 1 1
1 1 1 1
4 4 4 4
1 1 1 1
120 120 120 120
1 1 1 1
1 1 1 1
9 9 9 9
6 6 6 6
120 120 120 120
1 1 1 1
38 38 38 38
120 120 120 120
5 5 5 5
120 120 120 120
120 120 120 120
4 4 4 4
46 46 46 46
120 120 120 120
45 45 45 45
45 45 45 45
45 45 45 45
120 120 120 120
120 120 120 120
45 45 45 45
120 120 120 120
120 120 120 120
120 120 120 120
120 120 120 120
120 120 120 120
1 1 1 1
120 120 120 120
3 3 120 120
120 120 120 120
120 120 120 120
1 1 1 1
2 2 2 2
1 1 1 1
1 1 1 1
46 46 120 120
57 57 57 57
1 1 1 1
45 45 45 45
44 44 44 44
7 7 7 7
1 1 1 1
4 4 4 4
2 2 2 2
120 120 120 120
120 120 120 120
120 120 120 120
120 120 120 120
120 120 120 120
120 120 120 120
120 120 120 120
120 120 120 120
120 120 120 120
120 120 120 120
120 120 120 120
120 120 120 120
120 120 120 120
120 120 120 120
120 120 120 120
120 120 120 120
120 120 120 120
120 120 120 120
120 120 120 120
120 120 120 120
120 120 120 120
120 120 120 120
120 120 120 120
120 120 120 120
120 120 120 120
120 120 120 120
120 120 120 120
120 120 120 120
120 120 120 120
120 120 120 120
120 120 120 120
120 120 120 120
120 120 120 120
120 120 120 120
120 120 120 120
120 120 120 120
120 120 120 120
120 120 120 120
120 120 120 120
120 120 120 120
120 120 120 120
120 120 120 120
120 120 120 120
120 120 120 120
120 120 120 120
120 120 120 120
120 120 120 120
120 120 120 120
120 120 120 120
120 120 120 120
120 120 120 120
120 120 120 120
120 120 120 120
120 120 120 120
120 120 120 120
120 120 120 120
120 120 120 120
120 120 120 120
120 120 120 120
120 120 120 120
120 120 120 120
120 120 120 120
120 120 120 120
120 120 120 120
120 120 120 120
120 120 120 120
120 120 120 120

1 1 1 1
1 1 1 1
120 120 120 120
1 1 1 1
1 1 1 1
120 120 120 120
120 120 120 120
120 120 120 120
1 1 1 1
1 1 1 1
9 9 9 9
1 1 1 1
9 9 9 9
1 1 1 1
1 1 1 1
10 10 10 10
1 1 1 1
120 120 120 120
1 1 1 1
1 1 1 1
9 9 9 9
8 8 8 8
120 120 120 120
1 1 1 1
50 50 50 50
120 120 120 120
5 5 5 5
120 120 120 120
120 120 120 120
16 16 16 16
58 58 58 58
120 120 120 120
57 57 57 57
57 57 57 57
57 57 57 57
120 120 120 120
120 120 120 120
57 57 57 57
120 120 120 120
120 120 120 120
120 120 120 120
120 120 120 120
120 120 120 120
1 1 1 1
120 120 120 120
3 3 120 120
120 120 120 120
120 120 120 120
1 1 1 1
2 2 2 2
1 1 1 1
1 1 1 1
34 34 120 120
45 45 45 45
1 1 1 1
57 57 57 57
56 56 56 56
9 9 9 9
1 1 1 1
10 10 10 10
14 14 14 14
1 1 3 3
1 1 3 3
1 1 3 3
120 120 120 120
120 120 120 120
120 120 120 120
120 120 120 120
120 120 120 120
120 120 120 120
120 120 120 120
120 120 120 120
120 120 120 120
120 120 120 120
120 120 120 120
120 120 120 120
120 120 120 120
120 120 120 120
120 120 120 120
120 120 120 120
120 120 120 120
120 120 120 120
120 120 120 120
120 120 120 120
120 120 120 120
120 120 120 120
120 120 120 120
120 120 120 120
120 120 120 120
120 120 120 120
120 120 120 120
120 120 120 120
120 120 120 120
120 120 120 120
120 120 120 120
120 120 120 120
120 120 120 120
120 120 120 120
120 120 120 120
120 120 120 120
120 120 120 120
120 120 120 120
120 120 120 120
120 120 120 120
120 120 120 120
120 120 120 120
120 120 120 120
120 120 120 120
120 120 120 120
120 120 120 120
120 120 120 120
120 120 120 120
120 120 120 120
120 120 120 120
120 120 120 120
120 120 120 120
120 120 120 120
120 120 120 120
120 120 120 120
120 120 120 120
120 120 120 120
120 120 120 120
120 120 120 120
120 120 120 120
120 120 120 120
120 120 120 120
120 120 120 120
120 120 120 120

1 1 1 1
1 1 1 1
120 120 120 120
1 1 1 1
1 1 1 1
120 120 120 120
120 120 120 120
120 120 120 120
1 1 1 1
1 1 1 1
9 9 9 9
1 1 1 1
9 9 9 9
1 1 1 1
1 1 1 1
10 10 10 10
1 1 1 1
120 120 120 120
1 1 1 1
1 1 1 1
9 9 9 9
8 8 8 8
120 120 120 120
1 1 1 1
56 56 56 56
120 120 120 120
5 5 5 5
120 120 120 120
1 1 1 1
28 28 28 28
2 2 2 2
120 120 120 120
49 49 49 49
50 50 50 50
50 50 50 50
120 120 120 120
120 120 120 120
50 50 50 50
120 120 120 120
120 120 120 120
120 120 120 120
120 120 120 120
120 120 120 120
1 1 1 1
120 120 120 120
3 3 120 120
120 120 120 120
120 120 120 120
6 6 6 6
2 2 2 2
1 1 1 1
1 1 1 1
22 22 120 120
33 33 33 33
1 1 1 1
50 50 50 50
50 50 50 50
9 9 9 9
1 1 1 1
10 10 10 10
26 26 26 26
1 1 4 4
1 1 4 4
1 1 4 4
2 2 2 2
2 2 2 2
2 2 2 2
1 1 1 1
3 3 3 3
2 2 2 2
2 2 2 2
1 1 1 1
1 1 1 1
117 117 117 117
1 1 1 1
1 1 1 1
120 120 120 120
120 120 120 120
120 120 120 120
120 120 120 120
120 120 120 120
120 120 120 120
120 120 120 120
120 120 120 120
120 120 120 120
120 120 120 120
120 120 120 120
120 120 120 120
120 120 120 120
120 120 120 120
120 120 120 120
120 120 120 120
120 120 120 120
120 120 120 120
120 120 120 120
120 120 120 120
120 120 120 120
120 120 120 120
120 120 120 120
120 120 120 120
120 120 120 120
120 120 120 120
120 120 120 120
120 120 120 120
120 120 120 120
120 120 120 120
120 120 120 120
120 120 120 120
120 120 120 120
120 120 120 120
120 120 120 120
120 120 120 120
120 120 120 120
120 120 120 120
120 120 120 120
120 120 120 120
120 120 120 120
120 120 120 120
120 120 120 120
120 120 120 120
120 120 120 120
120 120 120 120
120 120 120 120
120 120 120 120
120 120 120 120
120 120 120 120
120 120 120 120
120 120 120 120

1 1 1 1
1 1 1 1
120 120 120 120
1 1 1 1
1 1 1 1
120 120 120 120
120 120 120 120
120 120 120 120
1 1 1 1
1 1 1 1
9 9 9 9
1 1 1 1
9 9 9 9
1 1 1 1
1 1 1 1
10 10 10 10
1 1 1 1
120 120 120 120
1 1 1 1
1 1 1 1
4 4 4 4
5 5 5 5
120 120 120 120
1 1 1 1
44 44 44 44
120 120 120 120
5 5 5 5
120 120 120 120
1 1 1 1
40 40 40 40
3 3 3 3
120 120 120 120
37 37 37 37
38 38 38 38
38 38 38 38
120 120 120 120
120 120 120 120
38 38 38 38
120 120 120 120
120 120 120 120
120 120 120 120
120 120 120 120
10 10 10 10
1 1 1 1
120 120 120 120
3 3 120 120
120 120 120 120
120 120 120 120
5 5 5 5
1 1 1 1
1 1 1 1
1 1 1 1
10 10 120 120
21 21 21 21
1 1 1 1
38 38 38 38
38 38 38 38
9 9 9 9
1 1 1 1
10 10 10 10
38 38 38 38
1 1 4 4
1 1 4 4
1 1 4 4
2 2 2 2
1 1 1 1
14 14 14 14
1 1 1 1
15 15 15 15
14 14 14 14
1 1 1 1
2 2 2 2
1 1 1 1
105 105 105 105
5 5 5 5
6 6 6 6
5 5 5 5
2 2 2 2
6 6 6 6
5 5 5 5
1 1 1 1
113 113 113 113
1 1 1 1
3 3 3 3
4 4 4 4
4 4 4 4
3 3 3 3
120 120 120 120
120 120 120 120
120 120 120 120
120 120 120 120
120 120 120 120
120 120 120 120
120 120 120 120
120 120 120 120
120 120 120 120
120 120 120 120
120 120 120 120
120 120 120 120
120 120 120 120
120 120 120 120
120 120 120 120
120 120 120 120
120 120 120 120
120 120 120 120
120 120 120 120
120 120 120 120
120 120 120 120
120 120 120 120
120 120 120 120
120 120 120 120
120 120 120 120
120 120 120 120
120 120 120 120
120 120 120 120
120 120 120 120
120 120 120 120
120 120 120 120
120 120 120 120
120 120 120 120
120 120 120 120
120 120 120 120
120 120 120 120
120 120 120 120
120 120 120 120
120 120 120 120
120 120 120 120
120 120 120 120

1 1 1 1
1 1 1 1
120 120 120 120
1 1 1 1
1 1 1 1
120 120 120 120
120 120 120 120
120 120 120 120
1 1 1 1
1 1 1 1
9 9 9 9
1 1 1 1
9 9 9 9
1 1 1 1
1 1 1 1
10 10 10 10
1 1 1 1
120 120 120 120
1 1 1 1
1 1 1 1
4 4 4 4
5 5 5 5
120 120 120 120
1 1 1 1
32 32 32 32
120 120 120 120
10 10 10 10
120 120 120 120
1 1 1 1
52 52 52 52
3 3 3 3
120 120 120 120
25 25 25 25
26 26 26 26
26 26 26 26
120 120 120 120
120 120 120 120
26 26 26 26
120 120 120 120
120 120 120 120
120 120 120 120
120 120 120 120
10 10 10 10
1 1 1 1
120 120 120 120
1 1 120 120
120 120 120 120
120 120 120 120
4 4 4 4
1 1 1 1
1 1 1 1
1 1 1 1
120 120 120 120
9 9 9 9
1 1 1 1
26 26 26 26
26 26 26 26
9 9 9 9
1 1 1 1
10 10 10 10
50 50 50 50
1 1 5 5
1 1 5 5
1 1 5 5
2 2 2 2
1 1 1 1
26 26 26 26
1 1 1 1
27 27 27 27
26 26 26 26
1 1 1 1
3 3 3 3
1 1 1 1
93 93 93 93
5 5 5 5
6 6 6 6
17 17 17 17
2 2 2 2
18 18 18 18
17 17 17 17
1 1 1 1
1 1 1 1
1 1 1 1
15 15 15 15
5 5 5 5
5 5 5 5
15 15 15 15
1 1 1 1
120 120 120 120
120 120 120 120
120 120 120 120
120 120 120 120
120 120 120 120
120 120 120 120
120 120 120 120
120 120 120 120
120 120 120 120
120 120 120 120
120 120 120 120
120 120 120 120
120 120 120 120
120 120 120 120
120 120 120 120
120 120 120 120
120 120 120 120
120 120 120 120
120 120 120 120
120 120 120 120
120 120 120 120
120 120 120 120
120 120 120 120
120 120 120 120
120 120 120 120
120 120 120 120
120 120 120 120
120 120 120 120
120 120 120 120
120 120 120 120
120 120 120 120
120 120 120 120
120 120 120 120
120 120 120 120
120 120 120 120
120 120 120 120
120 120 120 120
120 120 120 120
120 120 120 120
120 120 120 120

8 8 8 8
1 1 1 1
120 120 120 120
1 1 1 1
1 1 1 1
120 120 120 120
120 120 120 120
120 120 120 120
1 1 1 1
1 1 1 1
9 9 9 9
1 1 1 1
9 9 9 9
1 1 1 1
1 1 1 1
10 10 10 10
1 1 1 1
120 120 120 120
1 1 1 1
1 1 1 1
4 4 4 4
5 5 5 5
120 120 120 120
1 1 1 1
20 20 20 20
120 120 120 120
14 14 14 14
120 120 120 120
1 1 1 1
55 55 55 55
3 3 3 3
120 120 120 120
13 13 13 13
14 14 14 14
14 14 14 14
120 120 120 120
120 120 120 120
14 14 14 14
120 120 120 120
120 120 120 120
120 120 120 120
120 120 120 120
10 10 10 10
1 1 1 1
120 120 120 120
12 12 120 120
120 120 120 120
120 120 120 120
120 120 120 120
1 1 1 1
1 1 1 1
1 1 1 1
120 120 120 120
120 120 120 120
1 1 1 1
14 14 14 14
14 14 14 14
9 9 9 9
1 1 1 1
10 10 10 10
2 2 2 2
1 1 10 10
1 1 10 10
1 1 10 10
2 2 2 2
1 1 1 1
38 38 38 38
1 1 1 1
39 39 39 39
38 38 38 38
1 1 1 1
3 3 3 3
1 1 1 1
1 1 1 1
5 5 5 5
6 6 6 6
29 29 29 29
2 2 2 2
30 30 30 30
29 29 29 29
1 1 1 1
1 1 1 1
1 1 1 1
27 27 27 27
5 5 1 1
5 5 5 5
27 27 27 27
1 1 1 1
119 119 119 119
120 120 120 120
120 120 120 120
120 120 120 120
120 120 120 120
120 120 120 120
120 120 120 120
120 120 120 120
120 120 120 120
120 120 120 120
120 120 120 120
120 120 120 120
120 120 120 120
120 120 120 120
120 120 120 120
120 120 120 120
120 120 120 120
120 120 120 120
120 120 120 120
120 120 120 120
120 120 120 120
120 120 120 120
120 120 120 120
120 120 120 120
120 120 120 120
120 120 120 120
120 120 120 120
120 120 120 120
120 120 120 120
120 120 120 120
120 120 120 120
120 120 120 120
120 120 120 120
120 120 120 120
120 120 120 120
120 120 120 120
120 120 120 120
120 120 120 120
120 120 120 120
120 120 120 120

5 5 5 5
1 1 1 1
120 120 120 120
5 5 6 6
1 1 1 1
120 120 120 120
120 120 120 120
120 120 120 120
1 1 1 1
1 1 1 1
3 3 3 3
1 1 1 1
1 1 1 1
1 1 1 1
1 1 1 1
6 6 6 6
1 1 1 1
120 120 120 120
1 1 1 1
1 1 1 1
2 2 2 2
3 3 3 3
120 120 120 120
1 1 1 1
8 8 8 8
120 120 120 120
2 2 2 2
120 120 120 120
1 1 1 1
43 43 43 43
1 1 1 1
120 120 120 120
1 1 1 1
2 2 2 2
2 2 2 2
120 120 120 120
120 120 120 120
2 2 2 2
5 5 5 5
120 120 120 120
120 120 120 120
120 120 120 120
10 10 10 10
1 1 1 1
120 120 120 120
16 16 120 120
120 120 120 120
120 120 120 120
120 120 120 120
1 1 1 1
1 1 1 1
1 1 1 1
120 120 120 120
120 120 120 120
1 1 1 1
2 2 2 2
2 2 2 2
6 6 6 6
1 1 1 1
8 8 8 8
14 14 14 14
1 1 10 10
1 1 10 10
1 1 10 10
2 2 2 2
1 1 1 1
10 10 10 10
1 1 1 1
11 11 11 11
50 50 50 50
1 1 1 1
3 3 3 3
1 1 1 1
1 1 1 1
5 5 5 5
6 6 6 6
41 41 41 41
2 2 2 2
42 42 42 42
41 41 41 41
1 1 1 1
1 1 1 1
1 1 1 1
39 39 39 39
10 10 1 1
6 6 6 6
39 39 39 39
1 1 1 1
11 11 11 11
1 1 1 1
3 3 3 3
10 10 10 10
10 10 10 10
10 10 10 10
1 1 1 1
1 1 1 1
3 3 3 3
1 1 1 1
4 4 4 4
1 1 2 2
5 5 5 5
3 3 3 3
4 4 4 4
4 4 4 4
2 2 2 2
120 120 120 120
120 120 120 120
120 120 120 120
120 120 120 120
120 120 120 120
120 120 120 120
120 120 120 120
120 120 120 120
120 120 120 120
120 120 120 120
120 120 120 120
120 120 120 120
120 120 120 120
120 120 120 120
120 120 120 120
120 120 120 120
120 120 120 120
120 120 120 120
120 120 120 120
120 120 120 120
120 120 120 120
120 120 120 120
120 120 120 120

10 10 10 10
1 1 1 1
120 120 120 120
19 19 19 19
1 1 1 1
120 120 120 120
120 120 120 120
120 120 120 120
1 1 1 1
1 1 1 1
3 3 3 3
1 1 1 1
10 10 10 10
1 1 1 1
1 1 1 1
8 8 8 8
1 1 1 1
120 120 120 120
1 1 1 1
1 1 1 1
120 120 120 120
1 1 1 1
120 120 120 120
1 1 1 1
120 120 120 120
120 120 120 120
120 120 120 120
120 120 120 120
1 1 1 1
31 31 31 31
3 3 3 3
120 120 120 120
120 120 120 120
120 120 120 120
120 120 120 120
120 120 120 120
120 120 120 120
120 120 120 120
5 5 5 5
120 120 120 120
120 120 120 120
120 120 120 120
10 10 10 10
1 1 1 1
120 120 120 120
13 13 120 120
120 120 120 120
120 120 120 120
120 120 120 120
1 1 1 1
1 1 1 1
1 1 1 1
120 120 120 120
120 120 120 120
120 120 120 120
120 120 120 120
120 120 120 120
6 6 6 6
1 1 1 1
8 8 8 8
26 26 26 26
1 1 10 10
1 1 10 10
1 1 10 10
1 1 1 1
1 1 1 1
22 22 22 22
1 1 1 1
23 23 23 23
57 57 57 57
1 1 1 1
3 3 3 3
1 1 1 1
1 1 1 1
5 5 5 5
6 6 6 6
53 53 53 53
2 2 2 2
54 54 54 54
53 53 53 53
1 1 1 1
1 1 1 1
1 1 1 1
51 51 51 51
10 10 1 1
10 10 10 10
51 51 51 51
11 11 11 11
11 11 11 11
1 1 1 1
5 5 5 5
22 22 22 22
22 22 22 22
10 10 10 10
1 1 1 1
1 1 1 1
1 1 1 1
1 1 1 1
1 1 1 1
1 1 1 1
1 1 1 1
1 1 1 1
1 1 1 1
2 2 2 2
1 1 1 1
7 7 7 7
1 1 1 1
1 1 1 1
1 1 1 1
118 118 118 118
1 1 1 1
1 1 1 1
119 119 119 119
119 119 119 119
120 120 120 120
120 120 120 120
120 120 120 120
120 120 120 120
120 120 120 120
120 120 120 120
120 120 120 120
120 120 120 120
120 120 120 120
120 120 120 120
120 120 120 120
120 120 120 120
120 120 120 120
120 120 120 120

10 10 10 10
1 1 1 1
120 120 120 120
1 1 1 1
1 1 1 1
7 7 7 7
7 7 7 7
120 120 120 120
1 1 1 1
1 1 1 1
3 3 3 3
1 1 1 1
10 10 10 10
1 1 1 1
1 1 1 1
8 8 8 8
4 4 4 4
120 120 120 120
1 1 1 1
1 1 1 1
120 120 120 120
17 17 17 17
120 120 120 120
1 1 1 1
120 120 120 120
120 120 120 120
5 5 5 5
120 120 120 120
1 1 1 1
19 19 19 19
3 3 3 3
120 120 120 120
120 120 120 120
120 120 120 120
120 120 120 120
120 120 120 120
120 120 120 120
120 120 120 120
7 7 7 7
120 120 120 120
120 120 120 120
120 120 120 120
10 10 10 10
1 1 1 1
120 120 120 120
1 1 120 120
120 120 120 120
120 120 120 120
120 120 120 120
1 1 1 1
1 1 1 1
1 1 1 1
120 120 120 120
120 120 120 120
120 120 120 120
120 120 120 120
9 9 9 9
6 6 6 6
1 1 1 1
8 8 8 8
21 21 21 21
1 1 10 10
1 1 10 10
1 1 10 10
1 1 1 1
1 1 1 1
34 34 34 34
1 1 1 1
7 7 7 7
45 45 45 45
1 1 1 1
3 3 3 3
1 1 1 1
1 1 1 1
5 5 5 5
6 6 6 6
53 53 53 53
2 2 2 2
53 53 53 53
53 53 53 53
1 1 1 1
1 1 1 1
1 1 1 1
53 53 53 53
10 10 1 1
10 10 10 10
55 55 55 55
11 11 11 11
2 2 2 2
1 1 1 1
5 5 5 5
34 34 34 34
34 34 34 34
9 9 9 9
1 1 1 1
1 1 1 1
1 1 1 1
1 1 1 1
1 1 1 1
1 1 1 1
1 1 1 1
1 1 1 1
2 2 2 2
2 2 2 2
1 1 1 1
7 7 7 7
1 1 1 1
1 1 1 1
1 1 1 1
1 1 1 1
13 13 13 13
1 1 1 1
11 11 11 11
12 12 12 12
1 1 1 1
1 1 1 1
120 120 120 120
120 120 120 120
120 120 120 120
120 120 120 120
120 120 120 120
120 120 120 120
120 120 120 120
120 120 120 120
120 120 120 120
120 120 120 120
120 120 120 120
120 120 120 120

10 10 10 10
1 1 1 1
120 120 120 120
1 1 1 1
1 1 1 1
7 7 7 7
7 7 7 7
120 120 120 120
1 1 1 1
1 1 1 1
1 1 1 1
1 1 1 1
120 120 120 120
1 1 1 1
1 1 1 1
7 7 7 7
4 4 4 4
120 120 120 120
1 1 1 1
1 1 1 1
7 7 7 7
5 5 5 5
120 120 120 120
1 1 1 1
120 120 120 120
120 120 120 120
17 17 17 17
120 120 120 120
1 1 1 1
7 7 7 7
3 3 3 3
120 120 120 120
120 120 120 120
120 120 120 120
120 120 120 120
120 120 120 120
120 120 120 120
120 120 120 120
7 7 7 7
120 120 120 120
120 120 120 120
120 120 120 120
10 10 10 10
1 1 1 1
120 120 120 120
16 16 120 120
120 120 120 120
120 120 120 120
120 120 120 120
1 1 1 1
1 1 1 1
1 1 1 1
120 120 120 120
120 120 120 120
120 120 120 120
120 120 120 120
9 9 9 9
4 4 4 4
1 1 1 1
7 7 7 7
9 9 9 9
1 1 10 10
1 1 10 10
1 1 10 10
1 1 1 1
1 1 1 1
32 32 32 32
1 1 1 1
19 19 19 19
33 33 33 33
1 1 1 1
3 3 3 3
1 1 1 1
1 1 1 1
5 5 5 5
6 6 6 6
41 41 41 41
2 2 2 2
41 41 41 41
41 41 41 41
1 1 1 1
1 1 1 1
1 1 1 1
41 41 41 41
10 10 1 1
10 10 10 10
43 43 43 43
11 11 11 11
9 9 9 9
1 1 1 1
5 5 5 5
46 46 46 46
46 46 46 46
9 9 9 9
1 1 1 1
1 1 1 1
1 1 1 1
1 1 1 1
1 1 1 1
1 1 1 1
1 1 1 1
2 2 2 2
2 2 2 2
2 2 2 2
1 1 1 1
8 8 8 8
1 1 1 1
1 1 1 1
1 1 1 1
1 1 1 1
25 25 25 25
1 1 1 1
1 1 1 1
24 24 24 24
1 1 1 1
1 1 1 1
7 7 7 7
120 120 120 120
120 120 120 120
120 120 120 120
120 120 120 120
120 120 120 120
120 120 120 120
120 120 120 120
120 120 120 120
120 120 120 120
120 120 120 120
120 120 120 120

5 5 5 5
1 1 1 1
120 120 120 120
1 1 1 1
1 1 1 1
7 7 7 7
8 8 8 8
120 120 120 120
1 1 1 1
1 1 1 1
120 120 120 120
1 1 1 1
120 120 120 120
2 2 2 2
1 1 1 1
120 120 120 120
4 4 4 4
120 120 120 120
1 1 1 1
1 1 1 1
7 7 7 7
5 5 5 5
120 120 120 120
1 1 1 1
120 120 120 120
120 120 120 120
29 29 29 29
120 120 120 120
1 1 1 1
120 120 120 120
3 3 3 3
120 120 120 120
120 120 120 120
120 120 120 120
120 120 120 120
120 120 120 120
120 120 120 120
120 120 120 120
7 7 7 7
120 120 120 120
120 120 120 120
120 120 120 120
10 10 10 10
5 5 5 5
120 120 120 120
16 16 120 120
120 120 120 120
2 2 2 2
120 120 120 120
1 1 1 1
7 7 7 7
1 1 1 1
120 120 120 120
120 120 120 120
120 120 120 120
120 120 120 120
9 9 9 9
120 120 120 120
1 1 1 1
120 120 120 120
57 57 57 57
1 1 8 8
1 1 8 8
1 1 8 8
1 1 1 1
1 1 1 1
20 20 20 20
1 1 1 1
20 20 20 20
21 21 21 21
1 1 1 1
3 3 3 3
1 1 1 1
1 1 1 1
5 5 5 5
6 6 6 6
29 29 29 29
2 2 2 2
29 29 29 29
29 29 29 29
1 1 1 1
1 1 1 1
1 1 1 1
29 29 29 29
10 10 1 1
10 10 10 10
31 31 31 31
11 11 11 11
9 9 9 9
1 1 1 1
5 5 5 5
58 58 58 58
58 58 58 58
9 9 9 9
1 1 1 1
1 1 1 1
1 1 1 1
1 1 1 1
1 1 1 1
1 1 1 1
1 1 1 1
3 3 3 3
2 2 2 2
2 2 2 2
1 1 1 1
9 9 9 9
1 1 1 1
1 1 1 1
3 3 3 3
1 1 1 1
37 37 37 37
2 2 2 2
2 2 2 2
36 36 36 36
1 1 1 1
1 1 1 1
7 7 7 7
120 120 120 120
120 120 120 120
120 120 120 120
120 120 120 120
120 120 120 120
120 120 120 120
120 120 120 120
120 120 120 120
120 120 120 120
120 120 120 120
120 120 120 120

5 5 5 5
1 1 1 1
120 120 120 120
1 1 1 1
1 1 1 1
9 9 9 9
9 9 9 9
120 120 120 120
1 1 1 1
1 1 1 1
120 120 120 120
1 1 1 1
1 1 1 1
2 2 2 2
1 1 1 1
120 120 120 120
2 2 2 2
120 120 120 120
1 1 1 1
1 1 1 1
7 7 7 7
1 1 1 1
120 120 120 120
1 1 1 1
120 120 120 120
120 120 120 120
39 39 39 39
120 120 120 120
1 1 1 1
120 120 120 120
3 3 3 3
119 119 119 119
118 118 118 118
118 118 118 118
1 1 1 1
120 120 120 120
120 120 120 120
118 118 118 118
7 7 7 7
120 120 120 120
120 120 120 120
120 120 120 120
10 10 10 10
5 5 5 5
120 120 120 120
16 16 120 120
120 120 120 120
14 14 14 14
120 120 120 120
1 1 1 1
7 7 7 7
1 1 1 1
120 120 120 120
120 120 120 120
120 120 120 120
119 119 119 119
9 9 9 9
120 120 120 120
1 1 1 1
120 120 120 120
45 45 45 45
6 6 7 7
6 6 7 7
6 6 7 7
1 1 1 1
1 1 1 1
8 8 8 8
1 1 1 1
8 8 8 8
9 9 9 9
1 1 1 1
3 3 3 3
1 1 1 1
1 1 1 1
5 5 5 5
6 6 6 6
17 17 17 17
2 2 2 2
17 17 17 17
17 17 17 17
1 1 1 1
1 1 1 1
1 1 1 1
17 17 17 17
10 10 1 1
10 10 10 10
19 19 19 19
11 11 11 11
9 9 9 9
1 1 1 1
5 5 5 5
49 49 49 49
49 49 49 49
9 9 9 9
1 1 1 1
1 1 1 1
1 1 1 1
1 1 1 1
1 1 1 1
1 1 1 1
1 1 1 1
3 3 3 3
2 2 2 2
2 2 2 2
1 1 1 1
10 10 10 10
1 1 1 1
1 1 1 1
9 9 9 9
1 1 1 1
49 49 49 49
10 10 10 10
10 10 10 10
48 48 48 48
1 1 1 1
1 1 1 1
7 7 7 7
1 1 1 1
1 1 1 1
1 1 1 1
118 118 118 118
119 119 119 119
119 119 119 119
120 120 120 120
120 120 120 120
120 120 120 120
120 120 120 120
120 120 120 120

4 4 4 4
1 1 1 1
120 120 120 120
1 1 1 1
1 1 1 1
9 9 9 9
10 10 10 10
120 120 120 120
1 1 1 1
1 1 1 1
120 120 120 120
1 1 1 1
1 1 1 1
3 3 3 3
1 1 1 1
120 120 120 120
2 2 2 2
120 120 120 120
1 1 1 1
1 1 1 1
9 9 9 9
29 29 29 29
120 120 120 120
1 1 1 1
120 120 120 120
120 120 120 120
12 12 12 12
120 120 120 120
1 1 1 1
120 120 120 120
1 1 1 1
1 1 1 1
12 12 12 12
11 11 11 11
1 1 1 1
120 120 120 120
120 120 120 120
1 1 1 1
1 1 1 1
120 120 120 120
120 120 120 120
120 120 120 120
1 1 1 1
3 3 3 3
120 120 120 120
5 5 120 120
120 120 120 120
26 26 26 26
120 120 120 120
1 1 1 1
7 7 7 7
120 120 120 120
120 120 120 120
120 120 120 120
120 120 120 120
12 12 12 12
8 8 8 8
120 120 120 120
1 1 1 1
120 120 120 120
33 33 33 33
7 7 7 7
7 7 7 7
7 7 7 7
1 1 1 1
1 1 1 1
36 36 36 36
10 10 10 10
27 27 27 27
120 120 120 120
1 1 1 1
3 3 3 3
1 1 1 1
1 1 1 1
4 4 4 4
5 5 5 5
5 5 5 5
2 2 2 2
5 5 5 5
5 5 5 5
1 1 1 1
1 1 1 1
1 1 1 1
5 5 5 5
7 7 1 1
7 7 7 7
7 7 7 7
11 11 11 11
9 9 9 9
1 1 1 1
5 5 5 5
37 37 37 37
37 37 37 37
9 9 9 9
1 1 1 1
1 1 1 1
1 1 1 1
1 1 1 1
1 1 1 1
1 1 1 1
1 1 1 1
3 3 3 3
2 2 2 2
2 2 2 2
1 1 1 1
10 10 10 10
1 1 1 1
1 1 1 1
9 9 9 9
1 1 1 1
58 58 58 58
10 10 10 10
10 10 10 10
59 59 59 59
1 1 1 1
1 1 1 1
1 1 1 1
2 2 2 2
2 2 2 2
2 2 2 2
11 11 11 11
12 12 12 12
12 12 12 12
1 1 1 1
4 4 2 2
2 2 2 2
120 120 120 120
120 120 120 120

3 3 3 3
1 1 1 1
120 120 120 120
1 1 1 1
1 1 1 1
9 9 9 9
10 10 10 10
120 120 120 120
1 1 1 1
1 1 1 1
120 120 120 120
1 1 1 1
1 1 1 1
2 2 2 2
1 1 1 1
120 120 120 120
4 4 4 4
120 120 120 120
1 1 1 1
1 1 1 1
9 9 9 9
18 18 18 18
120 120 120 120
1 1 1 1
120 120 120 120
120 120 120 120
24 24 24 24
120 120 120 120
1 1 1 1
120 120 120 120
1 1 1 1
1 1 1 1
24 24 24 24
23 23 23 23
1 1 1 1
120 120 120 120
120 120 120 120
1 1 1 1
1 1 1 1
120 120 120 120
120 120 120 120
119 119 119 119
10 10 10 10
2 2 2 2
120 120 120 120
10 10 120 120
120 120 120 120
38 38 38 38
120 120 120 120
3 3 3 3
5 5 5 5
120 120 120 120
120 120 120 120
120 120 120 120
120 120 120 120
24 24 24 24
9 9 9 9
120 120 120 120
1 1 1 1
120 120 120 120
21 21 21 21
6 6 6 6
6 6 6 6
6 6 6 6
1 1 1 1
1 1 1 1
24 24 24 24
10 10 10 10
24 24 24 24
120 120 120 120
3 3 3 3
1 1 1 1
1 1 1 1
1 1 1 1
120 120 120 120
120 120 120 120
120 120 120 120
8 8 8 8
120 120 120 120
120 120 120 120
1 1 1 1
1 1 1 1
1 1 1 1
120 120 120 120
6 6 1 1
6 6 6 6
120 120 120 120
10 10 10 10
9 9 9 9
1 1 1 1
5 5 5 5
25 25 25 25
25 25 25 25
9 9 9 9
1 1 1 1
1 1 1 1
1 1 1 1
1 1 1 1
1 1 1 1
1 1 1 1
1 1 1 1
3 3 3 3
2 2 2 2
2 2 2 2
1 1 1 1
10 10 10 10
1 1 1 1
1 1 1 1
9 9 9 9
1 1 1 1
46 46 46 46
10 10 10 10
10 10 10 10
47 47 47 47
1 1 1 1
1 1 1 1
1 1 1 1
2 2 2 2
2 2 2 2
2 2 2 2
23 23 23 23
24 24 24 24
24 24 24 24
1 1 1 1
4 4 2 2
5 5 5 5
120 120 120 120
120 120 120 120

120 120 120 120
1 1 1 1
120 120 120 120
1 1 1 1
1 1 1 1
9 9 9 9
10 10 10 10
120 120 120 120
1 1 1 1
1 1 1 1
120 120 120 120
1 1 1 1
1 1 1 1
1 1 1 1
1 1 1 1
120 120 120 120
4 4 4 4
120 120 120 120
2 2 2 2
1 1 1 1
9 9 9 9
6 6 6 6
120 120 120 120
2 2 2 2
120 120 120 120
120 120 120 120
36 36 36 36
120 120 120 120
1 1 1 1
120 120 120 120
1 1 1 1
2 2 2 2
36 36 36 36
35 35 35 35
1 1 1 1
120 120 120 120
120 120 120 120
1 1 1 1
1 1 1 1
120 120 120 120
120 120 120 120
1 1 1 1
10 10 10 10
7 7 7 7
120 120 120 120
36 36 120 120
120 120 120 120
50 50 50 50
120 120 120 120
2 2 2 2
120 120 120 120
120 120 120 120
120 120 120 120
120 120 120 120
120 120 120 120
36 36 36 36
9 9 9 9
120 120 120 120
1 1 1 1
120 120 120 120
9 9 9 9
120 120 120 120
120 120 120 120
120 120 120 120
1 1 1 1
1 1 1 1
12 12 12 12
10 10 10 10
12 12 12 12
120 120 120 120
3 3 3 3
120 120 120 120
1 1 1 1
1 1 1 1
120 120 120 120
120 120 120 120
120 120 120 120
7 7 7 7
120 120 120 120
120 120 120 120
120 120 120 120
120 120 120 120
1 1 1 1
120 120 120 120
6 6 1 1
6 6 6 6
120 120 120 120
10 10 10 10
9 9 9 9
1 1 1 1
5 5 5 5
13 13 13 13
13 13 13 13
9 9 9 9
1 1 1 1
1 1 1 1
1 1 1 1
1 1 1 1
1 1 1 1
1 1 1 1
1 1 1 1
3 3 3 3
2 2 2 2
2 2 2 2
1 1 1 1
10 10 10 10
1 1 1 1
1 1 1 1
9 9 9 9
1 1 1 1
34 34 34 34
10 10 10 10
10 10 10 10
35 35 35 35
1 1 1 1
1 1 1 1
1 1 1 1
3 3 3 3
2 2 2 2
2 2 2 2
35 35 35 35
36 36 36 36
36 36 36 36
1 1 1 1
4 4 2 2
5 5 5 5
1 1 1 1
120 120 120 120

