2 104 0 0 0 0 2 2
14 7160 0 0 0 0 2 2
216 14758 1620 2067341 1 1 1 1
3 164 3 176 1 1 1 1
2 109 2 105 1 1 1 1
1 41 1 52 1 1 1 1
6 494 7 607 1 1 1 1
3 884 4 250 1 1 1 1
0 0 0 0 2 2 2 2
0 0 0 0 2 2 2 2
0 0 0 0 2 2 2 2
0 0 0 0 2 2 2 2
0 0 0 0 2 2 2 2
0 0 0 0 2 2 2 2
0 0 0 0 2 2 2 2
0 0 0 0 2 2 2 2
0 0 0 0 2 2 2 2
0 0 0 0 2 2 2 2
0 0 0 0 2 2 2 2
0 0 0 0 2 2 2 2
0 0 0 0 2 2 2 2
0 0 0 0 2 2 2 2
0 0 0 0 2 2 2 2

1 52 0 0 1 1 2 2
12 6170 0 0 0 0 2 2
0 0 0 0 2 2 2 2
0 0 0 0 2 2 2 2
2 109 2 105 1 1 1 1
1 41 1 52 1 1 1 1
10 829 11 1298 0 0 0 0
3 884 4 250 1 1 1 1
1 41 1 52 1 1 1 1
2 142 0 0 1 1 2 2
2 122 2 188 1 1 1 1
9 5097 11 7679 1 1 1 1
8 2364 6 548 1 1 1 1
1 76 1 208 1 1 1 1
1 52 0 0 1 1 2 2
0 0 0 0 2 2 2 2
0 0 0 0 2 2 2 2
0 0 0 0 2 2 2 2
0 0 0 0 2 2 2 2
0 0 0 0 2 2 2 2
0 0 0 0 2 2 2 2
0 0 0 0 2 2 2 2
0 0 0 0 2 2 2 2

0 0 0 0 2 2 2 2
4 2095 0 0 1 1 2 2
213 14800 1641 2091973 1 1 1 1
2 112 2 108 1 1 1 1
2 109 2 105 1 1 1 1
0 0 0 0 2 2 2 2
5 375 5 794 0 0 0 0
0 0 0 0 2 2 2 2
1 41 1 52 1 1 1 1
2 142 0 0 1 1 2 2
2 122 2 188 1 1 1 1
9 5097 11 7679 1 1 1 1
8 2364 6 548 1 1 1 1
1 76 1 208 1 1 1 1
3 156 0 0 0 0 2 2
63 4883 420 531955 1 1 1 1
2 134 2 113 1 1 1 1
0 0 0 0 2 2 2 2
0 0 0 0 2 2 2 2
0 0 0 0 2 2 2 2
0 0 0 0 2 2 2 2
0 0 0 0 2 2 2 2
0 0 0 0 2 2 2 2

0 0 0 0 2 2 2 2
0 0 0 0 2 2 2 2
213 14800 1641 2091973 1 1 1 1
2 112 2 108 1 1 1 1
2 109 2 105 1 1 1 1
0 0 0 0 2 2 2 2
14 6063 16 964 0 0 0 0
0 0 0 0 2 2 2 2
0 0 0 0 2 2 2 2
0 0 0 0 2 2 2 2
2 156 2 469 1 1 1 1
0 0 0 0 2 2 2 2
0 0 0 0 2 2 2 2
0 0 0 0 2 2 2 2
3 156 0 0 0 0 2 2
63 4883 420 531955 1 1 1 1
3 174 3 265 0 0 0 0
17 6994 15 7532 1 1 1 1
0 0 0 0 2 2 2 2
0 0 0 0 2 2 2 2
0 0 0 0 2 2 2 2
0 0 0 0 2 2 2 2
0 0 0 0 2 2 2 2

0 0 0 0 2 2 2 2
0 0 0 0 2 2 2 2
0 0 0 0 2 2 2 2
0 0 0 0 2 2 2 2
2 109 2 105 1 1 1 1
0 0 0 0 2 2 2 2
19 6559 24 1617 0 0 0 0
0 0 0 0 2 2 2 2
1 70 2 106 1 1 1 1
0 0 0 0 2 2 2 2
2 156 2 469 1 1 1 1
0 0 0 0 2 2 2 2
0 0 0 0 2 2 2 2
1 65 1 147 1 1 1 1
2 104 0 0 0 0 2 2
0 0 0 0 2 2 2 2
3 120 4 680 0 0 0 0
17 6994 15 7532 1 1 1 1
10 1673 14 7277 1 1 1 1
0 0 0 0 2 2 2 2
0 0 0 0 2 2 2 2
0 0 0 0 2 2 2 2
0 0 0 0 2 2 2 2

0 0 0 0 2 2 2 2
0 0 0 0 2 2 2 2
223 15196 1647 2099581 1 1 1 1
0 0 0 0 2 2 2 2
0 0 0 0 2 2 2 2
0 0 0 0 2 2 2 2
11 2775 14 1123 0 0 0 0
9 2531 9 515 1 1 1 1
1 70 2 106 1 1 1 1
0 0 0 0 2 2 2 2
1 66 1 247 1 1 1 1
0 0 0 0 2 2 2 2
0 0 0 0 2 2 2 2
4 249 4 1020 0 0 0 0
1 52 0 0 1 1 2 2
0 0 0 0 2 2 2 2
2 80 3 528 1 1 1 1
2 80 1 40 1 1 1 1
10 1673 14 7277 1 1 1 1
2 149 2 151 1 1 1 1
25 3343 38 40918 1 1 1 1
16 2488 15 8007 1 1 1 1
37 9206 36 17101 1 1 1 1

