1 52 0 0 0 0 2 2
6 3085 0 0 0 0 2 2
0 0 0 0 1 1 1 1
0 0 0 0 1 1 1 1
0 0 0 0 1 1 1 1
0 0 0 0 1 1 1 1
0 0 0 0 1 1 1 1
0 0 0 0 1 1 1 1
0 0 0 0 2 2 2 2
0 0 0 0 2 2 2 2
0 0 0 0 2 2 2 2
0 0 0 0 2 2 2 2
0 0 0 0 2 2 2 2
0 0 0 0 2 2 2 2
0 0 0 0 2 2 2 2
0 0 0 0 2 2 2 2
0 0 0 0 2 2 2 2
0 0 0 0 2 2 2 2
0 0 0 0 2 2 2 2
0 0 0 0 2 2 2 2
0 0 0 0 2 2 2 2
0 0 0 0 2 2 2 2
0 0 0 0 2 2 2 2

0 0 0 0 1 1 2 2
4 2095 0 0 0 0 2 2
0 0 0 0 2 2 2 2
0 0 0 0 2 2 2 2
0 0 0 0 1 1 1 1
0 0 0 0 1 1 1 1
4 335 4 607 0 0 0 0
0 0 0 0 1 1 1 1
0 0 0 0 1 1 1 1
0 0 0 0 1 1 2 2
0 0 0 0 1 1 1 1
0 0 0 0 1 1 1 1
0 0 0 0 1 1 1 1
0 0 0 0 1 1 1 1
0 0 0 0 1 1 2 2
0 0 0 0 2 2 2 2
0 0 0 0 2 2 2 2
0 0 0 0 2 2 2 2
0 0 0 0 2 2 2 2
0 0 0 0 2 2 2 2
0 0 0 0 2 2 2 2
0 0 0 0 2 2 2 2
0 0 0 0 2 2 2 2

0 0 0 0 2 2 2 2
0 0 0 0 1 1 2 2
0 0 0 0 1 1 1 1
0 0 0 0 1 1 1 1
0 0 0 0 1 1 1 1
0 0 0 0 2 2 2 2
1 40 1 103 0 0 0 0
0 0 0 0 2 2 2 2
0 0 0 0 1 1 1 1
0 0 0 0 1 1 2 2
0 0 0 0 1 1 1 1
0 0 0 0 1 1 1 1
0 0 0 0 1 1 1 1
0 0 0 0 1 1 1 1
1 52 0 0 0 0 2 2
0 0 0 0 1 1 1 1
0 0 0 0 1 1 1 1
0 0 0 0 2 2 2 2
0 0 0 0 2 2 2 2
0 0 0 0 2 2 2 2
0 0 0 0 2 2 2 2
0 0 0 0 2 2 2 2
0 0 0 0 2 2 2 2

0 0 0 0 2 2 2 2
0 0 0 0 2 2 2 2
0 0 0 0 1 1 1 1
0 0 0 0 1 1 1 1
0 0 0 0 1 1 1 1
0 0 0 0 2 2 2 2
1 40 1 103 0 0 0 0
0 0 0 0 2 2 2 2
0 0 0 0 2 2 2 2
0 0 0 0 2 2 2 2
0 0 0 0 1 1 1 1
0 0 0 0 2 2 2 2
0 0 0 0 2 2 2 2
0 0 0 0 2 2 2 2
1 52 0 0 0 0 2 2
0 0 0 0 1 1 1 1
1 40 1 113 0 0 0 0
0 0 0 0 1 1 1 1
0 0 0 0 2 2 2 2
0 0 0 0 2 2 2 2
0 0 0 0 2 2 2 2
0 0 0 0 2 2 2 2
0 0 0 0 2 2 2 2

0 0 0 0 2 2 2 2
0 0 0 0 2 2 2 2
0 0 0 0 2 2 2 2
0 0 0 0 2 2 2 2
0 0 0 0 1 1 1 1
0 0 0 0 2 2 2 2
6 536 9 756 0 0 0 0
0 0 0 0 2 2 2 2
0 0 0 0 1 1 1 1
0 0 0 0 2 2 2 2
0 0 0 0 1 1 1 1
0 0 0 0 2 2 2 2
0 0 0 0 2 2 2 2
0 0 0 0 1 1 1 1
1 52 0 0 0 0 2 2
0 0 0 0 2 2 2 2
1 40 1 152 0 0 0 0
0 0 0 0 1 1 1 1
0 0 0 0 1 1 1 1
0 0 0 0 2 2 2 2
0 0 0 0 2 2 2 2
0 0 0 0 2 2 2 2
0 0 0 0 2 2 2 2

0 0 0 0 2 2 2 2
0 0 0 0 2 2 2 2
0 0 0 0 1 1 1 1
0 0 0 0 2 2 2 2
0 0 0 0 2 2 2 2
0 0 0 0 2 2 2 2
5 536 5 367 0 0 0 0
0 0 0 0 1 1 1 1
0 0 0 0 1 1 1 1
0 0 0 0 2 2 2 2
0 0 0 0 1 1 1 1
0 0 0 0 2 2 2 2
0 0 0 0 2 2 2 2
1 65 1 147 0 0 0 0
0 0 0 0 1 1 2 2
0 0 0 0 2 2 2 2
0 0 0 0 1 1 1 1
0 0 0 0 1 1 1 1
0 0 0 0 1 1 1 1
0 0 0 0 1 1 1 1
0 0 0 0 1 1 1 1
0 0 0 0 1 1 1 1
0 0 0 0 1 1 1 1

