19 2731 2 84
75 32146 0 0
8908 621859 65865 83968961
77 4162 81 5011
105 28265 104 5563
16 665 15 1842
509 111880 593 173227
47 16788 52 11597
31 3490 41 5656
9 444 0 0
69 4983 65 10685
30 11266 34 23302
63 26288 51 4504
59 4002 55 9578
20 1040 0 0
1941 187566 8754 11050272
130 6456 163 16017
19 7074 16 7572
61 9808 84 43116
53 4100 49 3734
29 3503 42 41133
16 2488 15 8007
39 9286 39 17252
5 160 0 0
10 520 0 0
5 302 4 365
42 19006 53 27820
11 1011 13 6220
16 2098 19 14080
63 25353 65 15641
19 10298 15 5700
19 1784 22 12514
51 10504 49 30933
24 6689 17 8224
24 2055 55 69720
7 564 5 1630
70 12393 65 24552
315 27563 1352 1660520
60 22763 68 8996
71 31212 63 30175
39 4360 43 15972
59 21670 47 22737
21 6370 19 11178
72 16163 70 31009
11 2586 12 5037
10 3842 15 13900
21 3188 16 7628
53 18629 47 22821
21 13213 20 9824
11 1542 10 3769
1 229 0 0
27 4793 33 4645
49 11870 39 15635
40 34519 29 10815
43 6069 74 88090
13 2928 9 3595
7 964 1 52
35 13215 34 25722
0 0 0 0
0 0 0 0
0 0 0 0
0 0 0 0
0 0 0 0
0 0 0 0
0 0 0 0
0 0 0 0
0 0 0 0
0 0 0 0
0 0 0 0
0 0 0 0
0 0 0 0
0 0 0 0
0 0 0 0
0 0 0 0
0 0 0 0
0 0 0 0

12 2367 2 84
56 22859 0 0
9047 637002 65914 84023127
78 4190 83 5183
107 30260 107 5733
16 664 15 2196
466 98126 536 168070
32 12489 35 10580
33 3627 41 5667
8 412 0 0
62 4469 58 9433
21 6169 23 15623
41 18924 32 2820
77 5238 73 12369
15 780 0 0
1953 188326 8745 11041312
136 6732 171 16544
0 0 0 0
167 28343 223 106151
58 4450 54 4147
4 160 4 215
0 0 0 0
2 80 3 151
4 128 0 0
7 364 0 0
4 261 3 313
55 26069 69 37606
11 1011 13 6220
16 2098 19 14080
63 25353 65 15641
19 10298 15 5700
34 4566 42 26706
60 12408 60 37739
24 6689 17 8224
24 2055 55 69720
7 564 5 1630
70 12393 65 24552
315 27563 1352 1660520
60 22763 68 8996
71 31212 63 30175
149 81915 129 36975
59 21670 47 22737
21 6370 19 11178
138 40419 137 53497
11 2586 12 5037
32 10172 36 28535
21 3188 16 7628
53 18629 47 22821
21 13213 20 9824
11 1542 10 3769
1 229 0 0
27 4793 33 4645
74 15311 62 23305
40 34519 29 10815
43 6069 74 88090
13 2928 9 3595
7 964 1 52
43 15397 43 26273
31 11182 25 14651
60 12186 77 59878
14 1836 18 9324
25 4029 29 7373
18 4377 15 5697
110 19923 95 55995
0 0 0 0
0 0 0 0
0 0 0 0
0 0 0 0
0 0 0 0
0 0 0 0
0 0 0 0
0 0 0 0
0 0 0 0
0 0 0 0
0 0 0 0
0 0 0 0

1 52 0 0
61 25627 0 0
9303 662275 65436 83398049
86 4710 93 5867
120 37613 118 6466
18 755 17 3362
442 90626 506 163892
21 8416 22 9773
33 3626 40 5614
9 444 0 0
60 4343 56 9076
21 6169 23 15623
16 6352 12 1096
76 5185 72 12050
10 520 0 0
1939 183169 8692 10972229
136 6636 172 16904
0 0 0 0
184 31041 249 119761
61 4720 55 4258
4 160 4 215
0 0 0 0
2 80 3 151
5 160 0 0
5 260 0 0
4 261 3 313
36 19461 46 24477
3 151 3 120
0 0 0 0
63 25353 65 15641
19 10298 15 5700
97 17926 116 76959
60 12408 60 37739
24 6689 17 8224
24 2055 55 69720
7 564 5 1630
70 12393 65 24552
315 27563 1352 1660520
60 22763 68 8996
92 46135 78 37121
211 94602 175 57863
59 21670 47 22737
21 6370 19 11178
165 52142 159 61043
11 2586 12 5037
32 10172 36 28535
21 3188 16 7628
53 18629 47 22821
21 13213 20 9824
11 1542 10 3769
1 229 0 0
27 4793 33 4645
74 15311 62 23305
40 34519 29 10815
43 6069 74 88090
13 2928 10 3635
7 964 1 52
61 21864 60 27329
31 11182 25 14651
108 23605 128 99552
14 1836 18 9324
25 4029 29 7373
54 11654 43 16133
110 19923 95 55995
15 5937 18 7198
22 4748 21 13064
0 0 0 0
0 0 0 0
0 0 0 0
0 0 0 0
0 0 0 0
0 0 0 0
0 0 0 0
0 0 0 0
0 0 0 0
0 0 0 0

0 0 0 0
57 22891 0 0
9237 696984 60101 76586107
97 5374 100 6292
128 36397 122 6651
19 796 16 3310
463 92626 527 166260
21 8416 22 9773
33 3625 39 5561
9 444 0 0
67 4770 56 8983
21 6169 23 15623
0 0 0 0
82 5538 76 12282
1 52 0 0
1744 163286 7807 9855649
157 7740 195 19144
0 0 0 0
184 31041 249 119761
65 5099 56 4369
0 0 0 0
0 0 0 0
0 0 0 0
5 160 0 0
0 0 0 0
4 261 3 313
36 19461 46 24477
3 151 3 120
0 0 0 0
31 11578 33 4443
0 0 0 0
144 20962 136 83256
60 12408 60 37739
24 6689 17 8224
24 2055 55 69720
7 564 5 1630
70 12393 65 24552
315 27563 1352 1660520
60 22763 68 8996
92 46135 78 37121
272 116662 204 73675
59 21670 47 22737
21 6370 19 11178
165 52142 159 61043
11 2586 12 5037
32 10172 36 28535
50 8357 34 15231
53 18629 47 22821
21 13213 20 9824
11 1542 10 3769
1 229 0 0
27 4793 33 4645
74 15311 62 23305
40 34519 29 10815
43 6069 74 88090
13 2928 10 3635
7 964 1 52
255 92317 187 105158
31 11182 25 14651
202 52074 189 130279
14 1836 18 9324
25 4029 29 7373
54 11654 43 16133
110 19923 95 55995
15 5937 18 7198
22 4748 21 13064
46 13005 34 17018
13 5210 4 208
0 0 0 0
0 0 0 0
0 0 0 0
0 0 0 0
0 0 0 0
0 0 0 0
0 0 0 0
0 0 0 0

0 0 0 0
58 22923 0 0
8719 676976 53994 68775082
107 6038 105 6614
151 43328 130 7196
18 755 15 3258
439 80099 502 161363
21 8416 22 9773
51 4648 48 6116
8 412 0 0
85 6054 65 10496
21 6169 23 15623
0 0 0 0
99 6801 79 12746
0 0 0 0
1600 172020 6951 8763554
167 8368 201 20215
0 0 0 0
184 31041 249 119761
76 6208 57 4622
0 0 0 0
0 0 0 0
0 0 0 0
4 128 0 0
0 0 0 0
16 1005 10 1625
50 27545 46 24477
3 151 3 120
0 0 0 0
15 4306 17 1053
0 0 0 0
161 21846 175 86827
78 14282 70 44695
24 6689 17 8224
24 2055 55 69720
7 564 5 1630
89 20747 71 27653
315 27563 1352 1660520
60 22763 68 8996
109 48507 88 42078
337 136187 236 84364
59 21670 47 22737
21 6370 19 11178
165 52142 159 61043
11 2586 12 5037
32 10172 36 28535
59 8718 40 15471
53 18629 47 22821
21 13213 20 9824
11 1542 10 3769
1 229 0 0
27 4793 33 4645
74 15311 62 23305
40 34519 29 10815
43 6069 74 88090
13 2928 10 3635
7 964 1 52
275 99382 197 112571
31 11182 25 14651
220 53512 207 137457
14 1836 18 9324
25 4029 29 7373
54 11654 43 16133
110 19923 95 55995
15 5937 18 7198
22 4748 21 13064
49 13137 41 18288
15 5889 4 208
60 31329 34 18067
82 26447 34 22390
13 2311 5 3108
8 2118 7 3463
0 0 0 0
0 0 0 0
0 0 0 0
0 0 0 0

0 0 0 0
75 32146 0 0
7747 616406 45819 58350682
128 7362 112 7206
175 48655 140 7898
18 755 14 3206
321 70304 280 74746
21 8416 22 9773
49 4537 46 6022
7 380 0 0
90 6267 55 8581
21 6169 23 15623
0 0 0 0
120 8144 78 12596
0 0 0 0
1502 189283 6188 7791751
164 8420 194 19809
0 0 0 0
184 31041 249 119761
117 25106 71 16249
0 0 0 0
0 0 0 0
0 0 0 0
3 96 0 0
0 0 0 0
15 964 9 1573
97 51627 56 27252
0 0 0 0
0 0 0 0
0 0 0 0
0 0 0 0
163 21938 177 88210
66 11401 59 37582
0 0 0 0
0 0 0 0
0 0 0 0
81 23032 62 23250
302 22528 1336 1650268
60 22763 68 8996
114 48779 94 42390
337 136187 236 84364
59 21670 47 22737
21 6370 19 11178
165 52142 159 61043
11 2586 12 5037
32 10172 36 28535
60 8758 41 15511
53 18629 47 22821
21 13213 20 9824
11 1542 10 3769
1 229 0 0
27 4793 33 4645
74 15311 62 23305
40 34519 29 10815
43 6069 74 88090
13 2928 10 3635
7 964 1 52
275 99382 197 112571
31 11182 25 14651
220 53512 208 137521
14 1836 18 9324
25 4029 29 7373
54 11654 43 16133
110 19923 95 55995
15 5937 18 7198
22 4748 21 13064
49 13137 41 18288
15 5889 4 208
122 80335 55 25831
118 34779 60 42123
54 18398 28 17866
17 2509 16 5256
21 15463 5 4286
40 16017 22 9299
0 0 0 0
0 0 0 0

