0.001389904901243599 0.0018955865663923817 2.547673337324688e-05 8.605090984905113e-07
0.005486466715435259 0.022312532319022152 0.0 0.0
0.6516459400146306 0.4316322103955328 0.839012521814453 0.8601911301344631
0.005632772494513533 0.0028888433867905864 0.0010318077016164987 5.133346538733277e-05
0.007681053401609363 0.01961873097732723 0.001324790135408838 5.6988239463127554e-05
0.0011704462326261888 0.00046157637006625184 0.0001910755002993516 1.8869735231184784e-05
0.03723482077542063 0.07765588613986805 0.007553851445167701 0.0017745644000501882
0.0034381858083394295 0.011652547519807873 0.000662395067704419 0.00011880147637136262
0.0022677395757132405 0.0024224083180920584 0.0005222730341515611 5.794094596502776e-05
0.0006583760058522311 0.0003081803132472418 0.0 0.0
0.005047549378200439 0.0034586993263761396 0.0008279938346305237 0.00010945880615917992
0.0021945866861741038 0.007819728398746456 0.000433104467345197 0.00023870932158364161
0.004608632040965618 0.01824649566361147 0.0006496567010177955 4.6139678328586463e-05
0.004316020482809071 0.002777787418052842 0.0007006101677642893 9.811852553978712e-05
0.001463057790782736 0.0007218637967953412 0.0 0.0
0.14198975859546453 0.130189523951649 0.11151166197470161 0.11320070948565404
0.009509875640087784 0.004481108338568003 0.002076353769919621 0.00016408064560145857
0.001389904901243599 0.004910062017817542 0.00020381386698597505 7.756874873535895e-05
0.004462326261887344 0.006807730883623756 0.001070022801676369 0.00044168702726805816
0.0038771031455742504 0.0028458091989047103 0.0006241799676445486 3.825167825909011e-05
0.002121433796634967 0.0024314316155520004 0.0005350114008381845 0.0004213728660501215
0.0011704462326261888 0.0017269203138719315 0.0001910755002993516 8.202495656682767e-05
0.0028529626920263352 0.006445410785616864 0.0004967963007783142 0.00017673217818045596
0.000365764447695684 0.00011105596873774481 0.0 0.0
0.000731528895391368 0.0003609318983976706 0.0 0.0
0.000365764447695684 0.0002096181409924933 5.095346674649376e-05 3.73911691605996e-06
0.0030724213606437454 0.01319206088643486 0.0006751334343910424 0.0002849924180953098
0.0008046817849305047 0.0007017349024616249 0.00016559876692610474 6.371864991203549e-05
0.0011704462326261888 0.0014562213900736786 0.00024202896704584537 0.00014423771555650475
0.004608632040965618 0.017597512346300276 0.0008279938346305237 0.00016022884297012008
0.001389904901243599 0.0071478397878830995 0.0001910755002993516 5.839168882614184e-05
0.001389904901243599 0.0012382740514258546 0.0002802440671057157 0.00012819536736321738
0.0037307973664959765 0.007290824347632946 0.0006241799676445486 0.0003168824755191308
0.0017556693489392831 0.004642833593042343 0.0002165522336725985 8.424793840459483e-05
0.0017556693489392831 0.0014263750984754098 0.0007006101677642893 0.0007142225517471244
0.0005120702267739576 0.00039147228980055044 6.369183343311721e-05 1.6697974173089686e-05
0.005120702267739576 0.008601978878542946 0.0008279938346305237 0.0002515145165016552
0.023043160204828092 0.019131472914490376 0.01722227176031489 0.017010625812207903
0.0043891733723482075 0.01579979385235803 0.000866208934690394 9.215642678596e-05
0.0051938551572787124 0.021664243101515566 0.0008025171012572767 0.0003091174053208474
0.0028529626920263352 0.0030262751481035456 0.000547749767524808 0.0001636196585844101
0.004316020482809071 0.015041142765918312 0.0005987032342713017 0.00023292137348069947
0.0015362106803218727 0.004421415755371465 0.00024202896704584537 0.00011450917503484447
0.005267008046817849 0.011218735141926058 0.0008916856680636409 0.000317661031370146
0.0008046817849305047 0.0017949420947238003 0.00015286040023948128 5.159981344162745e-05
0.000731528895391368 0.002666731449315097 0.0001910755002993516 0.0001423937674883108
0.0015362106803218727 0.002212790177099565 0.00020381386698597505 7.814242146768596e-05
0.0038771031455742504 0.01293038526009655 0.0005987032342713017 0.00023378188257918998
0.0015362106803218727 0.009171140718323888 0.00025476733373246883 0.00010063858789965219
0.0008046817849305047 0.0010703018987100155 0.00012738366686623442 3.861022371679449e-05
7.31528895391368e-05 0.00015894885525589725 0.0 0.0
0.0019751280175566936 0.0033268203635000676 0.0004203661006585736 4.7584104315338394e-05
0.003584491587417703 0.008238964680731443 0.0004967963007783142 0.00016016737803451362
0.002926115581565472 0.023959631155363828 0.0003694126339120798 0.00011079054643065333
0.003145574250182882 0.0042124917141835826 0.0009426391348101346 0.0009024076962622517
0.0009509875640087783 0.00203232422790073 0.00011464530017961097 3.6827740584207e-05
0.0005120702267739576 0.0006691122116449125 1.273836668662344e-05 5.326961085893641e-07
0.002560351133869788 0.009172528917933109 0.000433104467345197 0.00026350017894491586
0.0 0.0 0.0 0.0
0.0 0.0 0.0 0.0
0.0 0.0 0.0 0.0
0.0 0.0 0.0 0.0
0.0 0.0 0.0 0.0
0.0 0.0 0.0 0.0
0.0 0.0 0.0 0.0
0.0 0.0 0.0 0.0
0.0 0.0 0.0 0.0
0.0 0.0 0.0 0.0
0.0 0.0 0.0 0.0
0.0 0.0 0.0 0.0
0.0 0.0 0.0 0.0
0.0 0.0 0.0 0.0
0.0 0.0 0.0 0.0
0.0 0.0 0.0 0.0
0.0 0.0 0.0 0.0
0.0 0.0 0.0 0.0

0.0008416918005190433 0.0014840972118158465 2.531229038259527e-05 8.581154960324877e-07
0.003927895069088869 0.014332479157118055 0.0 0.0
0.634565476607982 0.39939708158898096 0.8342171541391923 0.8583517536167347
0.005470996703373782 0.0026271091328721576 0.0010504600508777038 5.2947769237337903e-05
0.007505085221294803 0.018972869298499163 0.0013542075354688468 5.8566382604217285e-05
0.001122255734025391 0.00041632469313296246 0.0001898421778694645 2.243359082484932e-05
0.03268569825348951 0.06152451331079077 0.006783693822535532 0.0017169460883116692
0.002244511468050782 0.00783054080201441 0.0004429650816954172 0.00010808168985742524
0.002314652451427369 0.0022741109367368294 0.000518901952843203 5.7892149000191756e-05
0.0005611278670126955 0.0002583219481487659 0.0 0.0
0.00434874096934839 0.0028020407433903753 0.0007340564210952628 9.636432707231495e-05
0.0014729606509083257 0.0038679322770139237 0.00029109133939984557 0.00015959926660137565
0.0028757803184400643 0.01186525375428943 0.0004049966461215243 2.8808163081090657e-05
0.005400855719997194 0.0032841999136000864 0.0009238985989647274 0.0001263575067907838
0.001052114750648804 0.0004890561154272751 0.0 0.0
0.13698534053447428 0.11807946409481669 0.11067798969789781 0.11279429671106499
0.009539173739215824 0.004220930473149252 0.0021642008277118954 0.00016900789007573186
0.0 0.0 0.0 0.0
0.011713544223890019 0.017770919845583665 0.0028223203776593726 0.001084402595468388
0.004068177035842042 0.0027901278380145825 0.0006834318403300723 4.2364344786270555e-05
0.00028056393350634775 0.00010031920316456926 5.062458076519054e-05 2.1963670434164864e-06
0.0 0.0 0.0 0.0
0.00014028196675317387 5.015960158228463e-05 3.7968435573892906e-05 1.5425647607250671e-06
0.00028056393350634775 8.025536253165541e-05 0.0 0.0
0.0004909868836361086 0.00022822618719939508 0.0 0.0
0.00028056393350634775 0.0001636457001622036 3.7968435573892906e-05 3.197501788787722e-06
0.0038577540857122816 0.016345133170607228 0.0008732740181995368 0.0003841701350452111
0.0007715508171424563 0.000633891964996122 0.00016452988748686924 6.35414093490723e-05
0.001122255734025391 0.0013154355514954144 0.00024046675863465507 0.00014383650219211222
0.004418881952724977 0.01589620473644578 0.0008226494374343463 0.00015978314849338261
0.001332678684155152 0.0064567947136795895 0.0001898421778694645 5.822926580220452e-05
0.002384793434803956 0.0028628592603088952 0.0005315580980345007 0.0002728194337743288
0.004208459002595216 0.007779754205412347 0.000759368711477858 0.0003855288179139292
0.0016833836010380866 0.004193969687298774 0.0002151544682520598 8.401359332584737e-05
0.0016833836010380866 0.0012884747656449365 0.0006960879855213699 0.0007122358617069648
0.0004909868836361086 0.00035362519115510665 6.328072595648818e-05 1.665152688729708e-05
0.004909868836361086 0.007770349280115668 0.0008226494374343463 0.0002508149006974957
0.022094409763624884 0.01728186373015639 0.017111108298634402 0.016963308850855553
0.004208459002595216 0.014272287635219313 0.0008606178730082392 9.190008336081261e-05
0.004980009819737672 0.019569768557328348 0.0007973371470517509 0.0003082575606283371
0.010451006523111454 0.05136029704516057 0.0016326427296773948 0.0003777240531643004
0.0041383180192186295 0.01358698207860135 0.0005948388239909888 0.00023227347658679373
0.0014729606509083257 0.003993958275989414 0.00024046675863465507 0.00011419065493632318
0.009679455705968999 0.02534251170442953 0.001733891891207776 0.0005465071987053571
0.0007715508171424563 0.0016214091211473507 0.00015187374229557162 5.14562827799481e-05
0.002244511468050782 0.006377793341187491 0.00045562122688671484 0.00029150387713436945
0.0014729606509083257 0.0019988601230540425 0.00020249832306076215 7.792505956828353e-05
0.0037174721189591076 0.011680290223454756 0.0005948388239909888 0.0002331315920828262
0.0014729606509083257 0.008284485196334086 0.0002531229038259527 0.00010035865039313284
0.0007715508171424563 0.0009668263204985363 0.00012656145191297636 3.850282505412436e-05
7.014098337658694e-05 0.00014358185952928975 0.0 0.0
0.0018938065511678473 0.003005187129798628 0.00041765279131282193 4.745174379846316e-05
0.005190432769867434 0.0095999207478295 0.0007846810018604534 0.00023807597184568008
0.002805639335063478 0.02164324108773604 0.0003670282105476314 0.0001104823701141828
0.0030160622851932383 0.003805232775036068 0.0009365547441560249 0.0008998975481607362
0.0009118327838956302 0.0018358414179116176 0.00011390530672167871 3.672530009805706e-05
0.0004909868836361086 0.0006044231990665298 1.2656145191297635e-05 5.312143546867781e-07
0.0030160622851932383 0.009653842319530455 0.0005442142432257983 0.00026839605270549466
0.002174370484674195 0.007011058311163835 0.00031640362978244086 0.00014966964443299973
0.004208459002595216 0.007640561311021507 0.0009745231797299178 0.000611693329421825
0.0009819737672722172 0.0011511628563134323 0.00022781061344335742 9.525082005960613e-05
0.0017535245844146736 0.00252616293468781 0.0003670282105476314 7.53200660981849e-05
0.001262537700778565 0.0027443572015707477 0.0001898421778694645 5.819861882020336e-05
0.007715508171424563 0.01249162177904821 0.0012023337931732752 0.0005720259190516565
0.0 0.0 0.0 0.0
0.0 0.0 0.0 0.0
0.0 0.0 0.0 0.0
0.0 0.0 0.0 0.0
0.0 0.0 0.0 0.0
0.0 0.0 0.0 0.0
0.0 0.0 0.0 0.0
0.0 0.0 0.0 0.0
0.0 0.0 0.0 0.0
0.0 0.0 0.0 0.0
0.0 0.0 0.0 0.0
0.0 0.0 0.0 0.0

6.785641582411617e-05 3.094015222554895e-05 0.0 0.0
0.004139241365271086 0.015248140020848903 0.0 0.0
0.6312682364117528 0.3940555637533737 0.831408423861254 0.8568789167038109
0.00583565176087399 0.0028024637881218376 0.0011816275967219364 6.028088983593919e-05
0.008142769898893941 0.022379845108837934 0.0014992694237977258 6.643535600463317e-05
0.001221415484834091 0.00044922721019787415 0.00021599644241153675 3.4543097260683066e-05
0.029992535794259347 0.05392273529985767 0.006429070580013976 0.0016839194813348809
0.0014249847323064397 0.005007544637119615 0.0002795248078266946 0.00010041335203112898
0.0022392617221958337 0.002157480614804625 0.000508226923321263 5.76814241586778e-05
0.0006107077424170455 0.0002641812997719949 0.0 0.0
0.004071384949446971 0.0025840977137607515 0.0007115176926497681 9.325197820879225e-05
0.0014249847323064397 0.0036705730592194513 0.0002922304809097262 0.00016051957421286484
0.0010857026531858587 0.003779458594936287 0.0001524680769963789 1.1260926412167949e-05
0.005157087602632829 0.003085090178643679 0.0009148084619782733 0.00012380854312648155
0.0006785641582411617 0.0003094015222554895 0.0 0.0
0.13157359028296126 0.10898609121156876 0.11043771043771043 0.11273491181245905
0.0092284725520798 0.0039484394263219775 0.0021853757702814305 0.00017368129568548084
0.0 0.0 0.0 0.0
0.012485580511637376 0.01846948586987048 0.003163712597674862 0.0012304925255909177
0.004139241365271086 0.0028084138173959817 0.0006988120195667365 4.374911009398825e-05
0.0002714256632964647 9.520046838630446e-05 5.0822692332126296e-05 2.2090320972774717e-06
0.0 0.0 0.0 0.0
0.00013571283164823234 4.760023419315223e-05 3.8117019249094724e-05 1.551459752041387e-06
0.00033928207912058085 9.520046838630446e-05 0.0 0.0
0.00033928207912058085 0.00015470076112774475 0.0 0.0
0.0002714256632964647 0.00015529576405515916 3.8117019249094724e-05 3.2159397509202263e-06
0.002442830969668182 0.011579351970411694 0.0005844609618194524 0.00025149059834911943
0.0002035692474723485 8.984544203957483e-05 3.8117019249094724e-05 1.2329481473176587e-06
0.0 0.0 0.0 0.0
0.004274954196919319 0.015085109218737356 0.0008258687503970523 0.0001607045164349625
0.0012892719006582073 0.006127340146513521 0.0001905850962454736 5.856503699758878e-05
0.006582072334939269 0.010666022476830586 0.0014738580776316626 0.0007907204705784975
0.004071384949446971 0.007382796323357911 0.0007623403849818944 0.0003877519177635093
0.001628553979778788 0.003979974581474941 0.00021599644241153675 8.449804636283687e-05
0.001628553979778788 0.001222731015836598 0.0006988120195667365 0.0007163428735915597
0.0004749949107688132 0.00033558165106172325 6.352836541515787e-05 1.674754566773153e-05
0.004749949107688132 0.007373871279446695 0.0008258687503970523 0.00025226119094119297
0.021374770984596593 0.016400065688323185 0.01717807000825869 0.017061125479865987
0.004071384949446971 0.013544051636734052 0.000863985769646147 9.243001277724714e-05
0.006242790255818688 0.027450460056263476 0.0009910425004764627 0.0003814022348048234
0.014317703738888512 0.05628846693925734 0.0022234927895305252 0.0005945173220686807
0.004003528533622854 0.01289371343707011 0.000597166634902484 0.00023361285021301337
0.0014249847323064397 0.0037901686476297463 0.0002414077885775999 0.0001148491199226399
0.011196308610979169 0.031024642641241794 0.00202020202020202 0.0006271904479725986
0.0007464205740652779 0.0015386775702936459 0.0001524680769963789 5.175299848365872e-05
0.0021714053063717174 0.006052369777659306 0.00045740423098913663 0.0002931847948642449
0.0014249847323064397 0.0018968693325971163 0.00020329076932850518 7.837440389782583e-05
0.003596390038678157 0.01108430953480291 0.000597166634902484 0.00023447591391613574
0.0014249847323064397 0.007861773679926505 0.0002541134616606315 0.00010093735499373898
0.0007464205740652779 0.0009174945140730092 0.00012705673083031574 3.872484639366879e-05
6.785641582411617e-05 0.00013625567037789827 0.0 0.0
0.0018321232272511367 0.002851849031097233 0.0004192872117400419 4.7725367869087705e-05
0.005021374770984597 0.009110089821641923 0.0007877517311479576 0.00023944880477698362
0.002714256632964647 0.020538906051417772 0.00036846451940791565 0.00011111945177700398
0.002917825880436995 0.003611072766478011 0.0009402198081443364 0.0009050866858101046
0.0008821334057135102 0.0017421685714693717 0.00012705673083031574 3.7348054295830746e-05
0.0004749949107688132 0.0005735828220274844 1.2705673083031574e-05 5.342775305043188e-07
0.004139241365271086 0.013009144004988505 0.0007623403849818944 0.0002807936659837024
0.002103548890547601 0.006653322734347853 0.00031764182707578933 0.0001505326942195918
0.007328492909004547 0.01404504410161698 0.0016263261546280415 0.0010228537830147297
0.0009499898215376264 0.0010924253747328437 0.00022870211549456832 9.580007104658208e-05
0.0016964103956029044 0.0023972667945526293 0.00036846451940791565 7.575438908477581e-05
0.0036642464545022734 0.006934164116087451 0.0005463439425703576 0.00016575960383896488
0.0074642057406527785 0.011854243322877149 0.0012070389428879996 0.0005753244292421025
0.0010178462373617427 0.00353253238005931 0.00022870211549456832 7.395633970327089e-05
0.0014928411481305557 0.002825073899363585 0.00026681913474366307 0.00013422695497131577
0.0 0.0 0.0 0.0
0.0 0.0 0.0 0.0
0.0 0.0 0.0 0.0
0.0 0.0 0.0 0.0
0.0 0.0 0.0 0.0
0.0 0.0 0.0 0.0
0.0 0.0 0.0 0.0
0.0 0.0 0.0 0.0
0.0 0.0 0.0 0.0
0.0 0.0 0.0 0.0

0.0 0.0 0.0 0.0
0.0038134742757744027 0.012629782031292242 0.0 0.0
0.6179835418478624 0.38455095886148233 0.8259035316751409 0.8553124802710568
0.006489596574563458 0.0029650276805803376 0.001374192661811186 7.026896047693728e-05
0.008563591356124976 0.020081524467823325 0.001676515047409647 7.427826702671803e-05
0.001271158091924801 0.0004391816214629603 0.00021987082588978974 3.696602974867489e-05
0.030976115608483307 0.05110507144425649 0.0072419953277449494 0.0018567891558956759
0.0014049642068642537 0.004643407696271701 0.0003023223855984609 0.00010914471562954673
0.00220780089650097 0.002000041931913607 0.0005359351381063625 6.210516357473748e-05
0.0006021275172275373 0.00024497065317783214 0.0 0.0
0.004482504850471666 0.002631779314545629 0.0007695478906142641 0.0001003220076230654
0.0014049642068642537 0.0034036575663379427 0.00031606431221657276 0.00017447742681678182
0.0 0.0 0.0 0.0
0.0054860507125175624 0.003055512336258636 0.0010443864229765013 0.00013716518953873867
6.690305746972637e-05 2.8690256678484844e-05 0.0 0.0
0.11667893222720278 0.09009071638467454 0.10728322110759929 0.11006773840679696
0.01050378002274704 0.004270434359451398 0.0026796756905318126 0.00021379990136212448
0.0 0.0 0.0 0.0
0.012310162574429651 0.017126428029939387 0.003421739727909853 0.0013374890298281127
0.004348698735532214 0.0028133003616075815 0.0007695478906142641 4.8792925671287184e-05
0.0 0.0 0.0 0.0
0.0 0.0 0.0 0.0
0.0 0.0 0.0 0.0
0.00033451528734863183 8.827771285687644e-05 0.0 0.0
0.0 0.0 0.0 0.0
0.0002676122298789055 0.0001440030190977797 4.122577985433558e-05 3.4955792481375346e-06
0.0024085100689101493 0.010737328561922953 0.0006321286244331455 0.00027335876439828254
0.0002007091724091791 8.331209150867715e-05 4.122577985433558e-05 1.3401581781996937e-06
0.0 0.0 0.0 0.0
0.0020739947815615173 0.006387995996605722 0.00045348357839769136 4.9619356547843666e-05
0.0 0.0 0.0 0.0
0.009634040275640597 0.011565483855661526 0.0018689020200632128 0.0009298017440349475
0.004014183448183582 0.006845936632050769 0.0008245155970867115 0.00042146857905898537
0.0016056733792734327 0.003690560133122791 0.0002336127525079016 9.184550714595235e-05
0.0016056733792734327 0.0011338168745055068 0.0007558059639961522 0.0007786319015340221
0.0004683214022880846 0.00031117893782048946 6.87096330905593e-05 1.8203815253879174e-05
0.0046832140228808454 0.006837660596470436 0.0008932252301772709 0.00027419636325965737
0.021074463102963806 0.015207491246713034 0.018579084787687234 0.01854466215053463
0.004014183448183582 0.012559159861006742 0.0009344510100316064 0.00010046719142570371
0.0061550812872148255 0.02545432676657497 0.001071870276212725 0.00041456676444125693
0.018197631631765573 0.06436659085818075 0.002803353030094819 0.0008228012814905203
0.003947280390713855 0.011956112735053204 0.0006458705510512574 0.000253926470814387
0.0014049642068642537 0.0035145564431143935 0.0002610966057441253 0.0001248357342993015
0.01103900448250485 0.028768603148645322 0.0021849663322797857 0.0006817272972653659
0.00073593363216699 0.0014267885340492655 0.00016490311941734232 5.625313952993215e-05
0.002140897839031244 0.00561225559487592 0.000494709358252027 0.00031867844679106885
0.0033451528734863185 0.004610855289655728 0.0004672255050158032 0.00017009957676799613
0.0035458620458954974 0.010278284455067196 0.0006458705510512574 0.0002548645815391268
0.0014049642068642537 0.007290083874861928 0.0002748385323622372 0.0001097142828552816
0.00073593363216699 0.0008507764576581468 0.0001374192661811186 4.209213478028872e-05
6.690305746972637e-05 0.00012634747652640442 0.0 0.0
0.001806382551682612 0.002644469235768805 0.00045348357839769136 5.187528948114648e-05
0.004950826252759751 0.00844762538469772 0.0008519994503229353 0.00026026988619119886
0.0026761222987890547 0.019045364813165738 0.0003985158719252439 0.0001207817558102474
0.002876831471198234 0.0033484839958023947 0.0010169025697402776 0.0009837877826467587
0.0008697397471064428 0.001615482145280839 0.0001374192661811186 4.059562481463239e-05
0.0004683214022880846 0.0005318732199626806 1.3741926618111859e-05 5.807352105532006e-07
0.017060279654780224 0.050934585111301646 0.0025697402775869175 0.0011744029475260283
0.0020739947815615173 0.006169508657284953 0.0003435481654527965 0.00016362214557336428
0.013514417608884726 0.028731085120681153 0.0025972241308231414 0.001454953894147316
0.0009366428045761692 0.0010129867550326573 0.0002473546791260135 0.00010413029044611621
0.0016725764367431593 0.00222294315687722 0.0003985158719252439 8.234155206555285e-05
0.003612765103365224 0.006429927910212738 0.0005909028445788099 0.00018017309907413052
0.0073593363216699 0.010992230457797184 0.0013054830287206266 0.0006253513099024322
0.0010035458620458956 0.0032756548826954716 0.0002473546791260135 8.038715472234496e-05
0.00147186726433398 0.0026196411290278086 0.00028858045898034904 0.00014589855366667335
0.0030775406436074127 0.007175322848147989 0.0004672255050158032 0.00019005676563835325
0.0008697397471064428 0.0028745430249020394 5.4967706472447434e-05 2.3229408422128026e-06
0.0 0.0 0.0 0.0
0.0 0.0 0.0 0.0
0.0 0.0 0.0 0.0
0.0 0.0 0.0 0.0
0.0 0.0 0.0 0.0
0.0 0.0 0.0 0.0
0.0 0.0 0.0 0.0
0.0 0.0 0.0 0.0

0.0 0.0 0.0 0.0
0.003938611978812984 0.01201488770537816 0.0 0.0
0.5920820317805242 0.3548309828223219 0.8177068346685648 0.8519290698389994
0.007266060029879126 0.0031647642963431198 0.0015901621965440475 8.192878443845609e-05
0.010253972565530355 0.022709987981443306 0.001968772243340249 8.913812107939675e-05
0.0012223278554936846 0.0003957265723317415 0.00022716602807772108 4.0357420577636824e-05
0.02981121825342931 0.041983182406887636 0.007602489739667732 0.0019988319388180515
0.001426049164742632 0.004411171963899254 0.0003331768411806576 0.00012105987455655148
0.0034632622572321066 0.00243620809032839 0.0007269312898487074 7.575997061167184e-05
0.0005432568246638599 0.00021594615602738742 0.0 0.0
0.005772103762053511 0.00317315055482962 0.0009843861216701246 0.00013001580306411177
0.001426049164742632 0.0032334267877013423 0.00034832124305250565 0.0001935248562567281
0.0 0.0 0.0 0.0
0.006722803205215265 0.0035646839979181113 0.0011964077478759977 0.000157886949871872
0.0 0.0 0.0 0.0
0.10865136493277197 0.09016276155298832 0.10526873741121594 0.10855568892965976
0.011340486214858074 0.004386013188439753 0.0030440247762414624 0.000250406770097277
0.0 0.0 0.0 0.0
0.012494906967268776 0.016269865604966342 0.0037709560660901696 0.001483500627930744
0.005160939834306669 0.0032538682927621874 0.0008632309066953401 5.725352913131903e-05
0.0 0.0 0.0 0.0
0.0 0.0 0.0 0.0
0.0 0.0 0.0 0.0
0.00027162841233192993 6.709006789200386e-05 0.0 0.0
0.0 0.0 0.0 0.0
0.0010865136493277197 0.0005267618611833116 0.0001514440187184807 2.0129161583382396e-05
0.003395355154149124 0.014437468125665986 0.0006966424861050113 0.0003032009157393544
0.00020372130924894744 7.914531446634831e-05 4.5433205615544214e-05 1.4864611630805462e-06
0.0 0.0 0.0 0.0
0.0010186065462447372 0.0022569518151794423 0.0002574548318214172 1.3043696706031792e-05
0.0 0.0 0.0 0.0
0.01093304359636018 0.011450387681005597 0.0026502703275734125 0.0010755413617232882
0.005296754040472634 0.007485783981512493 0.001060108131029365 0.0005536448473657084
0.0016297704739915795 0.003505980188512608 0.0002574548318214172 0.00010187213837645342
0.0016297704739915795 0.0010771100743599056 0.0008329421029516439 0.0008636339357497972
0.00047534972158087737 0.00029561561164914203 7.572200935924036e-05 2.019109746517742e-05
0.0060437321743854406 0.010874356551214095 0.001075252532901213 0.00034254258785555285
0.02139073747113948 0.0144469026664633 0.020475231330738593 0.020569154087654237
0.004074426184978949 0.011931025120513155 0.0010298193272856688 0.00011143503852560494
0.007401874236045091 0.025424515025292433 0.0013327073647226304 0.0005212276068341934
0.022884693738965095 0.07138121153131508 0.003574078841756145 0.0010450317463510598
0.004006519081895967 0.01135813883765409 0.0007117868879768593 0.00028164722887468645
0.001426049164742632 0.0033387791599380047 0.00028774363556511337 0.00013846385734095286
0.011204672008692108 0.02732976812519426 0.002407959897623843 0.0007561504064827148
0.0007469781339128073 0.0013554290278806405 0.00018173282246217686 6.239420732030593e-05
0.0021730272986554395 0.005331563832792682 0.0005451984673865306 0.00035346807740419483
0.004006519081895967 0.00456946259283195 0.0006057760748739229 0.0001916420054501594
0.0035990764633980713 0.009764225584063592 0.0007117868879768593 0.00028268775168884284
0.001426049164742632 0.0069254770863831795 0.0003028880374369614 0.00012169162055086071
0.0007469781339128073 0.000808225661636484 0.0001514440187184807 4.668726769708815e-05
6.790710308298248e-05 0.00012002832458803815 0.0 0.0
0.001833491783240527 0.0025122085578623008 0.0004997652617709864 5.7538434187576135e-05
0.005025125628140704 0.008025125230425555 0.0009389529160545804 0.00028868314504660106
0.002716284123319299 0.018092828543469386 0.00043918765428359405 0.00013396731232263423
0.0029200054325682467 0.0031810126721607142 0.0011206857385167573 0.0010911863654647109
0.0008827923400787722 0.0015346853030295882 0.0001514440187184807 4.502738606498154e-05
0.00047534972158087737 0.000505272073811654 1.5144401871848071e-05 6.441331706682366e-07
0.018674453347820183 0.052090196306586935 0.00298344716875407 0.0013944368299095013
0.002105120195572457 0.005860946399753025 0.00037861004679620177 0.00018148452083577567
0.014939562678256146 0.028047841508100864 0.003134891187472551 0.0017027041007796886
0.0009506994431617547 0.0009623231613259303 0.0002725992336932653 0.00011549803237135843
0.001697677577074562 0.002111764715131903 0.00043918765428359405 9.133065129494055e-05
0.003666983566481054 0.006108341025104789 0.0006512092804894671 0.0001998423161998204
0.007469781339128073 0.01044246423915932 0.0014387181778255668 0.0006936199402224598
0.0010186065462447372 0.0031118260396470854 0.0002725992336932653 8.916289543211475e-05
0.0014939562678256146 0.0024886222058690182 0.0003180324393088095 0.00016182607195403545
0.0033274480510661415 0.006885642358572302 0.000620920476745771 0.0002265366812534752
0.0010186065462447372 0.0030866672641875837 6.0577607487392285e-05 2.5765326826729465e-06
0.004074426184978949 0.01642081825772335 0.0005149096636428344 0.0002237991152781352
0.005568382452804563 0.013861961137029892 0.0005149096636428344 0.0002773488786781119
0.0008827923400787722 0.0012112902101439134 7.572200935924036e-05 3.8499344123786147e-05
0.0005432568246638599 0.0011101309671505014 0.0001060108131029365 4.289679173123276e-05
0.0 0.0 0.0 0.0
0.0 0.0 0.0 0.0
0.0 0.0 0.0 0.0
0.0 0.0 0.0 0.0

0.0 0.0 0.0 0.0
0.005428095823984946 0.016062310532340727 0.0 0.0
0.5606861113121517 0.30799802731282333 0.8056371213053646 0.8430258063147804
0.009263950206267642 0.003678551923694781 0.0019693000193413395 0.00010410921949985619
0.01266555692263154 0.024311320815996955 0.0024616250241766744 0.00011410694082845743
0.001302742997756387 0.0003772489408298777 0.00024616250241766744 4.631892280273924e-05
0.02323225012665557 0.03512862190212414 0.004923250048353349 0.0010798983792306759
0.001519866830715785 0.004205201438442717 0.0003868267895134774 0.00014119614240523098
0.0035463559383368316 0.002266991317278351 0.0008088196508009073 8.700329167750957e-05
0.0005066222769052616 0.00018987363909318347 0.0 0.0
0.006513714988781935 0.003131416042623634 0.0009670669737836935 0.00012397463398949014
0.001519866830715785 0.0030824486304364446 0.00040440982540045366 0.00022571445132476452
0.0 0.0 0.0 0.0
0.008684953318375913 0.0040692918862497 0.0013714767991841472 0.0001819816442992213
0.0 0.0 0.0 0.0
0.10870666570167185 0.09457855796967118 0.108803826068609 0.11257190052001442
0.011869436201780416 0.004207200108327908 0.003411108962073392 0.00028619199681829743
0.0 0.0 0.0 0.0
0.013316928421509734 0.015510177976556601 0.004378175935857085 0.0017302559306858558
0.008467829485416516 0.012544651534403855 0.0012483955479753134 0.00023475863275786334
0.0 0.0 0.0 0.0
0.0 0.0 0.0 0.0
0.0 0.0 0.0 0.0
0.00021712383295939786 4.796807724459372e-05 0.0 0.0
0.0 0.0 0.0 0.0
0.0010856191647969891 0.00048167944233112864 0.00015824732298278622 2.2726034176141242e-05
0.007020337265687197 0.025796332540694168 0.0009846500096706698 0.0003937252913974578
0.0 0.0 0.0 0.0
0.0 0.0 0.0 0.0
0.0 0.0 0.0 0.0
0.0 0.0 0.0 0.0
0.01179706159079395 0.010961704985332261 0.0031121973519947954 0.0012744205179131716
0.004776724325106753 0.005696708840266802 0.0010373991173315985 0.0005429687326177624
0.0 0.0 0.0 0.0
0.0 0.0 0.0 0.0
0.0 0.0 0.0 0.0
0.005862343489903742 0.01150834119893211 0.0010901482249925272 0.00033590609955199227
0.021857132517912718 0.011256508793397993 0.023490935945000263 0.02384236933743945
0.0043424766591879565 0.01137393064915299 0.0011956464403143846 0.00012997037727181603
0.008250705652457118 0.024373279582437887 0.001652805373375767 0.0006124326692476969
0.024390243902439025 0.06804821391364048 0.004149596469326394 0.0012188551476388935
0.004270102048201491 0.010827794103024438 0.0008264026866878835 0.00032849449400058705
0.001519866830715785 0.0031828817921673125 0.00033407768185254866 0.00016149498412009331
0.011941810812766882 0.02605366128841256 0.002795702706029223 0.0008819232703205275
0.0007961207208511254 0.0012921400807762433 0.00021099643064371494 7.277243111584452e-05
0.0023159875515669105 0.005082617518041743 0.0006329892919311449 0.00041226152906305804
0.0043424766591879565 0.004376087713626581 0.000720904471366026 0.00022409632301724527
0.003835854382282695 0.009308305322807672 0.0008264026866878835 0.00032970809023122647
0.001519866830715785 0.006602106298258509 0.0003516607177395249 0.00014193296868811924
0.0007961207208511254 0.0007704872407412866 0.00017583035886976244 5.4452907062858445e-05
7.237461098646595e-05 0.00011442385092720794 0.0 0.0
0.0019541144966345805 0.0023949061899306012 0.000580240184270216 6.710898203952706e-05
0.00535572121299848 0.007650408653041401 0.0010901482249925272 0.00033670071613157765
0.002894984439458638 0.01724802144173053 0.0005099080407223112 0.00015625051469482995
0.0031121082724180358 0.0030324818833066592 0.001301144655636242 0.001272686809012258
0.0009408699428240573 0.0014630263559601085 0.00017583035886976244 5.251693212350503e-05
0.0005066222769052616 0.00048167944233112864 1.7583035886976246e-05 7.512738570625204e-07
0.019903018021278137 0.04965795263252305 0.0034638580697343205 0.0016263778723727882
0.0022436129405804446 0.005587281664052573 0.00043957589717440616 0.0002116714092273651
0.01592241441702251 0.02673820572409062 0.003657271464491059 0.001986844848021055
0.0010132445538105232 0.0009173894773028549 0.00031649464596557244 0.00013470918160097962
0.0018093652746616487 0.0020131602418590427 0.0005099080407223112 0.00010652196438696082
0.003908228993269161 0.005823124710505159 0.0007560705431399786 0.00023308271415364693
0.007961207208511255 0.00995487503066709 0.0016703884092627434 0.0008089919158887659
0.0010856191647969891 0.002966525777095343 0.00031649464596557244 0.00010399363890646195
0.0015922414417022508 0.0023724211537221977 0.00036924375362650116 0.00018874310901278397
0.0035463559383368316 0.006564131570439872 0.000720904471366026 0.0002642172364992187
0.0010856191647969891 0.002942541738473046 7.033214354790498e-05 3.0050954282500816e-06
0.008829702540348846 0.04014078630671288 0.0009670669737836935 0.000373195288495807
0.008540204096402982 0.01737793498426797 0.0010549821532185746 0.0006085751669431644
0.003908228993269161 0.009192882136937868 0.0004923250048353349 0.0002581203601976729
0.0012303683867699211 0.001253665685486309 0.00028132857419161994 7.593644986001167e-05
0.001519866830715785 0.007726358108678675 8.791517943488122e-05 6.192230291096081e-05
0.002894984439458638 0.008003173887777684 0.0003868267895134774 0.00013434799224662264
0.0 0.0 0.0 0.0
0.0 0.0 0.0 0.0

