0.008097165991902834 0.004385595007168761 0.0 0.0 0.0 0.0 0.05 0.05
0.05668016194331984 0.3019313485704647 0.0 0.0 0.0 0.0 0.05 0.05
0.8744939271255061 0.6223327991903517 0.9896151496640195 0.9994247125133731 0.027777777777777776 0.027777777777777776 0.025 0.025
0.012145748987854251 0.006915745972843047 0.0018326206475259622 8.508453583726808e-05 0.027777777777777776 0.027777777777777776 0.025 0.025
0.008097165991902834 0.004596440920974952 0.0012217470983506415 5.076066058473381e-05 0.027777777777777776 0.027777777777777776 0.025 0.025
0.004048582995951417 0.0017289364932107617 0.0006108735491753207 2.5138612861011027e-05 0.027777777777777776 0.027777777777777776 0.025 0.025
0.024291497975708502 0.020831576284051617 0.004276114844227245 0.0002934449616660326 0.027777777777777776 0.027777777777777776 0.025 0.025
0.012145748987854251 0.03727755756093447 0.002443494196701283 0.00012085871567793762 0.027777777777777776 0.027777777777777776 0.025 0.025
0.0 0.0 0.0 0.0 0.05555555555555555 0.05555555555555555 0.05 0.05
0.0 0.0 0.0 0.0 0.05555555555555555 0.05555555555555555 0.05 0.05
0.0 0.0 0.0 0.0 0.05555555555555555 0.05555555555555555 0.05 0.05
0.0 0.0 0.0 0.0 0.05555555555555555 0.05555555555555555 0.05 0.05
0.0 0.0 0.0 0.0 0.05555555555555555 0.05555555555555555 0.05 0.05
0.0 0.0 0.0 0.0 0.05555555555555555 0.05555555555555555 0.05 0.05
0.0 0.0 0.0 0.0 0.05555555555555555 0.05555555555555555 0.05 0.05
0.0 0.0 0.0 0.0 0.05555555555555555 0.05555555555555555 0.05 0.05
0.0 0.0 0.0 0.0 0.05555555555555555 0.05555555555555555 0.05 0.05
0.0 0.0 0.0 0.0 0.05555555555555555 0.05555555555555555 0.05 0.05
0.0 0.0 0.0 0.0 0.05555555555555555 0.05555555555555555 0.05 0.05
0.0 0.0 0.0 0.0 0.05555555555555555 0.05555555555555555 0.05 0.05
0.0 0.0 0.0 0.0 0.05555555555555555 0.05555555555555555 0.05 0.05
0.0 0.0 0.0 0.0 0.05555555555555555 0.05555555555555555 0.05 0.05
0.0 0.0 0.0 0.0 0.05555555555555555 0.05555555555555555 0.05 0.05

0.018867924528301886 0.0032542712309906754 0.0 0.0 0.03225806451612903 0.03225806451612903 0.05555555555555555 0.05555555555555555
0.22641509433962265 0.38613179798485514 0.0 0.0 0.0 0.0 0.05555555555555555 0.05555555555555555
0.0 0.0 0.0 0.0 0.06451612903225806 0.06451612903225806 0.05555555555555555 0.05555555555555555
0.0 0.0 0.0 0.0 0.06451612903225806 0.06451612903225806 0.05555555555555555 0.05555555555555555
0.03773584905660377 0.006821453157268916 0.05128205128205128 0.010115606936416185 0.03225806451612903 0.03225806451612903 0.027777777777777776 0.027777777777777776
0.018867924528301886 0.0025658677013580323 0.02564102564102564 0.005009633911368015 0.03225806451612903 0.03225806451612903 0.027777777777777776 0.027777777777777776
0.18867924528301888 0.051880593278678264 0.28205128205128205 0.1250481695568401 0.0 0.0 0.0 0.0
0.05660377358490566 0.05532261092684148 0.10256410256410256 0.024084778420038536 0.03225806451612903 0.03225806451612903 0.027777777777777776 0.027777777777777776
0.018867924528301886 0.0025658677013580323 0.02564102564102564 0.005009633911368015 0.03225806451612903 0.03225806451612903 0.027777777777777776 0.027777777777777776
0.03773584905660377 0.008886663746166845 0.0 0.0 0.03225806451612903 0.03225806451612903 0.05555555555555555 0.05555555555555555
0.03773584905660377 0.007635020965016584 0.05128205128205128 0.018111753371868978 0.03225806451612903 0.03225806451612903 0.027777777777777776 0.027777777777777776
0.16981132075471697 0.3189811627761437 0.28205128205128205 0.7397880539499037 0.03225806451612903 0.03225806451612903 0.027777777777777776 0.027777777777777776
0.1509433962264151 0.1479441767319607 0.15384615384615385 0.05279383429672447 0.03225806451612903 0.03225806451612903 0.027777777777777776 0.027777777777777776
0.018867924528301886 0.0047562425683709865 0.02564102564102564 0.02003853564547206 0.03225806451612903 0.03225806451612903 0.027777777777777776 0.027777777777777776
0.018867924528301886 0.0032542712309906754 0.0 0.0 0.03225806451612903 0.03225806451612903 0.05555555555555555 0.05555555555555555
0.0 0.0 0.0 0.0 0.06451612903225806 0.06451612903225806 0.05555555555555555 0.05555555555555555
0.0 0.0 0.0 0.0 0.06451612903225806 0.06451612903225806 0.05555555555555555 0.05555555555555555
0.0 0.0 0.0 0.0 0.06451612903225806 0.06451612903225806 0.05555555555555555 0.05555555555555555
0.0 0.0 0.0 0.0 0.06451612903225806 0.06451612903225806 0.05555555555555555 0.05555555555555555
0.0 0.0 0.0 0.0 0.06451612903225806 0.06451612903225806 0.05555555555555555 0.05555555555555555
0.0 0.0 0.0 0.0 0.06451612903225806 0.06451612903225806 0.05555555555555555 0.05555555555555555
0.0 0.0 0.0 0.0 0.06451612903225806 0.06451612903225806 0.05555555555555555 0.05555555555555555
0.0 0.0 0.0 0.0 0.06451612903225806 0.06451612903225806 0.05555555555555555 0.05555555555555555

0.0 0.0 0.0 0.0 0.06666666666666667 0.06666666666666667 0.058823529411764705 0.058823529411764705
0.012618296529968454 0.06867501475119649 0.0 0.0 0.03333333333333333 0.03333333333333333 0.058823529411764705 0.058823529411764705
0.6719242902208202 0.4851504622041566 0.7840420449116101 0.7943025899078985 0.03333333333333333 0.03333333333333333 0.029411764705882353 0.029411764705882353
0.006309148264984227 0.0036714089031665903 0.0009555661729574773 4.1006590290626614e-05 0.03333333333333333 0.03333333333333333 0.029411764705882353 0.029411764705882353
0.006309148264984227 0.0035730675932603424 0.0009555661729574773 3.9867518338109206e-05 0.03333333333333333 0.03333333333333333 0.029411764705882353 0.029411764705882353
0.0 0.0 0.0 0.0 0.06666666666666667 0.06666666666666667 0.058823529411764705 0.058823529411764705
0.015772870662460567 0.012292663738280994 0.0023889154323936935 0.00030147437676627343 0.0 0.0 0.0 0.0
0.0 0.0 0.0 0.0 0.06666666666666667 0.06666666666666667 0.058823529411764705 0.058823529411764705
0.0031545741324921135 0.0013439979020520554 0.00047778308647873863 1.9743913843635035e-05 0.03333333333333333 0.03333333333333333 0.029411764705882353 0.029411764705882353
0.006309148264984227 0.00465482200222907 0.0 0.0 0.03333333333333333 0.03333333333333333 0.058823529411764705 0.058823529411764705
0.006309148264984227 0.00399921326952075 0.0009555661729574773 7.138184235775744e-05 0.03333333333333333 0.03333333333333333 0.029411764705882353 0.029411764705882353
0.028391167192429023 0.16708188553071526 0.005255613951266125 0.00291564450779372 0.03333333333333333 0.03333333333333333 0.029411764705882353 0.029411764705882353
0.025236593059936908 0.07749295220612339 0.002866698518872432 0.00020807047665984615 0.03333333333333333 0.03333333333333333 0.029411764705882353 0.029411764705882353
0.0031545741324921135 0.0024913131842916147 0.00047778308647873863 7.897565537454014e-05 0.03333333333333333 0.03333333333333333 0.029411764705882353 0.029411764705882353
0.00946372239747634 0.0051137481151248936 0.0 0.0 0.0 0.0 0.058823529411764705 0.058823529411764705
0.19873817034700317 0.16006687209073625 0.20066889632107024 0.20197834016713223 0.03333333333333333 0.03333333333333333 0.029411764705882353 0.029411764705882353
0.006309148264984227 0.0043925785091457415 0.0009555661729574773 4.290504354482229e-05 0.03333333333333333 0.03333333333333333 0.029411764705882353 0.029411764705882353
0.0 0.0 0.0 0.0 0.06666666666666667 0.06666666666666667 0.058823529411764705 0.058823529411764705
0.0 0.0 0.0 0.0 0.06666666666666667 0.06666666666666667 0.058823529411764705 0.058823529411764705
0.0 0.0 0.0 0.0 0.06666666666666667 0.06666666666666667 0.058823529411764705 0.058823529411764705
0.0 0.0 0.0 0.0 0.06666666666666667 0.06666666666666667 0.058823529411764705 0.058823529411764705
0.0 0.0 0.0 0.0 0.06666666666666667 0.06666666666666667 0.058823529411764705 0.058823529411764705
0.0 0.0 0.0 0.0 0.06666666666666667 0.06666666666666667 0.058823529411764705 0.058823529411764705

0.0 0.0 0.0 0.0 0.058823529411764705 0.058823529411764705 0.05555555555555555 0.05555555555555555
0.0 0.0 0.0 0.0 0.058823529411764705 0.058823529411764705 0.05555555555555555 0.05555555555555555
0.6677115987460815 0.4424911053308219 0.7810566396953832 0.794408763520218 0.029411764705882353 0.029411764705882353 0.027777777777777776 0.027777777777777776
0.006269592476489028 0.003348581337638652 0.0009519276534983341 4.101207159948218e-05 0.029411764705882353 0.029411764705882353 0.027777777777777776 0.027777777777777776
0.006269592476489028 0.0032588871946661884 0.0009519276534983341 3.9872847388385454e-05 0.029411764705882353 0.029411764705882353 0.027777777777777776 0.027777777777777776
0.0 0.0 0.0 0.0 0.058823529411764705 0.058823529411764705 0.05555555555555555 0.05555555555555555
0.0438871473354232 0.18127186294734954 0.007615421227986673 0.0003660707131657484 0.0 0.0 0.0 0.0
0.0 0.0 0.0 0.0 0.058823529411764705 0.058823529411764705 0.05555555555555555 0.05555555555555555
0.0 0.0 0.0 0.0 0.058823529411764705 0.058823529411764705 0.05555555555555555 0.05555555555555555
0.0 0.0 0.0 0.0 0.058823529411764705 0.058823529411764705 0.05555555555555555 0.05555555555555555
0.006269592476489028 0.004664095434568123 0.0009519276534983341 0.00017809871833478837 0.029411764705882353 0.029411764705882353 0.027777777777777776 0.027777777777777776
0.0 0.0 0.0 0.0 0.058823529411764705 0.058823529411764705 0.05555555555555555 0.05555555555555555
0.0 0.0 0.0 0.0 0.058823529411764705 0.058823529411764705 0.05555555555555555 0.05555555555555555
0.0 0.0 0.0 0.0 0.058823529411764705 0.058823529411764705 0.05555555555555555 0.05555555555555555
0.009404388714733543 0.004664095434568123 0.0 0.0 0.0 0.0 0.05555555555555555 0.05555555555555555
0.1974921630094044 0.14599216671151374 0.19990480723465018 0.2020053384046532 0.029411764705882353 0.029411764705882353 0.027777777777777776 0.027777777777777776
0.009404388714733543 0.005202260292402906 0.0014278914802475012 0.00010063147198021092 0.0 0.0 0.0 0.0
0.05329153605015674 0.20910694531647084 0.007139457401237506 0.0028602122526601836 0.029411764705882353 0.029411764705882353 0.027777777777777776 0.027777777777777776
0.0 0.0 0.0 0.0 0.058823529411764705 0.058823529411764705 0.05555555555555555 0.05555555555555555
0.0 0.0 0.0 0.0 0.058823529411764705 0.058823529411764705 0.05555555555555555 0.05555555555555555
0.0 0.0 0.0 0.0 0.058823529411764705 0.058823529411764705 0.05555555555555555 0.05555555555555555
0.0 0.0 0.0 0.0 0.058823529411764705 0.058823529411764705 0.05555555555555555 0.05555555555555555
0.0 0.0 0.0 0.0 0.058823529411764705 0.058823529411764705 0.05555555555555555 0.05555555555555555

0.0 0.0 0.0 0.0 0.058823529411764705 0.058823529411764705 0.05555555555555555 0.05555555555555555
0.0 0.0 0.0 0.0 0.058823529411764705 0.058823529411764705 0.05555555555555555 0.05555555555555555
0.0 0.0 0.0 0.0 0.058823529411764705 0.058823529411764705 0.05555555555555555 0.05555555555555555
0.0 0.0 0.0 0.0 0.058823529411764705 0.058823529411764705 0.05555555555555555 0.05555555555555555
0.03508771929824561 0.006876971608832808 0.03125 0.005855127418725255 0.029411764705882353 0.029411764705882353 0.027777777777777776 0.027777777777777776
0.0 0.0 0.0 0.0 0.058823529411764705 0.058823529411764705 0.05555555555555555 0.05555555555555555
0.3333333333333333 0.41381703470031544 0.375 0.09016896224836893 0.0 0.0 0.0 0.0
0.0 0.0 0.0 0.0 0.058823529411764705 0.058823529411764705 0.05555555555555555 0.05555555555555555
0.017543859649122806 0.004416403785488959 0.03125 0.005910890536998829 0.029411764705882353 0.029411764705882353 0.027777777777777776 0.027777777777777776
0.0 0.0 0.0 0.0 0.058823529411764705 0.058823529411764705 0.05555555555555555 0.05555555555555555
0.03508771929824561 0.009842271293375395 0.03125 0.02615290247030614 0.029411764705882353 0.029411764705882353 0.027777777777777776 0.027777777777777776
0.0 0.0 0.0 0.0 0.058823529411764705 0.058823529411764705 0.05555555555555555 0.05555555555555555
0.0 0.0 0.0 0.0 0.058823529411764705 0.058823529411764705 0.05555555555555555 0.05555555555555555
0.017543859649122806 0.004100946372239748 0.015625 0.008197178386215358 0.029411764705882353 0.029411764705882353 0.027777777777777776 0.027777777777777776
0.03508771929824561 0.006561514195583596 0.0 0.0 0.0 0.0 0.05555555555555555 0.05555555555555555
0.0 0.0 0.0 0.0 0.058823529411764705 0.058823529411764705 0.05555555555555555 0.05555555555555555
0.05263157894736842 0.007570977917981073 0.0625 0.03791892042603023 0.0 0.0 0.0 0.0
0.2982456140350877 0.4412618296529969 0.234375 0.4200078068365583 0.029411764705882353 0.029411764705882353 0.027777777777777776 0.027777777777777776
0.17543859649122806 0.10555205047318612 0.21875 0.40578821167679696 0.029411764705882353 0.029411764705882353 0.027777777777777776 0.027777777777777776
0.0 0.0 0.0 0.0 0.058823529411764705 0.058823529411764705 0.05555555555555555 0.05555555555555555
0.0 0.0 0.0 0.0 0.058823529411764705 0.058823529411764705 0.05555555555555555 0.05555555555555555
0.0 0.0 0.0 0.0 0.058823529411764705 0.058823529411764705 0.05555555555555555 0.05555555555555555
0.0 0.0 0.0 0.0 0.058823529411764705 0.058823529411764705 0.05555555555555555 0.05555555555555555

0.0 0.0 0.0 0.0 0.06666666666666667 0.06666666666666667 0.06451612903225806 0.06451612903225806
0.0 0.0 0.0 0.0 0.06666666666666667 0.06666666666666667 0.06451612903225806 0.06451612903225806
0.6482558139534884 0.400337214816376 0.9221724524076148 0.9646087914531469 0.03333333333333333 0.03333333333333333 0.03225806451612903 0.03225806451612903
0.0 0.0 0.0 0.0 0.06666666666666667 0.06666666666666667 0.06451612903225806 0.06451612903225806
0.0 0.0 0.0 0.0 0.06666666666666667 0.06666666666666667 0.06451612903225806 0.06451612903225806
0.0 0.0 0.0 0.0 0.06666666666666667 0.06666666666666667 0.06451612903225806 0.06451612903225806
0.03197674418604651 0.07310711839401443 0.007838745800671893 0.0005159389767776923 0.0 0.0 0.0 0.0
0.02616279069767442 0.06667896095684704 0.005039193729003359 0.00023660603120259264 0.03333333333333333 0.03333333333333333 0.03225806451612903 0.03225806451612903
0.0029069767441860465 0.00184414352705622 0.0011198208286674132 4.869949380092198e-05 0.03333333333333333 0.03333333333333333 0.03225806451612903 0.03225806451612903
0.0 0.0 0.0 0.0 0.06666666666666667 0.06666666666666667 0.06451612903225806 0.06451612903225806
0.0029069767441860465 0.0017387638969387218 0.0005599104143337066 0.00011347900913988425 0.03333333333333333 0.03333333333333333 0.03225806451612903 0.03225806451612903
0.0 0.0 0.0 0.0 0.06666666666666667 0.06666666666666667 0.06451612903225806 0.06451612903225806
0.0 0.0 0.0 0.0 0.06666666666666667 0.06666666666666667 0.06451612903225806 0.06451612903225806
0.011627906976744186 0.006559881974814268 0.0022396416573348264 0.0004686177705371738 0.0 0.0 0.0 0.0
0.0029069767441860465 0.0013699351915274778 0.0 0.0 0.03333333333333333 0.03333333333333333 0.06451612903225806 0.06451612903225806
0.0 0.0 0.0 0.0 0.06666666666666667 0.06666666666666667 0.06451612903225806 0.06451612903225806
0.005813953488372093 0.0021075926023499656 0.0016797312430011197 0.0002425786106310076 0.03333333333333333 0.03333333333333333 0.03225806451612903 0.03225806451612903
0.005813953488372093 0.0021075926023499656 0.0005599104143337066 1.837716747204603e-05 0.03333333333333333 0.03333333333333333 0.03225806451612903 0.03225806451612903
0.029069767441860465 0.04407503029664366 0.007838745800671893 0.0033432661923519743 0.03333333333333333 0.03333333333333333 0.03225806451612903 0.03225806451612903
0.005813953488372093 0.0039253912218768115 0.0011198208286674132 6.937380720697376e-05 0.03333333333333333 0.03333333333333333 0.03225806451612903 0.03225806451612903
0.07267441860465117 0.08807102587069919 0.02127659574468085 0.01879892346552949 0.03333333333333333 0.03333333333333333 0.03225806451612903 0.03225806451612903
0.046511627906976744 0.06554612993308394 0.0083986562150056 0.0036786494987168144 0.03333333333333333 0.03333333333333333 0.03225806451612903 0.03225806451612903
0.10755813953488372 0.2425312187154223 0.020156774916013438 0.007856698523486479 0.03333333333333333 0.03333333333333333 0.03225806451612903 0.03225806451612903

