1 52 0 0 0 0 2 2
8 4075 0 0 0 0 2 2
216 14758 1620 2067341 1 1 1 1
3 164 3 176 1 1 1 1
2 109 2 105 1 1 1 1
1 41 1 52 1 1 1 1
6 494 7 607 1 1 1 1
3 884 4 250 1 1 1 1
0 0 0 0 2 2 2 2
0 0 0 0 2 2 2 2
0 0 0 0 2 2 2 2
0 0 0 0 2 2 2 2
0 0 0 0 2 2 2 2
0 0 0 0 2 2 2 2
0 0 0 0 2 2 2 2
0 0 0 0 2 2 2 2
0 0 0 0 2 2 2 2
0 0 0 0 2 2 2 2
0 0 0 0 2 2 2 2
0 0 0 0 2 2 2 2
0 0 0 0 2 2 2 2
0 0 0 0 2 2 2 2
0 0 0 0 2 2 2 2

1 52 0 0 1 1 2 2
8 4075 0 0 0 0 2 2
0 0 0 0 2 2 2 2
0 0 0 0 2 2 2 2
2 109 2 105 1 1 1 1
1 41 1 52 1 1 1 1
6 494 7 691 0 0 0 0
3 884 4 250 1 1 1 1
1 41 1 52 1 1 1 1
2 142 0 0 1 1 2 2
2 122 2 188 1 1 1 1
9 5097 11 7679 1 1 1 1
8 2364 6 548 1 1 1 1
1 76 1 208 1 1 1 1
1 52 0 0 1 1 2 2
0 0 0 0 2 2 2 2
0 0 0 0 2 2 2 2
0 0 0 0 2 2 2 2
0 0 0 0 2 2 2 2
0 0 0 0 2 2 2 2
0 0 0 0 2 2 2 2
0 0 0 0 2 2 2 2
0 0 0 0 2 2 2 2

0 0 0 0 2 2 2 2
4 2095 0 0 1 1 2 2
213 14800 1641 2091973 1 1 1 1
2 112 2 108 1 1 1 1
2 109 2 105 1 1 1 1
0 0 0 0 2 2 2 2
4 335 4 691 0 0 0 0
0 0 0 0 2 2 2 2
1 41 1 52 1 1 1 1
2 142 0 0 1 1 2 2
2 122 2 188 1 1 1 1
9 5097 11 7679 1 1 1 1
8 2364 6 548 1 1 1 1
1 76 1 208 1 1 1 1
2 104 0 0 0 0 2 2
63 4883 420 531955 1 1 1 1
2 134 2 113 1 1 1 1
0 0 0 0 2 2 2 2
0 0 0 0 2 2 2 2
0 0 0 0 2 2 2 2
0 0 0 0 2 2 2 2
0 0 0 0 2 2 2 2
0 0 0 0 2 2 2 2

0 0 0 0 2 2 2 2
0 0 0 0 2 2 2 2
213 14800 1641 2091973 1 1 1 1
2 112 2 108 1 1 1 1
2 109 2 105 1 1 1 1
0 0 0 0 2 2 2 2
13 6023 15 861 0 0 0 0
0 0 0 0 2 2 2 2
0 0 0 0 2 2 2 2
0 0 0 0 2 2 2 2
2 156 2 469 1 1 1 1
0 0 0 0 2 2 2 2
0 0 0 0 2 2 2 2
0 0 0 0 2 2 2 2
2 104 0 0 0 0 2 2
63 4883 420 531955 1 1 1 1
2 134 2 152 0 0 0 0
17 6994 15 7532 1 1 1 1
0 0 0 0 2 2 2 2
0 0 0 0 2 2 2 2
0 0 0 0 2 2 2 2
0 0 0 0 2 2 2 2
0 0 0 0 2 2 2 2

0 0 0 0 2 2 2 2
0 0 0 0 2 2 2 2
0 0 0 0 2 2 2 2
0 0 0 0 2 2 2 2
2 109 2 105 1 1 1 1
0 0 0 0 2 2 2 2
13 6023 15 861 0 0 0 0
0 0 0 0 2 2 2 2
1 70 2 106 1 1 1 1
0 0 0 0 2 2 2 2
2 156 2 469 1 1 1 1
0 0 0 0 2 2 2 2
0 0 0 0 2 2 2 2
1 65 1 147 1 1 1 1
1 52 0 0 0 0 2 2
0 0 0 0 2 2 2 2
2 80 3 528 0 0 0 0
17 6994 15 7532 1 1 1 1
10 1673 14 7277 1 1 1 1
0 0 0 0 2 2 2 2
0 0 0 0 2 2 2 2
0 0 0 0 2 2 2 2
0 0 0 0 2 2 2 2

0 0 0 0 2 2 2 2
0 0 0 0 2 2 2 2
223 15196 1647 2099581 1 1 1 1
0 0 0 0 2 2 2 2
0 0 0 0 2 2 2 2
0 0 0 0 2 2 2 2
6 2239 9 756 0 0 0 0
9 2531 9 515 1 1 1 1
1 70 2 106 1 1 1 1
0 0 0 0 2 2 2 2
1 66 1 247 1 1 1 1
0 0 0 0 2 2 2 2
0 0 0 0 2 2 2 2
3 184 3 873 0 0 0 0
1 52 0 0 1 1 2 2
0 0 0 0 2 2 2 2
2 80 3 528 1 1 1 1
2 80 1 40 1 1 1 1
10 1673 14 7277 1 1 1 1
2 149 2 151 1 1 1 1
25 3343 38 40918 1 1 1 1
16 2488 15 8007 1 1 1 1
37 9206 36 17101 1 1 1 1

