0.6190831033786106 182.9105426081889 0.181811868577262 7.636098480244988
1.653594569415369 854.3108058871518 0.0 0.0
98.47501657216868 6850.80510961526 736.6488824682127 939362.6136237675
1.1957970377767109 66.65345494087728 1.2527469816367542 80.56787985226435
1.5468381729622958 948.4017247966299 1.5755069730795286 86.40059758988285
0.36362373715452356 15.338348364656344 0.3550234734023465 83.0839585399412
8.820426891911497 1846.2878492321333 11.24447703936866 5672.837007464949
1.5984150135542259 598.0218139834029 1.7259457954666138 830.7571726627192
1.1364845895225426 223.16289205172293 1.2941910815469098 380.5168619420456
0.3204814087171572 19.106107226050362 0.0 0.0
1.0928746497197193 78.72959656317316 1.015675746595448 167.2396183042631
1.7187689392895913 710.5788741504276 2.017355254342235 1564.1082389194028
1.9746835189467684 892.3706604071823 1.5951097140949317 140.5258536908977
1.1180029318188551 74.6867513909484 1.0793194872490515 195.5222486629648
0.5217491947499515 27.130958126997424 0.0 0.0
36.69847010889329 3585.8179072795474 163.19461030724437 205997.13903047296
1.5415540499408027 86.46170635990619 2.0607273527136534 202.44645228224346
1.5545408396765366 635.7765835312479 1.3658534165698595 684.6825955628389
3.2812493386242707 514.6388982146176 4.269270039089427 2193.02013822643
1.0629819168525656 84.9949344895853 0.9957897480001596 77.22523155607168
2.2985351615515746 304.1242973915247 3.4704706693280976 3719.576123840136
1.454494948618096 226.17396451011314 1.3635890143294642 727.8838158490686
3.3669038695315594 836.8505161550005 3.2816725918348286 1554.5276331484822
0.19982631347136334 6.394442031083627 0.0 0.0
0.4199867722784703 21.839312158480585 0.0 0.0
0.23790170706033628 17.398267793726568 0.1795054935711503 20.551316191967402
2.1277922830953186 988.3805372369936 2.759214360807966 1507.7303656673998
0.7745518417482158 79.26134645378313 0.9468881783094651 554.5418278983936
1.210601319822326 143.87847785158507 1.6380671197752847 1275.1974836166423
2.0081604351578406 903.8117794697815 1.944632927372726 786.3996280076398
1.5545408396765361 928.8441920233723 1.0611511045400963 490.55623191094685
1.2178932173589343 114.26773628437525 1.4082100537759084 801.0154824068966
2.4754208396418846 516.955767503909 2.385706860077789 1740.9028283360142
2.181742422927138 608.0697944566533 1.5454008829067292 747.6104035896999
2.181742422927138 186.8116949631366 4.999826385874696 6337.96173860335
0.6363415400204174 51.27094693878799 0.45452967144315454 148.17667289046855
2.838964991369606 583.0800254181812 2.5622120434412836 1061.0685840227288
18.03055855115605 1289.9928539584605 82.95387607312608 104020.64019777796
1.6782927833565473 708.2997458213271 1.7969109295924752 386.8684301183315
5.2017558467203155 2688.0491792376115 5.192883752469985 2714.5673286174406
1.4210471491122318 185.52296952728574 1.5209417769556075 719.7142303257127
2.6863725025063476 1022.9588911855427 2.203390695168594 1167.5028548323398
1.345749481391935 407.7489951619195 1.2178932173589325 715.5033851538834
2.858904218985543 656.5987967781817 2.824250146302359 1311.5169556397493
0.707057674843824 215.5127935104239 0.8103497187428821 359.14199750934165
0.9090593428863094 349.2605995369201 1.3635890143294642 1263.5924866119697
1.3457494813919364 204.06443971342867 1.0241527663824812 488.2649849779888
2.6229621719642773 1021.1863606922534 2.3674734540339735 1183.611807579523
1.4181120078000418 852.381700451088 1.4337208778404378 690.2080716872429
0.8366185245113541 133.04226458786198 0.8224286527650216 338.97717464536686
0.09090593428863096 20.817458952096487 0.0 0.0
2.454460225793035 435.7121430454083 2.999895831524821 422.25806477069074
2.488292029128057 749.0698964197014 2.1724122536940365 959.7072330997038
3.6362373715452376 3137.981945709253 2.636272094370298 983.1476793315437
3.9089551744111315 551.7081151977012 6.727039137358689 8007.903751485501
0.8543597342779886 218.76358624475574 0.6077622890571609 250.5398303608075
0.41424295072121897 59.684717939817354 0.09090593428863096 4.7271085830088095
2.618510496870735 1095.7708516724654 2.5986641867612588 2308.2263271828438
0.0 0.0 0.0 0.0
0.0 0.0 0.0 0.0
0.0 0.0 0.0 0.0
0.0 0.0 0.0 0.0
0.0 0.0 0.0 0.0
0.0 0.0 0.0 0.0
0.0 0.0 0.0 0.0
0.0 0.0 0.0 0.0
0.0 0.0 0.0 0.0
0.0 0.0 0.0 0.0
0.0 0.0 0.0 0.0
0.0 0.0 0.0 0.0
0.0 0.0 0.0 0.0
0.0 0.0 0.0 0.0
0.0 0.0 0.0 0.0
0.0 0.0 0.0 0.0
0.0 0.0 0.0 0.0
0.0 0.0 0.0 0.0

0.5385164807134488 182.4615010762546 0.181811868577262 7.6360984802449865
1.3900439641328683 714.875653474473 0.0 0.0
100.21803695221512 7087.289276879182 736.4627415709654 939076.1734241341
1.1947803145348526 66.39409905171463 1.2635652821371046 81.58730455094641
1.5694788590130444 963.4047983872382 1.6165592747836024 88.71325178160639
0.36362373715452356 15.319341442184191 0.3550234734023465 90.30380206096899
8.753269230534505 1771.5182950571577 11.139968082938518 5678.7592696869615
1.3461880337539112 547.6889805126633 1.4628501480177512 829.7369998312043
1.1616260155488942 223.71903742939134 1.2941910815469102 380.5323565414634
0.3091206165165234 18.931778105139067 0.0 0.0
1.0722510070977895 77.0179628218133 0.991491581182391 161.47163300062627
1.520211059908018 542.7693109697293 1.7620813135481448 1405.631484990722
1.6456803726388902 816.3649776090789 1.282792093659594 112.77300208826578
1.4932952004059865 100.9582133029965 1.4679681725281228 253.71221106140442
0.4754383941865304 24.72279649769958 0.0 0.0
36.806693797913056 3588.9565316939807 163.02236873611344 205827.0156912406
1.5595583420386105 86.85345896009738 2.096276460775152 202.56241562101843
0.0 0.0 0.0 0.0
6.89238206685871 1190.7742879868356 8.923093478285555 4124.648547645875
1.0953183200431844 86.82171227418998 1.0315845416962526 80.62100593035427
0.363623737154524 14.54494948618094 0.363623737154524 19.544775872055673
0.0 0.0 0.0 0.0
0.181811868577262 7.27247474309047 0.27271780286589203 13.72679607758329
0.17950549357115025 5.744175794276808 0.0 0.0
0.32392986209294666 16.84435282883329 0.0 0.0
0.22110831935702688 17.038027321259875 0.15612494995996 20.056709531282074
2.4183184010565895 1170.6851981911668 3.1001680062000996 1739.7806575510833
0.7745518417482156 79.26134645378312 0.9468881783094649 554.541827898394
1.2106013198223262 143.87847785158513 1.638067119775285 1275.197483616642
2.00816043515784 903.8117794697815 1.9446329273727259 786.3996280076395
1.5545408396765366 928.8441920233721 1.0611511045400963 490.55623191094685
1.8174310318566584 276.27226456281613 2.2863726730347356 1510.434655157249
2.5495097567963922 540.3627701214556 2.5132979661525745 1837.2074551514015
2.181742422927137 608.0697944566534 1.5454008829067296 747.6104035896998
2.181742422927137 186.8116949631366 4.999826385874695 6337.96173860335
0.6363415400204175 51.270946938788015 0.4545296714431544 148.17667289046858
2.8389649913696062 583.0800254181812 2.5622120434412845 1061.0685840227288
18.03055855115605 1289.992853958461 82.95387607312608 104020.64019777798
1.6782927833565473 708.2997458213273 1.7969109295924757 386.8684301183316
5.201755846720317 2688.0491792376115 5.192883752469988 2714.567328617441
6.388786834933703 6236.340461443848 4.412411472199754 1229.9180701880105
2.6863725025063476 1022.9588911855426 2.203390695168593 1167.5028548323394
1.3457494813919344 407.74899516191925 1.217893217358933 715.5033851538834
4.003436024217197 1299.1601367967178 3.9943623465523954 1666.0761602031348
0.7070576748438238 215.51279351042388 0.8103497187428824 359.1419975093416
2.031966753883756 664.3770106063439 2.264214359698893 1824.463939060061
1.3457494813919357 204.06443971342867 1.0241527663824812 488.2649849779888
2.6229621719642773 1021.1863606922536 2.3674734540339726 1183.6118075795225
1.4181120078000413 852.3817004510878 1.4337208778404373 690.2080716872429
0.836618524511354 133.042264587862 0.8224286527650216 338.9771746453668
0.09090593428863097 20.81745895209648 0.0 0.0
2.4544602257930346 435.71214304540854 2.99989583152482 422.25806477069074
2.778438810235385 769.6061492286531 2.516556288970218 1066.7452202520315
3.6362373715452376 3137.981945709255 2.6362720943702986 983.1476793315437
3.9089551744111324 551.708115197701 6.727039137358687 8007.9037514855
0.8543597342779883 218.7635862447558 0.607762289057161 250.53983036080749
0.4142429507212192 59.68471793981737 0.09090593428863097 4.727108583008809
2.663943922499537 1102.876547910307 2.6545427520049887 2308.0713712817796
2.557654633100846 1005.568943296392 2.097203826262219 1324.5492188906717
2.401388487243717 544.2355318854757 3.221789961427584 2818.4796048677654
0.743677050577437 109.78764350630117 0.9456038635002854 578.6933355989739
1.4017598066557464 247.91449004646742 1.5491709252227641 542.4367520094445
1.1807483502705676 341.05837629600404 1.0129371484286016 378.0196635648292
9.999652771749403 1811.1189288323944 8.454679013553514 5082.949404729667
0.0 0.0 0.0 0.0
0.0 0.0 0.0 0.0
0.0 0.0 0.0 0.0
0.0 0.0 0.0 0.0
0.0 0.0 0.0 0.0
0.0 0.0 0.0 0.0
0.0 0.0 0.0 0.0
0.0 0.0 0.0 0.0
0.0 0.0 0.0 0.0
0.0 0.0 0.0 0.0
0.0 0.0 0.0 0.0
0.0 0.0 0.0 0.0

0.09090593428863102 4.7271085830088 0.0 0.0
1.4259256253005932 751.0768579827372 0.0 0.0
99.42157399176497 7055.191291283127 719.5014894587324 917344.1125039675
1.4898732235402528 86.15714808805284 1.6096712914960827 105.89238214915282
2.0248456731316584 1273.818523154125 1.9873908076224513 115.61964822449323
0.40104031385053246 17.192244294707113 0.3936121892873182 120.62489953939395
8.784440157966184 1752.6668260270008 11.171528792226942 5683.3757951492935
1.2292443478278283 508.6306114351449 1.3101102582946542 829.3254065386852
1.1616260155488942 223.71757431090515 1.293144316084722 380.55499347079206
0.3204814087171571 19.106107226050344 0.0 0.0
1.0645812948447542 76.65879986813131 0.9826268648655796 159.59286394517204
1.5202110599080176 542.7693109697292 1.7620813135481448 1405.631484990722
1.032257504480136 423.50882976496194 0.768114574786864 70.15446449719988
1.4884742374510738 100.73628077256423 1.4628738838327797 252.8475358568655
0.39965262694272485 20.78193660102185 0.0 0.0
36.647190850353354 3510.839964775368 162.0554808974039 204565.41885197314
1.471582670309607 78.64589415008687 1.961008810677699 198.47690601735562
0.0 0.0 0.0 0.0
6.952137960528561 1199.5813100307125 9.032499192729924 4191.7786986271
1.1618651193471443 92.9735027963464 1.0479808628447793 82.56502319720833
0.36362373715452406 14.544949486180938 0.36362373715452406 19.544775872055677
0.0 0.0 0.0 0.0
0.181811868577262 7.27247474309047 0.27271780286589187 13.72679607758329
0.19982631347136334 6.394442031083627 0.0 0.0
0.2998842369241091 15.59398032005373 0.0 0.0
0.2211083193570269 17.038027321259865 0.15612494995995996 20.056709531282067
1.8779421361337671 1017.9491691836425 2.3985528044126014 1286.7571802953594
0.2727178028658921 13.726796077583286 0.2727178028658921 10.908712114635714
0.0 0.0 0.0 0.0
2.00816043515784 903.8117794697814 1.9446329273727259 786.3996280076394
1.5545408396765368 928.8441920233718 1.0611511045400963 490.55623191094685
5.060131476113598 1109.1073902267335 6.004072691839171 4117.651228071856
2.5495097567963922 540.3627701214559 2.5132979661525745 1837.207455151401
2.1817424229271367 608.0697944566537 1.54540088290673 747.6104035896996
2.1817424229271367 186.8116949631366 4.9998263858746945 6337.96173860335
0.6363415400204177 51.27094693878805 0.4545296714431544 148.17667289046858
2.838964991369607 583.0800254181813 2.5622120434412854 1061.0685840227286
18.03055855115605 1289.9928539584614 82.95387607312608 104020.640197778
1.6782927833565473 708.2997458213275 1.796910929592476 386.8684301183318
5.522278112840348 3000.208592458843 5.356693631958687 2781.8110003372344
7.130913725151609 6271.9837261295015 4.947888157812606 1659.044490541837
2.686372502506347 1022.9588911855426 2.2033906951685918 1167.5028548323392
1.3457494813919342 407.748995161919 1.2178932173589334 715.5033851538834
4.549839740767434 1655.9525405001464 4.34388938625283 1782.527923090469
0.7070576748438235 215.51279351042382 0.8103497187428829 359.1419975093416
2.0319667538837565 664.3770106063438 2.2642143596988937 1824.4639390600607
1.3457494813919353 204.06443971342867 1.0241527663824814 488.26498497798883
2.622962171964278 1021.1863606922537 2.3674734540339717 1183.6118075795218
1.4181120078000407 852.3817004510873 1.4337208778404373 690.2080716872429
0.8366185245113538 133.04226458786204 0.8224286527650215 338.97717464536674
0.09090593428863097 20.817458952096473 0.0 0.0
2.4544602257930337 435.7121430454087 2.999895831524819 422.2580647706907
2.7784388102353854 769.6061492286532 2.5165562889702184 1066.745220252031
3.636237371545237 3137.9819457092567 2.6362720943702995 983.1476793315437
3.9089551744111337 551.7081151977007 6.727039137358682 8007.9037514855
0.854359734277988 218.76358624475588 0.6135054106435318 250.52635908666804
0.4142429507212194 59.68471793981739 0.09090593428863097 4.727108583008808
2.78087466256372 1148.0211641486987 2.74469184669852 2307.7262203874825
2.5576546331008467 1005.568943296392 2.09720382626222 1324.5492188906715
4.4298231717906456 1136.1896364298332 5.059205031974447 4403.212318675233
0.7436770505774374 109.78764350630121 0.945603863500285 578.6933355989738
1.4017598066557462 247.91449004646736 1.5491709252227637 542.4367520094447
2.3588485891779207 566.0425511586757 1.952758021079132 757.7460414043011
9.999652771749401 1811.118928832395 8.454679013553514 5082.949404729667
1.0611511045400963 519.7497468734354 1.215524578114322 561.9458008167298
1.4141153496876486 312.4876993134644 1.3457494813919364 836.2274703824445
0.0 0.0 0.0 0.0
0.0 0.0 0.0 0.0
0.0 0.0 0.0 0.0
0.0 0.0 0.0 0.0
0.0 0.0 0.0 0.0
0.0 0.0 0.0 0.0
0.0 0.0 0.0 0.0
0.0 0.0 0.0 0.0
0.0 0.0 0.0 0.0
0.0 0.0 0.0 0.0

0.0 0.0 0.0 0.0
1.4080867634252292 730.9903327659154 0.0 0.0
96.501939747344 7146.339821428397 689.3456196015821 878939.0291958994
1.6139797258812005 95.03229129558484 1.6649991658322905 108.29410058826947
2.0765890836230025 1263.5606422317935 2.0040930339904097 115.74581795900882
0.40816322987528175 17.468988395312284 0.38586123009300727 120.63136569271228
8.83392686685197 1752.7245466384281 11.21182101870858 5680.833503985133
1.2292443478278277 508.63061143514506 1.310110258294654 829.3254065386851
1.1616260155488944 223.71611087243804 1.2920429559422557 380.5771164918116
0.3204814087171571 19.10610722605035 0.0 0.0
1.1747044545567866 81.8874481631139 0.974109279746832 157.6415393560835
1.520211059908017 542.7693109697291 1.7620813135481448 1405.631484990722
0.0 0.0 0.0 0.0
1.5757714160231338 105.46418428389173 1.5488346873985257 260.4623981179113
0.09090593428863102 4.7271085830088 0.0 0.0
35.13425046241285 3340.166373559186 154.9591503070692 195619.256666383
1.7358755395732985 93.34782625571239 2.2400241814170965 221.3261143401042
0.0 0.0 0.0 0.0
6.952137960528561 1199.581310030713 9.03249919272993 4191.7786986271
1.277339900818189 104.94919372672136 1.0640593133008247 84.45417848685094
0.0 0.0 0.0 0.0
0.0 0.0 0.0 0.0
0.0 0.0 0.0 0.0
0.19982631347136326 6.394442031083624 0.0 0.0
0.0 0.0 0.0 0.0
0.22110831935702696 17.038027321259854 0.15612494995995993 20.056709531282063
1.8779421361337665 1017.9491691836427 2.3985528044126014 1286.7571802953594
0.27271780286589203 13.72679607758329 0.27271780286589203 10.908712114635714
0.0 0.0 0.0 0.0
1.1796597908813469 512.5175604037606 1.154429873718337 267.4127727721086
0.0 0.0 0.0 0.0
5.410791685757886 1115.5672920337686 6.0012961562945355 4124.2331238667875
2.5495097567963922 540.3627701214562 2.5132979661525745 1837.2074551514008
2.1817424229271354 608.0697944566538 1.5454008829067305 747.6104035896993
2.1817424229271354 186.8116949631366 4.999826385874694 6337.96173860335
0.6363415400204179 51.27094693878807 0.45452967144315437 148.1766728904686
2.838964991369608 583.0800254181814 2.5622120434412863 1061.0685840227284
18.03055855115605 1289.992853958462 82.95387607312608 104020.64019777803
1.6782927833565473 708.2997458213277 1.7969109295924761 386.868430118332
5.522278112840348 3000.2085924588423 5.356693631958688 2781.8110003372353
7.507477753694795 6310.370214949532 5.1097945164164855 1813.5095689290476
2.6863725025063467 1022.9588911855425 2.2033906951685904 1167.5028548323387
1.3457494813919335 407.74899516191886 1.2178932173589339 715.5033851538833
4.549839740767434 1655.9525405001464 4.343889386252828 1782.5279230904682
0.7070576748438233 215.51279351042382 0.8103497187428831 359.14199750934154
2.0319667538837565 664.3770106063437 2.2642143596988946 1824.4639390600607
1.9815117685466543 392.727212278305 1.3975176405167689 773.742120719171
2.6229621719642786 1021.186360692254 2.3674734540339704 1183.6118075795212
1.4181120078000402 852.3817004510871 1.433720877840437 690.2080716872429
0.8366185245113537 133.04226458786204 0.8224286527650214 338.9771746453667
0.09090593428863097 20.81745895209647 0.0 0.0
2.4544602257930332 435.7121430454089 2.9998958315248183 422.25806477069057
2.778438810235386 769.6061492286534 2.5165562889702184 1066.7452202520308
3.6362373715452367 3137.981945709258 2.6362720943703 983.1476793315437
3.908955174411135 551.7081151977005 6.7270391373586795 8007.903751485498
0.8543597342779876 218.76358624475597 0.6135054106435316 250.52635908666795
0.4142429507212196 59.6847179398174 0.09090593428863097 4.727108583008806
7.288761325950155 2656.6278242533754 5.931267196439186 4290.500794358262
2.557654633100847 1005.5689432963921 2.0972038262622217 1324.5492188906712
5.7256489200400305 1614.3668617035798 5.597116072883726 4661.7735314216925
0.7436770505774379 109.78764350630124 0.9456038635002847 578.6933355989737
1.401759806655746 247.9144900464673 1.549170925222763 542.4367520094448
2.3588485891779203 566.0425511586753 1.9527580210791313 757.7460414043007
9.9996527717494 1811.118928832396 8.454679013553516 5082.949404729667
1.0611511045400963 519.7497468734355 1.2155245781143225 561.94580081673
1.4141153496876484 312.4876993134643 1.3457494813919357 836.2274703824443
2.3741080196336664 867.6385390097653 1.7897082319628403 966.7437783898873
0.6806349160077587 312.0851001285102 0.22110831935702666 11.497632606565386
0.0 0.0 0.0 0.0
0.0 0.0 0.0 0.0
0.0 0.0 0.0 0.0
0.0 0.0 0.0 0.0
0.0 0.0 0.0 0.0
0.0 0.0 0.0 0.0
0.0 0.0 0.0 0.0
0.0 0.0 0.0 0.0

0.0 0.0 0.0 0.0
1.4141153496876502 730.9382037548258 0.0 0.0
93.81546566117032 6954.233323347409 658.156261207524 839167.8505242255
1.6970358144587152 101.46978066837875 1.695889638704909 109.67217691323941
2.357597058211791 1449.74683843613 2.06390945107149 120.88175581488261
0.4010403138505325 17.192244294707113 0.3777675652214379 120.63627494801618
8.744041622092656 1515.7265694259916 11.17510874916013 5677.392743439892
1.229244347827827 508.6306114351452 1.3101102582946533 829.3254065386851
1.5036760511049787 230.25571774780224 1.3747727084867514 381.3799490738272
0.3091206165165237 18.93177810513905 0.0 0.0
1.325366825532548 93.16015332032616 1.0715707577611877 172.95557875426337
1.5202110599080165 542.7693109697288 1.7620813135481448 1405.631484990722
0.0 0.0 0.0 0.0
1.6815791189632836 114.13553072991779 1.5625611099160956 262.35155114633653
0.0 0.0 0.0 0.0
33.448301734002754 3494.9750213699667 147.11770585147127 185770.1074376243
1.8721459760273917 103.13871996275478 2.3243726752251526 235.89531208544363
0.0 0.0 0.0 0.0
6.95213796052856 1199.5813100307132 9.032499192729933 4191.7786986271
1.4772346537440222 127.98396600963558 1.095159805690475 91.32359893380365
0.0 0.0 0.0 0.0
0.0 0.0 0.0 0.0
0.0 0.0 0.0 0.0
0.1795054935711503 5.74417579427681 0.0 0.0
0.0 0.0 0.0 0.0
0.5906681715556451 42.69271259048004 0.43938087754880234 87.16783579521876
2.1624959858665354 1241.2058645784286 2.3985528044126014 1286.7571802953591
0.27271780286589187 13.72679607758329 0.27271780286589187 10.908712114635714
0.0 0.0 0.0 0.0
0.677772085586298 194.76191377052092 0.7669836301309758 47.422298288885024
0.0 0.0 0.0 0.0
5.45052877149446 1115.3987242984745 6.109958856017137 4122.045266603771
2.6193192499833495 550.0001361110934 2.5448750242180673 1878.6033016394242
2.1817424229271345 608.069794456654 1.545400882906731 747.6104035896992
2.181742422927135 186.8116949631366 4.999826385874692 6337.96173860335
0.636341540020418 51.27094693878809 0.4545296714431543 148.17667289046864
3.1318147916006955 934.8579998751438 2.60926500932521 1093.050477607151
18.03055855115605 1289.9928539584628 82.95387607312608 104020.64019777805
1.6782927833565473 708.299745821328 1.7969109295924766 386.8684301183322
5.634707672590981 3001.3887826096493 5.378558253741307 2809.882695208706
7.708540537755659 6344.334981955473 5.1574110645641715 1841.2968207820873
2.6863725025063463 1022.9588911855424 2.2033906951685895 1167.5028548323382
1.345749481391933 407.7489951619187 1.2178932173589343 715.5033851538833
4.549839740767434 1655.9525405001461 4.343889386252825 1782.5279230904673
0.7070576748438231 215.5127935104238 0.8103497187428834 359.1419975093415
2.031966753883757 664.3770106063434 2.264214359698895 1824.4639390600605
1.9958115865203543 392.4376096910184 1.4102797200870794 773.4803397900084
2.6229621719642786 1021.1863606922542 2.367473454033969 1183.6118075795205
1.4181120078000398 852.3817004510865 1.433720877840437 690.2080716872429
0.8366185245113534 133.04226458786206 0.8224286527650213 338.97717464536663
0.09090593428863099 20.817458952096466 0.0 0.0
2.4544602257930324 435.7121430454091 2.9998958315248174 422.25806477069057
2.7784388102353863 769.6061492286534 2.5165562889702184 1066.7452202520303
3.6362373715452363 3137.98194570926 2.636272094370301 983.1476793315437
3.908955174411136 551.7081151977003 6.727039137358676 8007.903751485498
0.8543597342779873 218.76358624475603 0.6135054106435316 250.52635908666787
0.4142429507212198 59.68471793981742 0.09090593428863099 4.727108583008805
7.30341910036358 2663.942451153094 5.943898599030398 4305.130721971621
2.5576546331008476 1005.5689432963923 2.0972038262622226 1324.549218890671
5.768207886529599 1613.8913002085642 5.618366458915499 4683.113052878574
0.7436770505774384 109.78764350630128 0.9456038635002844 578.6933355989737
1.4017598066557457 247.91449004646722 1.5491709252227623 542.4367520094451
2.35884858917792 566.0425511586751 1.9527580210791307 757.7460414043004
9.999652771749398 1811.1189288323965 8.454679013553518 5082.949404729667
1.0611511045400963 519.7497468734356 1.2155245781143227 561.9458008167302
1.414115349687648 312.48769931346413 1.3457494813919353 836.2274703824442
2.3857068600777898 867.5841165990769 1.8234392108199147 968.077462465341
0.6899577281737387 316.6856002015248 0.22110831935702668 11.497632606565388
3.6514837167011076 2203.4480523431907 2.0007637430630223 1316.0039374044018
4.092642449838762 1824.8619915664551 1.8849550539881728 1436.6080048928527
0.5446074019164835 136.2126704723985 0.29988423692410976 189.31875237281696
0.7272474743090476 192.53876882332037 0.6363415400204167 314.80725044152905
0.0 0.0 0.0 0.0
0.0 0.0 0.0 0.0
0.0 0.0 0.0 0.0
0.0 0.0 0.0 0.0

0.0 0.0 0.0 0.0
1.7891455129940288 927.8872433592825 0.0 0.0
90.6839563018484 6776.568235696854 613.9090820648173 782809.3035122177
1.8245242911205346 110.84250463307541 1.7355754729259762 114.31556105797664
2.5063114774948105 1515.4551565774627 2.10686707907473 127.10402454507711
0.4010403138505326 17.192244294707116 0.36930866343600527 120.63962749537232
4.870254100147138 1426.1173510230099 4.923300609234507 2886.92656696625
1.2292443478278265 508.6306114351454 1.310110258294653 829.3254065386851
1.5027521049357693 230.29037090281426 1.3673778637312448 381.3762792687664
0.29709239116626457 18.75203692639523 0.0 0.0
1.3616778865306827 94.11335917392391 0.9823087882919272 153.14345104255105
1.520211059908016 542.7693109697287 1.7620813135481448 1405.631484990722
0.0 0.0 0.0 0.0
1.760681686165901 119.13458309361262 1.5365003525327736 258.69483094092817
0.0 0.0 0.0 0.0
31.557614858470433 3407.090742837729 139.38470344896382 176076.9785779075
1.9232495649002215 108.90043872985794 2.3635542915044057 241.8844821569449
0.0 0.0 0.0 0.0
6.95213796052856 1199.5813100307137 9.032499192729938 4191.7786986271
2.2526373432046274 970.769919388157 1.5356639895787387 725.130384779562
0.0 0.0 0.0 0.0
0.0 0.0 0.0 0.0
0.0 0.0 0.0 0.0
0.15612494995995985 4.995998398718715 0.0 0.0
0.0 0.0 0.0 0.0
0.5854129596561161 42.59419626610594 0.4313254764869177 87.10480237749364
3.3697077848910815 2108.069869424398 2.383741223837482 1277.8948339619594
0.0 0.0 0.0 0.0
0.0 0.0 0.0 0.0
0.0 0.0 0.0 0.0
0.0 0.0 0.0 0.0
5.447929015282375 1115.2894017797466 6.1073214259608095 4121.768852857821
2.5128005624535086 519.6780974127697 2.415215081289631 1786.2783376960651
0.0 0.0 0.0 0.0
0.0 0.0 0.0 0.0
0.0 0.0 0.0 0.0
2.9893212719054962 958.9140709967468 2.4630040375299616 1022.6606984560748
18.006935392293265 1212.574044016369 82.95901933418013 104027.75986122956
1.6782927833565473 708.2997458213282 1.7969109295924768 386.86843011833236
5.63744918676288 3001.136840143063 5.399356957597393 2809.7013757396594
7.7085405377556615 6344.334981955476 5.157411064564173 1841.296820782087
2.6863725025063463 1022.9588911855424 2.203390695168588 1167.5028548323378
1.3457494813919324 407.7489951619184 1.2178932173589347 715.5033851538833
4.549839740767434 1655.9525405001461 4.3438893862528225 1782.5279230904666
0.7070576748438229 215.51279351042373 0.8103497187428838 359.1419975093415
2.031966753883757 664.3770106063433 2.2642143596988955 1824.4639390600603
1.9958289839896939 392.39274507677726 1.4112396048234417 773.4333250280137
2.6229621719642795 1021.1863606922543 2.367473454033968 1183.61180757952
1.418112007800039 852.3817004510863 1.4337208778404367 690.2080716872429
0.8366185245113533 133.0422645878621 0.8224286527650211 338.97717464536663
0.09090593428863099 20.81745895209646 0.0 0.0
2.454460225793032 435.7121430454093 2.999895831524816 422.2580647706905
2.7784388102353863 769.6061492286536 2.5165562889702184 1066.74522025203
3.6362373715452363 3137.9819457092617 2.6362720943703013 983.1476793315437
3.9089551744111373 551.7081151977001 6.727039137358673 8007.903751485497
0.854359734277987 218.7635862447561 0.6135054106435314 250.52635908666778
0.41424295072121997 59.68471793981744 0.09090593428863099 4.727108583008804
7.303419100363581 2663.9424511530938 5.943898599030395 4305.130721971622
2.5576546331008485 1005.5689432963924 2.097203826262224 1324.549218890671
5.7682078865296 1613.8913002085644 5.616543025345351 4682.986213403855
0.7436770505774387 109.78764350630132 0.945603863500284 578.6933355989736
1.4017598066557455 247.91449004646717 1.5491709252227617 542.4367520094453
2.35884858917792 566.0425511586748 1.9527580210791302 757.7460414043002
9.999652771749396 1811.1189288323972 8.454679013553518 5082.949404729667
1.0611511045400963 519.7497468734358 1.215524578114323 561.9458008167304
1.4141153496876475 312.487699313464 1.3457494813919348 836.2274703824438
2.3857068600777906 867.5841165990772 1.8234392108199142 968.0774624653413
0.6899577281737387 316.6856002015248 0.2211083193570267 11.49763260656539
4.260249079833505 2772.81433714266 2.246834192567153 1462.1860716967212
4.372229281372248 1848.8791634505665 2.369950773047125 1880.054881568178
2.0201072578784856 717.986234586399 1.1160446028522137 605.341600301479
0.9772054827699013 194.4347789462804 0.9122621455602673 350.0348220772708
1.3944084767384337 940.5550160750239 0.4545296714431547 389.6228343610721
1.2337837015547832 570.3283843906654 0.9035424112286534 674.6609765385048
0.0 0.0 0.0 0.0
0.0 0.0 0.0 0.0

