38 38 38 38
8 8 8 8
119 119 119 119
34 34 35 35
54 54 54 54
116 116 116 116
113 113 113 113
113 113 113 113
3 3 3 3
2 2 2 2
96 96 96 96
5 5 5 5
31 31 31 31
7 7 7 7
38 38 38 38
55 55 55 55
11 11 11 11
116 116 116 116
11 11 11 11
35 35 35 35
92 92 92 92
59 59 59 59
109 109 109 109
21 21 21 21
56 56 56 56
56 56 56 56
66 66 66 66
53 53 53 53
64 64 64 64
76 76 76 76
68 68 68 68
72 72 72 72
70 70 70 70
73 73 73 73
69 69 69 69
69 69 69 69
69 69 69 69
68 68 68 68
68 68 68 68
70 70 70 70
53 53 53 53
55 55 55 55
58 58 58 58
67 67 67 67
70 70 70 70
93 93 120 120
120 120 102 102
120 120 120 120
120 120 120 120
120 120 120 120
120 120 120 120
120 120 120 120
120 120 120 120
120 120 120 120
120 120 120 120
120 120 120 120
120 120 120 120
120 120 120 120
120 120 120 120
120 120 120 120
120 120 120 120
120 120 120 120
120 120 120 120
120 120 120 120
120 120 120 120
120 120 120 120
120 120 120 120
120 120 120 120
120 120 120 120
120 120 120 120
120 120 120 120
120 120 120 120
120 120 120 120
120 120 120 120
120 120 120 120
120 120 120 120
120 120 120 120
120 120 120 120
120 120 120 120
120 120 120 120
120 120 120 120
120 120 120 120
120 120 120 120
120 120 120 120
120 120 120 120
120 120 120 120
120 120 120 120
120 120 120 120
120 120 120 120
120 120 120 120
120 120 120 120
120 120 120 120
120 120 120 120
120 120 120 120
120 120 120 120
120 120 120 120
120 120 120 120
120 120 120 120
120 120 120 120
120 120 120 120
120 120 120 120
120 120 120 120
120 120 120 120
120 120 120 120
120 120 120 120
120 120 120 120
120 120 120 120
120 120 120 120
120 120 120 120
120 120 120 120
120 120 120 120
120 120 120 120
120 120 120 120
120 120 120 120
120 120 120 120
120 120 120 120
120 120 120 120
120 120 120 120
120 120 120 120
120 120 120 120
120 120 120 120
120 120 120 120
120 120 120 120
120 120 120 120
120 120 120 120
120 120 120 120
120 120 120 120
120 120 120 120

27 27 27 27
8 8 8 8
120 120 120 120
34 34 35 35
66 66 66 66
120 120 120 120
120 120 120 120
120 120 120 120
4 4 4 4
2 2 2 2
108 108 108 108
3 3 3 3
43 43 43 43
7 7 7 7
50 50 50 50
67 67 67 67
11 11 11 11
120 120 120 120
10 10 10 10
35 35 35 35
104 104 104 104
59 59 59 59
120 120 120 120
24 24 24 24
68 68 68 68
68 68 68 68
76 76 76 76
65 65 65 65
76 76 76 76
88 88 88 88
80 80 80 80
84 84 84 84
82 82 82 82
85 85 85 85
81 81 81 81
81 81 81 81
81 81 81 81
80 80 80 80
80 80 80 80
82 82 82 82
43 43 43 43
52 52 52 52
46 46 46 46
64 64 64 64
61 61 61 61
81 81 120 120
120 120 90 90
117 117 117 117
120 120 120 120
120 120 120 120
120 120 120 120
120 120 120 120
120 120 120 120
120 120 120 120
120 120 120 120
120 120 120 120
120 120 120 120
120 120 120 120
120 120 120 120
120 120 120 120
120 120 120 120
120 120 120 120
120 120 120 120
120 120 120 120
120 120 120 120
120 120 120 120
120 120 120 120
120 120 120 120
120 120 120 120
120 120 120 120
120 120 120 120
120 120 120 120
120 120 120 120
120 120 120 120
120 120 120 120
120 120 120 120
120 120 120 120
120 120 120 120
120 120 120 120
120 120 120 120
120 120 120 120
120 120 120 120
120 120 120 120
120 120 120 120
120 120 120 120
120 120 120 120
120 120 120 120
120 120 120 120
120 120 120 120
120 120 120 120
120 120 120 120
120 120 120 120
120 120 120 120
120 120 120 120
120 120 120 120
120 120 120 120
120 120 120 120
120 120 120 120
120 120 120 120
120 120 120 120
120 120 120 120
120 120 120 120
120 120 120 120
120 120 120 120
120 120 120 120
120 120 120 120
120 120 120 120
120 120 120 120
120 120 120 120
120 120 120 120
120 120 120 120
120 120 120 120
120 120 120 120
120 120 120 120
120 120 120 120
120 120 120 120
120 120 120 120
120 120 120 120
120 120 120 120
120 120 120 120
120 120 120 120
120 120 120 120
120 120 120 120
120 120 120 120
120 120 120 120
120 120 120 120
120 120 120 120
120 120 120 120

15 15 15 15
8 8 8 8
120 120 120 120
34 34 35 35
78 78 78 78
120 120 120 120
120 120 120 120
120 120 120 120
4 4 4 4
2 2 2 2
120 120 120 120
3 3 3 3
55 55 55 55
7 7 7 7
62 62 62 62
79 79 79 79
11 11 11 11
120 120 120 120
10 10 10 10
34 34 34 34
116 116 116 116
59 59 59 59
120 120 120 120
24 24 24 24
80 80 80 80
80 80 80 80
76 76 76 76
77 77 77 77
88 88 88 88
100 100 100 100
92 92 92 92
96 96 96 96
94 94 94 94
97 97 97 97
93 93 93 93
93 93 93 93
93 93 93 93
92 92 92 92
92 92 92 92
94 94 94 94
55 55 55 55
64 64 64 64
52 52 52 52
76 76 76 76
73 73 73 73
69 69 120 120
120 120 78 78
105 105 105 105
108 108 108 108
120 120 120 120
120 120 120 120
120 120 120 120
120 120 120 120
120 120 120 120
120 120 120 120
120 120 120 120
120 120 120 120
120 120 120 120
120 120 120 120
120 120 120 120
120 120 120 120
120 120 120 120
120 120 120 120
120 120 120 120
120 120 120 120
120 120 120 120
120 120 120 120
120 120 120 120
120 120 120 120
120 120 120 120
120 120 120 120
120 120 120 120
120 120 120 120
120 120 120 120
120 120 120 120
120 120 120 120
120 120 120 120
120 120 120 120
120 120 120 120
120 120 120 120
120 120 120 120
120 120 120 120
120 120 120 120
120 120 120 120
120 120 120 120
120 120 120 120
120 120 120 120
120 120 120 120
120 120 120 120
120 120 120 120
120 120 120 120
120 120 120 120
120 120 120 120
120 120 120 120
120 120 120 120
120 120 120 120
120 120 120 120
120 120 120 120
120 120 120 120
120 120 120 120
120 120 120 120
120 120 120 120
120 120 120 120
120 120 120 120
120 120 120 120
120 120 120 120
120 120 120 120
120 120 120 120
120 120 120 120
120 120 120 120
120 120 120 120
120 120 120 120
120 120 120 120
120 120 120 120
120 120 120 120
120 120 120 120
120 120 120 120
120 120 120 120
120 120 120 120
120 120 120 120
120 120 120 120
120 120 120 120
120 120 120 120
120 120 120 120
120 120 120 120
120 120 120 120
120 120 120 120
120 120 120 120

13 13 13 13
8 8 8 8
120 120 120 120
34 34 35 35
90 90 90 90
120 120 120 120
120 120 120 120
120 120 120 120
4 4 4 4
2 2 2 2
120 120 120 120
3 3 3 3
67 67 67 67
7 7 7 7
74 74 74 74
91 91 91 91
19 19 19 19
120 120 120 120
10 10 10 10
22 22 22 22
120 120 120 120
59 59 59 59
120 120 120 120
24 24 24 24
92 92 92 92
92 92 92 92
76 76 76 76
89 89 89 89
100 100 100 100
100 100 100 100
104 104 104 104
108 108 108 108
106 106 106 106
109 109 109 109
105 105 105 105
105 105 105 105
105 105 105 105
104 104 104 104
104 104 104 104
106 106 106 106
67 67 67 67
76 76 76 76
64 64 64 64
88 88 88 88
85 85 85 85
62 62 120 120
120 120 66 66
93 93 93 93
96 96 96 96
120 120 120 120
120 120 120 120
120 120 120 120
120 120 120 120
120 120 120 120
120 120 120 120
120 120 120 120
120 120 120 120
120 120 120 120
120 120 120 120
120 120 120 120
120 120 120 120
120 120 120 120
120 120 120 120
120 120 120 120
120 120 120 120
120 120 120 120
120 120 120 120
120 120 120 120
120 120 120 120
120 120 120 120
120 120 120 120
120 120 120 120
120 120 120 120
120 120 120 120
120 120 120 120
120 120 120 120
120 120 120 120
120 120 120 120
120 120 120 120
120 120 120 120
120 120 120 120
120 120 120 120
120 120 120 120
120 120 120 120
120 120 120 120
120 120 120 120
120 120 120 120
120 120 120 120
120 120 120 120
120 120 120 120
120 120 120 120
120 120 120 120
120 120 120 120
120 120 120 120
120 120 120 120
120 120 120 120
120 120 120 120
120 120 120 120
120 120 120 120
120 120 120 120
120 120 120 120
120 120 120 120
120 120 120 120
120 120 120 120
120 120 120 120
120 120 120 120
120 120 120 120
120 120 120 120
120 120 120 120
120 120 120 120
120 120 120 120
120 120 120 120
120 120 120 120
120 120 120 120
120 120 120 120
120 120 120 120
120 120 120 120
120 120 120 120
120 120 120 120
120 120 120 120
120 120 120 120
120 120 120 120
120 120 120 120
120 120 120 120
120 120 120 120
120 120 120 120
120 120 120 120
120 120 120 120

13 13 13 13
8 8 8 8
120 120 120 120
34 34 35 35
97 97 97 97
120 120 120 120
120 120 120 120
120 120 120 120
4 4 4 4
2 2 2 2
120 120 120 120
3 3 3 3
77 77 77 77
7 7 7 7
86 86 86 86
103 103 103 103
29 29 29 29
120 120 120 120
10 10 10 10
25 25 25 25
120 120 120 120
59 59 59 59
120 120 120 120
24 24 24 24
104 104 104 104
104 104 104 104
76 76 76 76
101 101 101 101
112 112 112 112
96 96 96 96
116 116 116 116
120 120 120 120
118 118 118 118
120 120 120 120
117 117 117 117
117 117 117 117
117 117 117 117
116 116 116 116
116 116 116 116
118 118 118 118
79 79 79 79
88 88 88 88
76 76 76 76
100 100 100 100
97 97 97 97
74 74 120 120
120 120 65 65
81 81 81 81
84 84 84 84
118 118 118 118
119 119 119 119
119 119 119 119
120 120 120 120
120 120 120 120
120 120 120 120
120 120 120 120
120 120 120 120
120 120 120 120
120 120 120 120
120 120 120 120
120 120 120 120
120 120 120 120
120 120 120 120
120 120 120 120
120 120 120 120
120 120 120 120
120 120 120 120
120 120 120 120
120 120 120 120
120 120 120 120
120 120 120 120
120 120 120 120
120 120 120 120
120 120 120 120
120 120 120 120
120 120 120 120
120 120 120 120
120 120 120 120
120 120 120 120
120 120 120 120
120 120 120 120
120 120 120 120
120 120 120 120
120 120 120 120
120 120 120 120
120 120 120 120
120 120 120 120
120 120 120 120
120 120 120 120
120 120 120 120
120 120 120 120
120 120 120 120
120 120 120 120
120 120 120 120
120 120 120 120
120 120 120 120
120 120 120 120
120 120 120 120
120 120 120 120
120 120 120 120
120 120 120 120
120 120 120 120
120 120 120 120
120 120 120 120
120 120 120 120
120 120 120 120
120 120 120 120
120 120 120 120
120 120 120 120
120 120 120 120
120 120 120 120
120 120 120 120
120 120 120 120
120 120 120 120
120 120 120 120
120 120 120 120
120 120 120 120
120 120 120 120
120 120 120 120
120 120 120 120
120 120 120 120
120 120 120 120
120 120 120 120
120 120 120 120
120 120 120 120
120 120 120 120
120 120 120 120
120 120 120 120

13 13 13 13
14 14 14 14
120 120 120 120
34 34 35 35
97 97 97 97
120 120 120 120
120 120 120 120
120 120 120 120
4 4 4 4
2 2 2 2
120 120 120 120
3 3 3 3
77 77 77 77
7 7 7 7
98 98 98 98
115 115 115 115
29 29 29 29
120 120 120 120
10 10 10 10
37 37 37 37
112 112 112 112
59 59 59 59
120 120 120 120
24 24 24 24
116 116 116 116
116 116 116 116
70 70 70 70
113 113 113 113
120 120 120 120
84 84 84 84
120 120 120 120
120 120 120 120
120 120 120 120
120 120 120 120
120 120 120 120
120 120 120 120
120 120 120 120
120 120 120 120
120 120 120 120
120 120 120 120
91 91 91 91
100 100 100 100
88 88 88 88
112 112 112 112
109 109 109 109
84 84 120 120
120 120 77 77
69 69 69 69
72 72 72 72
106 106 106 106
107 107 107 107
107 107 107 107
118 118 120 120
120 120 120 120
120 120 120 120
120 120 120 120
120 120 120 120
120 120 120 120
120 120 120 120
120 120 120 120
120 120 120 120
120 120 120 120
120 120 120 120
120 120 120 120
120 120 120 120
120 120 120 120
120 120 120 120
120 120 120 120
120 120 120 120
120 120 120 120
120 120 120 120
120 120 120 120
120 120 120 120
120 120 120 120
120 120 120 120
120 120 120 120
120 120 120 120
120 120 120 120
120 120 120 120
120 120 120 120
120 120 120 120
120 120 120 120
120 120 120 120
120 120 120 120
120 120 120 120
120 120 120 120
120 120 120 120
120 120 120 120
120 120 120 120
120 120 120 120
120 120 120 120
120 120 120 120
120 120 120 120
120 120 120 120
120 120 120 120
120 120 120 120
120 120 120 120
120 120 120 120
120 120 120 120
120 120 120 120
120 120 120 120
120 120 120 120
120 120 120 120
120 120 120 120
120 120 120 120
120 120 120 120
120 120 120 120
120 120 120 120
120 120 120 120
120 120 120 120
120 120 120 120
120 120 120 120
120 120 120 120
120 120 120 120
120 120 120 120
120 120 120 120
120 120 120 120
120 120 120 120
120 120 120 120
120 120 120 120
120 120 120 120
120 120 120 120
120 120 120 120
120 120 120 120
120 120 120 120
120 120 120 120
120 120 120 120
120 120 120 120

13 13 13 13
26 26 26 26
120 120 120 120
30 30 30 30
91 91 91 91
120 120 120 120
120 120 120 120
120 120 120 120
5 5 5 5
2 2 2 2
120 120 120 120
3 3 3 3
77 77 77 77
6 6 6 6
110 110 110 110
120 120 120 120
29 29 29 29
120 120 120 120
10 10 10 10
49 49 49 49
100 100 100 100
53 53 53 53
120 120 120 120
24 24 24 24
120 120 120 120
120 120 120 120
58 58 58 58
120 120 120 120
120 120 120 120
72 72 72 72
120 120 120 120
120 120 120 120
120 120 120 120
120 120 120 120
120 120 120 120
120 120 120 120
120 120 120 120
120 120 120 120
120 120 120 120
120 120 120 120
103 103 103 103
112 112 112 112
100 100 100 100
120 120 120 120
120 120 120 120
84 84 120 120
120 120 89 89
62 62 62 62
60 60 60 60
94 94 94 94
95 95 95 95
95 95 95 95
106 106 120 120
117 117 117 117
120 120 120 120
120 120 120 120
120 120 120 120
120 120 120 120
120 120 120 120
120 120 120 120
120 120 120 120
120 120 120 120
120 120 120 120
120 120 120 120
120 120 120 120
120 120 120 120
120 120 120 120
120 120 120 120
120 120 120 120
120 120 120 120
120 120 120 120
120 120 120 120
120 120 120 120
120 120 120 120
120 120 120 120
120 120 120 120
120 120 120 120
120 120 120 120
120 120 120 120
120 120 120 120
120 120 120 120
120 120 120 120
120 120 120 120
120 120 120 120
120 120 120 120
120 120 120 120
120 120 120 120
120 120 120 120
120 120 120 120
120 120 120 120
120 120 120 120
120 120 120 120
120 120 120 120
120 120 120 120
120 120 120 120
120 120 120 120
120 120 120 120
120 120 120 120
120 120 120 120
120 120 120 120
120 120 120 120
120 120 120 120
120 120 120 120
120 120 120 120
120 120 120 120
120 120 120 120
120 120 120 120
120 120 120 120
120 120 120 120
120 120 120 120
120 120 120 120
120 120 120 120
120 120 120 120
120 120 120 120
120 120 120 120
120 120 120 120
120 120 120 120
120 120 120 120
120 120 120 120
120 120 120 120
120 120 120 120
120 120 120 120
120 120 120 120
120 120 120 120
120 120 120 120
120 120 120 120
120 120 120 120
120 120 120 120

13 13 13 13
38 38 38 38
120 120 120 120
30 30 30 30
79 79 79 79
120 120 120 120
120 120 120 120
120 120 120 120
5 5 5 5
2 2 2 2
120 120 120 120
3 3 3 3
77 77 77 77
6 6 6 6
120 120 120 120
120 120 120 120
29 29 29 29
120 120 120 120
10 10 10 10
61 61 61 61
88 88 88 88
47 47 47 47
120 120 120 120
24 24 24 24
120 120 120 120
120 120 120 120
46 46 46 46
120 120 120 120
120 120 120 120
60 60 60 60
120 120 120 120
120 120 120 120
120 120 120 120
120 120 120 120
120 120 120 120
120 120 120 120
120 120 120 120
120 120 120 120
120 120 120 120
120 120 120 120
115 115 115 115
120 120 120 120
112 112 112 112
120 120 120 120
120 120 120 120
84 84 120 120
120 120 101 101
74 74 74 74
48 48 48 48
82 82 82 82
83 83 83 83
83 83 83 83
94 94 120 120
105 105 105 105
120 120 120 120
120 120 120 120
120 120 120 120
120 120 120 120
120 120 120 120
120 120 120 120
120 120 120 120
120 120 120 120
120 120 120 120
120 120 120 120
120 120 120 120
120 120 120 120
120 120 120 120
120 120 120 120
120 120 120 120
120 120 120 120
120 120 120 120
120 120 120 120
120 120 120 120
120 120 120 120
120 120 120 120
120 120 120 120
120 120 120 120
120 120 120 120
120 120 120 120
120 120 120 120
120 120 120 120
120 120 120 120
120 120 120 120
120 120 120 120
120 120 120 120
120 120 120 120
120 120 120 120
120 120 120 120
120 120 120 120
120 120 120 120
120 120 120 120
120 120 120 120
120 120 120 120
120 120 120 120
120 120 120 120
120 120 120 120
120 120 120 120
120 120 120 120
120 120 120 120
120 120 120 120
120 120 120 120
120 120 120 120
120 120 120 120
120 120 120 120
120 120 120 120
120 120 120 120
120 120 120 120
120 120 120 120
120 120 120 120
120 120 120 120
120 120 120 120
120 120 120 120
120 120 120 120
120 120 120 120
120 120 120 120
120 120 120 120
120 120 120 120
120 120 120 120
120 120 120 120
120 120 120 120
120 120 120 120
120 120 120 120
120 120 120 120
120 120 120 120
120 120 120 120
120 120 120 120
120 120 120 120
120 120 120 120

13 13 13 13
41 41 41 41
120 120 120 120
30 30 30 30
67 67 67 67
120 120 120 120
120 120 120 120
120 120 120 120
5 5 5 5
2 2 2 2
111 111 111 111
3 3 3 3
70 70 70 70
6 6 6 6
109 109 109 109
114 114 114 114
29 29 29 29
120 120 120 120
10 10 10 10
66 66 66 66
76 76 76 76
47 47 47 47
120 120 120 120
24 24 24 24
116 116 116 116
120 120 120 120
35 35 35 35
120 120 120 120
120 120 120 120
71 71 71 71
109 109 109 109
120 120 120 120
109 109 109 109
110 110 110 110
110 110 110 110
120 120 120 120
120 120 120 120
110 110 110 110
120 120 120 120
120 120 120 120
120 120 120 120
120 120 120 120
120 120 120 120
120 120 120 120
120 120 120 120
82 82 120 120
120 120 113 113
86 86 86 86
36 36 36 36
70 70 70 70
71 71 71 71
71 71 71 71
82 82 120 120
93 93 93 93
108 108 108 108
110 110 110 110
110 110 110 110
114 114 114 114
115 115 115 115
116 116 116 116
120 120 120 120
120 120 120 120
120 120 120 120
120 120 120 120
120 120 120 120
120 120 120 120
120 120 120 120
120 120 120 120
120 120 120 120
120 120 120 120
120 120 120 120
120 120 120 120
120 120 120 120
120 120 120 120
120 120 120 120
120 120 120 120
120 120 120 120
120 120 120 120
120 120 120 120
120 120 120 120
120 120 120 120
120 120 120 120
120 120 120 120
120 120 120 120
120 120 120 120
120 120 120 120
120 120 120 120
120 120 120 120
120 120 120 120
120 120 120 120
120 120 120 120
120 120 120 120
120 120 120 120
120 120 120 120
120 120 120 120
120 120 120 120
120 120 120 120
120 120 120 120
120 120 120 120
120 120 120 120
120 120 120 120
120 120 120 120
120 120 120 120
120 120 120 120
120 120 120 120
120 120 120 120
120 120 120 120
120 120 120 120
120 120 120 120
120 120 120 120
120 120 120 120
120 120 120 120
120 120 120 120
120 120 120 120
120 120 120 120
120 120 120 120
120 120 120 120
120 120 120 120
120 120 120 120
120 120 120 120
120 120 120 120
120 120 120 120
120 120 120 120
120 120 120 120
120 120 120 120
120 120 120 120
120 120 120 120
120 120 120 120

18 18 18 18
41 41 41 41
120 120 120 120
18 18 18 18
55 55 55 55
120 120 120 120
120 120 120 120
120 120 120 120
5 5 5 5
1 1 1 1
99 99 99 99
3 3 3 3
58 58 58 58
6 6 6 6
97 97 97 97
102 102 102 102
29 29 29 29
120 120 120 120
6 6 6 6
66 66 66 66
64 64 64 64
47 47 47 47
120 120 120 120
23 23 23 23
104 104 104 104
120 120 120 120
35 35 35 35
120 120 120 120
120 120 120 120
83 83 83 83
97 97 97 97
120 120 120 120
97 97 97 97
98 98 98 98
98 98 98 98
120 120 120 120
120 120 120 120
98 98 98 98
120 120 120 120
120 120 120 120
120 120 120 120
120 120 120 120
120 120 120 120
120 120 120 120
120 120 120 120
70 70 120 120
120 120 120 120
98 98 98 98
43 43 43 43
58 58 58 58
59 59 59 59
59 59 59 59
70 70 120 120
81 81 81 81
96 96 96 96
98 98 98 98
98 98 98 98
102 102 102 102
103 103 103 103
104 104 104 104
120 120 120 120
120 120 120 120
120 120 120 120
120 120 120 120
120 120 120 120
120 120 120 120
120 120 120 120
120 120 120 120
120 120 120 120
120 120 120 120
120 120 120 120
120 120 120 120
120 120 120 120
120 120 120 120
120 120 120 120
120 120 120 120
120 120 120 120
120 120 120 120
120 120 120 120
120 120 120 120
120 120 120 120
120 120 120 120
120 120 120 120
120 120 120 120
120 120 120 120
120 120 120 120
120 120 120 120
120 120 120 120
120 120 120 120
120 120 120 120
120 120 120 120
120 120 120 120
120 120 120 120
120 120 120 120
120 120 120 120
120 120 120 120
120 120 120 120
120 120 120 120
120 120 120 120
120 120 120 120
120 120 120 120
120 120 120 120
120 120 120 120
120 120 120 120
120 120 120 120
120 120 120 120
120 120 120 120
120 120 120 120
120 120 120 120
120 120 120 120
120 120 120 120
120 120 120 120
120 120 120 120
120 120 120 120
120 120 120 120
120 120 120 120
120 120 120 120
120 120 120 120
120 120 120 120
120 120 120 120
120 120 120 120
120 120 120 120
120 120 120 120
120 120 120 120
120 120 120 120
120 120 120 120
120 120 120 120
120 120 120 120

30 30 30 30
41 41 41 41
120 120 120 120
24 24 24 24
43 43 43 43
120 120 120 120
120 120 120 120
120 120 120 120
5 5 5 5
1 1 1 1
87 87 87 87
2 2 2 2
46 46 46 46
6 6 6 6
85 85 85 85
90 90 90 90
29 29 29 29
120 120 120 120
5 5 5 5
66 66 66 66
52 52 52 52
47 47 47 47
120 120 120 120
11 11 11 11
92 92 92 92
120 120 120 120
35 35 35 35
120 120 120 120
120 120 120 120
95 95 95 95
85 85 85 85
120 120 120 120
85 85 85 85
86 86 86 86
86 86 86 86
120 120 120 120
120 120 120 120
86 86 86 86
120 120 120 120
120 120 120 120
120 120 120 120
120 120 120 120
120 120 120 120
113 113 113 113
120 120 120 120
58 58 120 120
120 120 120 120
110 110 110 110
55 55 55 55
46 46 46 46
47 47 47 47
47 47 47 47
61 61 120 120
69 69 69 69
84 84 84 84
86 86 86 86
86 86 86 86
90 90 90 90
91 91 91 91
92 92 92 92
120 120 120 120
120 120 120 120
120 120 120 120
120 120 120 120
120 120 120 120
120 120 120 120
120 120 120 120
120 120 120 120
120 120 120 120
120 120 120 120
120 120 120 120
120 120 120 120
120 120 120 120
120 120 120 120
120 120 120 120
120 120 120 120
120 120 120 120
120 120 120 120
120 120 120 120
120 120 120 120
120 120 120 120
120 120 120 120
120 120 120 120
120 120 120 120
120 120 120 120
120 120 120 120
120 120 120 120
120 120 120 120
120 120 120 120
120 120 120 120
120 120 120 120
120 120 120 120
120 120 120 120
120 120 120 120
120 120 120 120
120 120 120 120
120 120 120 120
120 120 120 120
120 120 120 120
120 120 120 120
120 120 120 120
120 120 120 120
120 120 120 120
120 120 120 120
120 120 120 120
120 120 120 120
120 120 120 120
120 120 120 120
120 120 120 120
120 120 120 120
120 120 120 120
120 120 120 120
120 120 120 120
120 120 120 120
120 120 120 120
120 120 120 120
120 120 120 120
120 120 120 120
120 120 120 120
120 120 120 120
120 120 120 120
120 120 120 120
120 120 120 120
120 120 120 120
120 120 120 120
120 120 120 120
120 120 120 120
120 120 120 120

42 42 42 42
41 41 41 41
120 120 120 120
36 36 36 36
31 31 31 31
120 120 120 120
120 120 120 120
120 120 120 120
5 5 5 5
1 1 1 1
75 75 75 75
2 2 2 2
38 38 38 38
6 6 6 6
73 73 73 73
78 78 78 78
29 29 29 29
120 120 120 120
5 5 5 5
66 66 66 66
45 45 45 45
41 41 41 41
120 120 120 120
11 11 11 11
80 80 80 80
120 120 120 120
44 44 44 44
120 120 120 120
120 120 120 120
102 102 102 102
73 73 73 73
120 120 120 120
73 73 73 73
74 74 74 74
74 74 74 74
120 120 120 120
120 120 120 120
74 74 74 74
120 120 120 120
120 120 120 120
120 120 120 120
120 120 120 120
120 120 120 120
101 101 101 101
120 120 120 120
46 46 120 120
120 120 120 120
120 120 120 120
67 67 67 67
34 34 34 34
35 35 35 35
35 35 35 35
73 73 120 120
62 62 62 62
72 72 72 72
74 74 74 74
74 74 74 74
78 78 78 78
79 79 79 79
80 80 80 80
117 117 117 117
120 120 120 120
120 120 120 120
120 120 120 120
120 120 120 120
120 120 120 120
120 120 120 120
120 120 120 120
120 120 120 120
120 120 120 120
120 120 120 120
120 120 120 120
120 120 120 120
120 120 120 120
120 120 120 120
120 120 120 120
120 120 120 120
120 120 120 120
120 120 120 120
120 120 120 120
120 120 120 120
120 120 120 120
120 120 120 120
120 120 120 120
120 120 120 120
120 120 120 120
120 120 120 120
120 120 120 120
120 120 120 120
120 120 120 120
120 120 120 120
120 120 120 120
120 120 120 120
120 120 120 120
120 120 120 120
120 120 120 120
120 120 120 120
120 120 120 120
120 120 120 120
120 120 120 120
120 120 120 120
120 120 120 120
120 120 120 120
120 120 120 120
120 120 120 120
120 120 120 120
120 120 120 120
120 120 120 120
120 120 120 120
120 120 120 120
120 120 120 120
120 120 120 120
120 120 120 120
120 120 120 120
120 120 120 120
120 120 120 120
120 120 120 120
120 120 120 120
120 120 120 120
120 120 120 120
120 120 120 120
120 120 120 120
120 120 120 120
120 120 120 120
120 120 120 120
120 120 120 120
120 120 120 120
120 120 120 120

47 47 47 47
41 41 41 41
120 120 120 120
36 36 36 36
19 19 19 19
120 120 120 120
120 120 120 120
120 120 120 120
5 5 5 5
1 1 1 1
63 63 63 63
2 2 2 2
38 38 38 38
6 6 6 6
61 61 61 61
66 66 66 66
22 22 22 22
120 120 120 120
5 5 5 5
65 65 65 65
57 57 57 57
29 29 29 29
120 120 120 120
7 7 7 7
68 68 68 68
120 120 120 120
56 56 56 56
120 120 120 120
120 120 120 120
102 102 102 102
61 61 61 61
120 120 120 120
61 61 61 61
62 62 62 62
62 62 62 62
120 120 120 120
120 120 120 120
62 62 62 62
120 120 120 120
120 120 120 120
120 120 120 120
120 120 120 120
120 120 120 120
89 89 89 89
120 120 120 120
34 34 120 120
120 120 120 120
120 120 120 120
79 79 79 79
22 22 22 22
23 23 23 23
23 23 23 23
85 85 120 120
74 74 74 74
60 60 60 60
62 62 62 62
62 62 62 62
66 66 66 66
67 67 67 67
68 68 68 68
105 105 105 105
116 116 116 116
116 116 116 116
116 116 116 116
120 120 120 120
120 120 120 120
120 120 120 120
120 120 120 120
120 120 120 120
120 120 120 120
120 120 120 120
120 120 120 120
120 120 120 120
120 120 120 120
120 120 120 120
120 120 120 120
120 120 120 120
120 120 120 120
120 120 120 120
120 120 120 120
120 120 120 120
120 120 120 120
120 120 120 120
120 120 120 120
120 120 120 120
120 120 120 120
120 120 120 120
120 120 120 120
120 120 120 120
120 120 120 120
120 120 120 120
120 120 120 120
120 120 120 120
120 120 120 120
120 120 120 120
120 120 120 120
120 120 120 120
120 120 120 120
120 120 120 120
120 120 120 120
120 120 120 120
120 120 120 120
120 120 120 120
120 120 120 120
120 120 120 120
120 120 120 120
120 120 120 120
120 120 120 120
120 120 120 120
120 120 120 120
120 120 120 120
120 120 120 120
120 120 120 120
120 120 120 120
120 120 120 120
120 120 120 120
120 120 120 120
120 120 120 120
120 120 120 120
120 120 120 120
120 120 120 120
120 120 120 120
120 120 120 120
120 120 120 120
120 120 120 120
120 120 120 120
120 120 120 120
120 120 120 120

47 47 47 47
41 41 41 41
120 120 120 120
36 36 36 36
11 11 11 11
120 120 120 120
120 120 120 120
120 120 120 120
5 5 5 5
1 1 1 1
51 51 51 51
2 2 2 2
38 38 38 38
5 5 5 5
49 49 49 49
54 54 54 54
19 19 19 19
120 120 120 120
5 5 5 5
53 53 53 53
69 69 69 69
27 27 27 27
120 120 120 120
7 7 7 7
62 62 62 62
120 120 120 120
68 68 68 68
120 120 120 120
117 117 117 117
91 91 91 91
66 66 66 66
120 120 120 120
69 69 69 69
69 69 69 69
69 69 69 69
120 120 120 120
120 120 120 120
69 69 69 69
120 120 120 120
120 120 120 120
120 120 120 120
120 120 120 120
120 120 120 120
77 77 77 77
120 120 120 120
46 46 120 120
120 120 120 120
120 120 120 120
91 91 91 91
10 10 10 10
11 11 11 11
11 11 11 11
97 97 120 120
86 86 86 86
69 69 69 69
69 69 69 69
68 68 68 68
54 54 54 54
55 55 55 55
56 56 56 56
93 93 93 93
104 104 104 104
104 104 104 104
104 104 104 104
115 115 115 115
116 116 116 116
116 116 116 116
116 116 116 116
116 116 116 116
117 117 117 117
117 117 117 117
117 117 117 117
117 117 117 117
117 117 117 117
117 117 117 117
118 118 118 118
120 120 120 120
120 120 120 120
120 120 120 120
120 120 120 120
120 120 120 120
120 120 120 120
120 120 120 120
120 120 120 120
120 120 120 120
120 120 120 120
120 120 120 120
120 120 120 120
120 120 120 120
120 120 120 120
120 120 120 120
120 120 120 120
120 120 120 120
120 120 120 120
120 120 120 120
120 120 120 120
120 120 120 120
120 120 120 120
120 120 120 120
120 120 120 120
120 120 120 120
120 120 120 120
120 120 120 120
120 120 120 120
120 120 120 120
120 120 120 120
120 120 120 120
120 120 120 120
120 120 120 120
120 120 120 120
120 120 120 120
120 120 120 120
120 120 120 120
120 120 120 120
120 120 120 120
120 120 120 120
120 120 120 120
120 120 120 120
120 120 120 120
120 120 120 120
120 120 120 120
120 120 120 120
120 120 120 120
120 120 120 120
120 120 120 120
120 120 120 120
120 120 120 120
120 120 120 120

47 47 47 47
39 39 39 39
120 120 120 120
36 36 36 36
11 11 11 11
120 120 120 120
120 120 120 120
120 120 120 120
5 5 5 5
2 2 2 2
46 46 46 46
3 3 3 3
48 48 48 48
5 5 5 5
40 40 40 40
42 42 42 42
19 19 19 19
120 120 120 120
6 6 6 6
41 41 41 41
81 81 81 81
27 27 27 27
120 120 120 120
7 7 7 7
74 74 74 74
120 120 120 120
80 80 80 80
120 120 120 120
105 105 105 105
79 79 79 79
66 66 66 66
120 120 120 120
81 81 81 81
81 81 81 81
81 81 81 81
120 120 120 120
120 120 120 120
81 81 81 81
120 120 120 120
120 120 120 120
120 120 120 120
120 120 120 120
109 109 109 109
65 65 65 65
120 120 120 120
51 51 120 120
120 120 120 120
120 120 120 120
103 103 103 103
9 9 9 9
11 11 11 11
16 16 16 16
109 109 120 120
98 98 98 98
81 81 81 81
81 81 81 81
80 80 80 80
43 43 43 43
50 50 50 50
44 44 44 44
81 81 81 81
92 92 92 92
92 92 92 92
92 92 92 92
103 103 103 103
104 104 104 104
104 104 104 104
104 104 104 104
104 104 104 104
105 105 105 105
105 105 105 105
105 105 105 105
105 105 105 105
105 105 105 105
105 105 105 105
106 106 106 106
113 113 113 113
113 113 113 113
113 113 113 113
113 113 113 113
113 113 113 113
113 113 113 113
113 113 113 113
113 113 113 113
115 115 115 115
115 115 115 115
115 115 115 115
120 120 120 120
120 120 120 120
120 120 120 120
120 120 120 120
120 120 120 120
120 120 120 120
120 120 120 120
120 120 120 120
120 120 120 120
120 120 120 120
120 120 120 120
120 120 120 120
120 120 120 120
120 120 120 120
120 120 120 120
120 120 120 120
120 120 120 120
120 120 120 120
120 120 120 120
120 120 120 120
120 120 120 120
120 120 120 120
120 120 120 120
120 120 120 120
120 120 120 120
120 120 120 120
120 120 120 120
120 120 120 120
120 120 120 120
120 120 120 120
120 120 120 120
120 120 120 120
120 120 120 120
120 120 120 120
120 120 120 120
120 120 120 120
120 120 120 120
120 120 120 120
120 120 120 120
120 120 120 120
120 120 120 120

47 47 47 47
27 27 27 27
120 120 120 120
47 47 47 47
11 11 11 11
120 120 120 120
120 120 120 120
120 120 120 120
5 5 5 5
2 2 2 2
58 58 58 58
3 3 3 3
60 60 60 60
5 5 5 5
40 40 40 40
52 52 52 52
19 19 19 19
120 120 120 120
6 6 6 6
29 29 29 29
93 93 93 93
33 33 33 33
120 120 120 120
7 7 7 7
86 86 86 86
120 120 120 120
92 92 92 92
120 120 120 120
93 93 93 93
67 67 67 67
66 66 66 66
120 120 120 120
93 93 93 93
93 93 93 93
93 93 93 93
120 120 120 120
120 120 120 120
93 93 93 93
120 120 120 120
120 120 120 120
120 120 120 120
120 120 120 120
97 97 97 97
53 53 53 53
120 120 120 120
51 51 120 120
120 120 120 120
120 120 120 120
115 115 115 115
10 10 10 10
11 11 11 11
28 28 28 28
120 120 120 120
110 110 110 110
93 93 93 93
93 93 93 93
92 92 92 92
55 55 55 55
62 62 62 62
52 52 52 52
69 69 69 69
80 80 80 80
80 80 80 80
80 80 80 80
91 91 91 91
92 92 92 92
92 92 92 92
92 92 92 92
92 92 92 92
93 93 93 93
93 93 93 93
93 93 93 93
93 93 93 93
93 93 93 93
93 93 93 93
94 94 94 94
101 101 101 101
101 101 101 101
101 101 101 101
101 101 101 101
101 101 101 101
101 101 101 101
101 101 101 101
101 101 101 101
103 103 103 103
103 103 103 103
103 103 103 103
118 118 118 118
120 120 120 120
120 120 120 120
120 120 120 120
120 120 120 120
120 120 120 120
120 120 120 120
120 120 120 120
120 120 120 120
120 120 120 120
120 120 120 120
120 120 120 120
120 120 120 120
120 120 120 120
120 120 120 120
120 120 120 120
120 120 120 120
120 120 120 120
120 120 120 120
120 120 120 120
120 120 120 120
120 120 120 120
120 120 120 120
120 120 120 120
120 120 120 120
120 120 120 120
120 120 120 120
120 120 120 120
120 120 120 120
120 120 120 120
120 120 120 120
120 120 120 120
120 120 120 120
120 120 120 120
120 120 120 120
120 120 120 120
120 120 120 120
120 120 120 120
120 120 120 120
120 120 120 120
120 120 120 120

47 47 47 47
15 15 15 15
120 120 120 120
59 59 59 59
11 11 11 11
120 120 120 120
120 120 120 120
120 120 120 120
5 5 5 5
2 2 2 2
70 70 70 70
3 3 3 3
72 72 72 72
5 5 5 5
40 40 40 40
64 64 64 64
19 19 19 19
120 120 120 120
6 6 6 6
17 17 17 17
105 105 105 105
39 39 39 39
120 120 120 120
7 7 7 7
98 98 98 98
120 120 120 120
104 104 104 104
120 120 120 120
81 81 81 81
64 64 64 64
66 66 66 66
120 120 120 120
105 105 105 105
105 105 105 105
105 105 105 105
120 120 120 120
120 120 120 120
105 105 105 105
120 120 120 120
120 120 120 120
120 120 120 120
120 120 120 120
85 85 85 85
41 41 41 41
120 120 120 120
51 51 120 120
120 120 120 120
120 120 120 120
120 120 120 120
10 10 10 10
18 18 18 18
40 40 40 40
120 120 120 120
120 120 120 120
105 105 105 105
105 105 105 105
104 104 104 104
67 67 67 67
74 74 74 74
64 64 64 64
59 59 59 59
68 68 68 68
68 68 68 68
68 68 68 68
79 79 79 79
80 80 80 80
80 80 80 80
80 80 80 80
80 80 80 80
81 81 81 81
81 81 81 81
81 81 81 81
81 81 81 81
81 81 81 81
81 81 81 81
82 82 82 82
89 89 89 89
89 89 89 89
89 89 89 89
89 89 89 89
89 89 89 89
89 89 89 89
89 89 89 89
89 89 89 89
91 91 91 91
91 91 91 91
91 91 91 91
106 106 106 106
119 119 119 119
120 120 120 120
120 120 120 120
120 120 120 120
120 120 120 120
120 120 120 120
120 120 120 120
120 120 120 120
120 120 120 120
120 120 120 120
120 120 120 120
120 120 120 120
120 120 120 120
120 120 120 120
120 120 120 120
120 120 120 120
120 120 120 120
120 120 120 120
120 120 120 120
120 120 120 120
120 120 120 120
120 120 120 120
120 120 120 120
120 120 120 120
120 120 120 120
120 120 120 120
120 120 120 120
120 120 120 120
120 120 120 120
120 120 120 120
120 120 120 120
120 120 120 120
120 120 120 120
120 120 120 120
120 120 120 120
120 120 120 120
120 120 120 120
120 120 120 120
120 120 120 120
120 120 120 120

47 47 47 47
5 5 5 5
120 120 120 120
59 59 59 59
11 11 11 11
120 120 120 120
120 120 120 120
120 120 120 120
5 5 5 5
2 2 2 2
82 82 82 82
3 3 3 3
84 84 84 84
5 5 5 5
40 40 40 40
76 76 76 76
19 19 19 19
120 120 120 120
6 6 6 6
5 5 5 5
117 117 117 117
39 39 39 39
120 120 120 120
7 7 7 7
110 110 110 110
120 120 120 120
116 116 116 116
120 120 120 120
69 69 69 69
76 76 76 76
66 66 66 66
120 120 120 120
117 117 117 117
117 117 117 117
117 117 117 117
120 120 120 120
120 120 120 120
117 117 117 117
113 113 113 113
120 120 120 120
120 120 120 120
120 120 120 120
73 73 73 73
29 29 29 29
120 120 120 120
51 51 120 120
120 120 120 120
120 120 120 120
120 120 120 120
21 21 21 21
30 30 30 30
52 52 52 52
120 120 120 120
120 120 120 120
117 117 117 117
117 117 117 117
116 116 116 116
79 79 79 79
86 86 86 86
76 76 76 76
59 59 59 59
56 56 56 56
56 56 56 56
56 56 56 56
67 67 67 67
68 68 68 68
68 68 68 68
68 68 68 68
68 68 68 68
69 69 69 69
69 69 69 69
69 69 69 69
69 69 69 69
69 69 69 69
69 69 69 69
70 70 70 70
77 77 77 77
77 77 77 77
77 77 77 77
77 77 77 77
77 77 77 77
77 77 77 77
77 77 77 77
77 77 77 77
79 79 79 79
79 79 79 79
79 79 79 79
94 94 94 94
107 107 107 107
108 108 108 108
109 109 109 109
109 109 109 109
109 109 109 109
109 109 109 109
113 113 113 113
113 113 113 113
113 113 113 113
113 113 113 113
113 113 113 113
113 113 113 113
114 114 114 114
115 115 115 115
115 115 115 115
115 115 115 115
117 117 117 117
120 120 120 120
120 120 120 120
120 120 120 120
120 120 120 120
120 120 120 120
120 120 120 120
120 120 120 120
120 120 120 120
120 120 120 120
120 120 120 120
120 120 120 120
120 120 120 120
120 120 120 120
120 120 120 120
120 120 120 120
120 120 120 120
120 120 120 120
120 120 120 120
120 120 120 120
120 120 120 120
120 120 120 120
120 120 120 120
120 120 120 120

44 44 44 44
5 5 5 5
120 120 120 120
59 59 59 59
11 11 11 11
120 120 120 120
120 120 120 120
120 120 120 120
5 5 5 5
2 2 2 2
94 94 94 94
3 3 3 3
96 96 96 96
5 5 5 5
51 51 51 51
88 88 88 88
19 19 19 19
120 120 120 120
6 6 6 6
4 4 4 4
120 120 120 120
39 39 39 39
120 120 120 120
7 7 7 7
120 120 120 120
120 120 120 120
120 120 120 120
120 120 120 120
57 57 57 57
88 88 88 88
56 56 56 56
120 120 120 120
120 120 120 120
120 120 120 120
120 120 120 120
120 120 120 120
120 120 120 120
120 120 120 120
101 101 101 101
120 120 120 120
120 120 120 120
120 120 120 120
61 61 61 61
18 18 18 18
120 120 120 120
51 51 120 120
120 120 120 120
120 120 120 120
120 120 120 120
31 31 31 31
42 42 42 42
64 64 64 64
120 120 120 120
120 120 120 120
120 120 120 120
120 120 120 120
120 120 120 120
91 91 91 91
91 91 91 91
88 88 88 88
59 59 59 59
44 44 44 44
44 44 44 44
44 44 44 44
55 55 55 55
56 56 56 56
56 56 56 56
56 56 56 56
56 56 56 56
62 62 62 62
57 57 57 57
57 57 57 57
57 57 57 57
57 57 57 57
57 57 57 57
58 58 58 58
65 65 65 65
65 65 65 65
65 65 65 65
65 65 65 65
65 65 65 65
65 65 65 65
65 65 65 65
65 65 65 65
67 67 67 67
67 67 67 67
67 67 67 67
82 82 82 82
95 95 95 95
96 96 96 96
97 97 97 97
97 97 97 97
97 97 97 97
97 97 97 97
101 101 101 101
101 101 101 101
101 101 101 101
101 101 101 101
101 101 101 101
101 101 101 101
102 102 102 102
103 103 103 103
103 103 103 103
103 103 103 103
105 105 105 105
112 112 112 112
114 114 114 114
117 117 117 117
118 118 118 118
118 118 118 118
118 118 118 118
118 118 118 118
119 119 119 119
119 119 119 119
120 120 120 120
120 120 120 120
120 120 120 120
120 120 120 120
120 120 120 120
120 120 120 120
120 120 120 120
120 120 120 120
120 120 120 120
120 120 120 120
120 120 120 120
120 120 120 120
120 120 120 120
120 120 120 120

56 56 56 56
5 5 5 5
120 120 120 120
59 59 59 59
11 11 11 11
112 112 112 112
112 112 112 112
120 120 120 120
5 5 5 5
2 2 2 2
106 106 106 106
3 3 3 3
108 108 108 108
6 6 6 6
55 55 55 55
100 100 100 100
19 19 19 19
120 120 120 120
6 6 6 6
16 16 16 16
120 120 120 120
41 41 41 41
120 120 120 120
7 7 7 7
120 120 120 120
120 120 120 120
114 114 114 114
120 120 120 120
45 45 45 45
100 100 100 100
44 44 44 44
120 120 120 120
120 120 120 120
120 120 120 120
120 120 120 120
120 120 120 120
120 120 120 120
120 120 120 120
89 89 89 89
120 120 120 120
120 120 120 120
120 120 120 120
49 49 49 49
28 28 28 28
120 120 120 120
51 51 120 120
120 120 120 120
120 120 120 120
120 120 120 120
31 31 31 31
54 54 54 54
76 76 76 76
120 120 120 120
120 120 120 120
120 120 120 120
120 120 120 120
110 110 110 110
103 103 103 103
91 91 91 91
100 100 100 100
59 59 59 59
53 53 53 53
53 53 53 53
53 53 53 53
43 43 43 43
44 44 44 44
44 44 44 44
44 44 44 44
44 44 44 44
74 74 74 74
45 45 45 45
58 58 58 58
45 45 45 45
45 45 45 45
67 67 67 67
66 66 66 66
65 65 65 65
53 53 53 53
66 66 66 66
65 65 65 65
53 53 53 53
53 53 53 53
53 53 53 53
63 63 63 63
55 55 55 55
55 55 55 55
63 63 63 63
70 70 70 70
83 83 83 83
84 84 84 84
85 85 85 85
85 85 85 85
85 85 85 85
85 85 85 85
89 89 89 89
89 89 89 89
89 89 89 89
89 89 89 89
89 89 89 89
89 89 89 89
90 90 90 90
91 91 91 91
91 91 91 91
91 91 91 91
93 93 93 93
100 100 100 100
102 102 102 102
105 105 105 105
106 106 106 106
106 106 106 106
106 106 106 106
106 106 106 106
107 107 107 107
107 107 107 107
112 112 112 112
112 112 112 112
120 120 120 120
120 120 120 120
120 120 120 120
120 120 120 120
120 120 120 120
120 120 120 120
120 120 120 120
120 120 120 120
120 120 120 120
120 120 120 120
120 120 120 120
120 120 120 120

68 68 68 68
6 6 6 6
120 120 120 120
59 59 59 59
11 11 11 11
100 100 100 100
100 100 100 100
120 120 120 120
5 5 5 5
2 2 2 2
118 118 118 118
3 3 3 3
120 120 120 120
6 6 6 6
55 55 55 55
112 112 112 112
19 19 19 19
120 120 120 120
6 6 6 6
28 28 28 28
112 112 112 112
53 53 53 53
120 120 120 120
7 7 7 7
120 120 120 120
120 120 120 120
102 102 102 102
120 120 120 120
33 33 33 33
112 112 112 112
32 32 32 32
120 120 120 120
120 120 120 120
120 120 120 120
120 120 120 120
120 120 120 120
120 120 120 120
120 120 120 120
77 77 77 77
120 120 120 120
120 120 120 120
120 120 120 120
48 48 48 48
40 40 40 40
120 120 120 120
61 61 120 120
120 120 120 120
120 120 120 120
120 120 120 120
31 31 31 31
66 66 66 66
88 88 88 88
120 120 120 120
120 120 120 120
120 120 120 120
120 120 120 120
98 98 98 98
115 115 115 115
89 89 89 89
112 112 112 112
59 59 59 59
65 65 65 65
65 65 65 65
65 65 65 65
31 31 31 31
32 32 32 32
46 46 46 46
37 37 37 37
39 39 39 39
86 86 86 86
42 42 42 42
70 70 70 70
33 33 33 33
33 33 33 33
79 79 79 79
78 78 78 78
77 77 77 77
41 41 41 41
78 78 78 78
77 77 77 77
65 65 65 65
64 64 64 64
54 54 54 54
75 75 75 75
53 53 51 51
43 43 43 43
75 75 75 75
58 58 58 58
71 71 71 71
72 72 72 72
73 73 73 73
73 73 73 73
73 73 73 73
73 73 73 73
77 77 77 77
77 77 77 77
77 77 77 77
77 77 77 77
77 77 77 77
77 77 77 77
78 78 78 78
79 79 79 79
79 79 79 79
79 79 79 79
81 81 81 81
88 88 88 88
90 90 90 90
93 93 93 93
94 94 94 94
94 94 94 94
94 94 94 94
94 94 94 94
95 95 95 95
95 95 95 95
100 100 100 100
100 100 100 100
112 112 112 112
120 120 120 120
120 120 120 120
120 120 120 120
120 120 120 120
120 120 120 120
120 120 120 120
120 120 120 120
120 120 120 120
120 120 120 120
120 120 120 120
120 120 120 120

80 80 80 80
6 6 6 6
120 120 120 120
59 59 59 59
11 11 11 11
88 88 88 88
88 88 88 88
120 120 120 120
5 5 5 5
2 2 2 2
120 120 120 120
3 3 3 3
120 120 120 120
6 6 6 6
55 55 55 55
120 120 120 120
11 11 11 11
120 120 120 120
6 6 6 6
40 40 40 40
100 100 100 100
59 59 59 59
120 120 120 120
9 9 9 9
120 120 120 120
120 120 120 120
90 90 90 90
120 120 120 120
21 21 21 21
120 120 120 120
20 20 20 20
120 120 120 120
120 120 120 120
120 120 120 120
120 120 120 120
120 120 120 120
120 120 120 120
120 120 120 120
65 65 65 65
120 120 120 120
120 120 120 120
120 120 120 120
60 60 60 60
52 52 52 52
120 120 120 120
73 73 120 120
120 120 120 120
117 117 117 117
120 120 120 120
31 31 31 31
78 78 78 78
100 100 100 100
120 120 120 120
120 120 120 120
120 120 120 120
120 120 120 120
86 86 86 86
120 120 120 120
77 77 77 77
120 120 120 120
62 62 62 62
77 77 77 77
77 77 77 77
77 77 77 77
26 26 26 26
35 35 35 35
58 58 58 58
37 37 37 37
39 39 39 39
98 98 98 98
54 54 54 54
82 82 82 82
21 21 21 21
37 37 35 35
91 91 91 91
90 90 90 90
89 89 89 89
53 53 53 53
90 90 90 90
89 89 89 89
77 77 77 77
76 76 76 76
66 66 66 66
87 87 87 87
65 65 63 63
54 54 54 54
87 87 87 87
49 49 49 49
59 59 59 59
60 60 60 60
61 61 61 61
61 61 61 61
61 61 61 61
61 61 61 61
65 65 65 65
65 65 65 65
65 65 65 65
65 65 65 65
65 65 65 65
65 65 65 65
66 66 66 66
67 67 67 67
67 67 67 67
67 67 67 67
69 69 69 69
76 76 76 76
78 78 78 78
81 81 81 81
82 82 82 82
82 82 82 82
82 82 82 82
82 82 82 82
83 83 83 83
83 83 83 83
88 88 88 88
88 88 88 88
100 100 100 100
120 120 120 120
120 120 120 120
120 120 120 120
120 120 120 120
120 120 120 120
120 120 120 120
120 120 120 120
120 120 120 120
120 120 120 120
120 120 120 120
120 120 120 120

92 92 92 92
6 6 6 6
120 120 120 120
48 48 48 48
11 11 11 11
76 76 76 76
76 76 76 76
120 120 120 120
5 5 5 5
2 2 2 2
120 120 120 120
3 3 3 3
111 111 111 111
6 6 6 6
55 55 55 55
120 120 120 120
11 11 11 11
120 120 120 120
6 6 6 6
52 52 52 52
88 88 88 88
59 59 59 59
120 120 120 120
11 11 11 11
120 120 120 120
120 120 120 120
78 78 78 78
120 120 120 120
27 27 27 27
120 120 120 120
29 29 29 29
119 119 119 119
118 118 118 118
118 118 118 118
118 118 118 118
120 120 120 120
120 120 120 120
118 118 118 118
53 53 53 53
120 120 120 120
120 120 120 120
120 120 120 120
72 72 72 72
64 64 64 64
120 120 120 120
84 84 120 120
120 120 120 120
105 105 105 105
120 120 120 120
31 31 31 31
90 90 90 90
112 112 112 112
120 120 120 120
120 120 120 120
120 120 120 120
119 119 119 119
74 74 74 74
120 120 120 120
65 65 65 65
120 120 120 120
74 74 74 74
89 89 89 89
89 89 89 89
89 89 89 89
26 26 26 26
47 47 47 47
70 70 70 70
37 37 37 37
43 43 43 43
110 110 110 110
66 66 66 66
94 94 94 94
11 11 11 11
49 49 47 47
103 103 103 103
102 102 102 102
101 101 101 101
65 65 65 65
102 102 102 102
101 101 101 101
89 89 89 89
88 88 88 88
78 78 78 78
99 99 99 99
77 77 75 75
66 66 66 66
99 99 99 99
61 61 61 61
47 47 47 47
48 48 48 48
63 63 63 63
70 70 70 70
70 70 70 70
49 49 49 49
53 53 53 53
53 53 53 53
53 53 53 53
53 53 53 53
53 53 53 53
53 53 53 53
54 54 54 54
55 55 55 55
55 55 55 55
55 55 55 55
57 57 57 57
64 64 64 64
66 66 66 66
69 69 69 69
70 70 70 70
70 70 70 70
70 70 70 70
70 70 70 70
71 71 71 71
71 71 71 71
76 76 76 76
76 76 76 76
88 88 88 88
118 118 118 118
118 118 118 118
118 118 118 118
118 118 118 118
119 119 119 119
119 119 119 119
120 120 120 120
120 120 120 120
120 120 120 120
120 120 120 120
120 120 120 120

104 104 104 104
6 6 6 6
120 120 120 120
36 36 36 36
11 11 11 11
64 64 64 64
64 64 64 64
120 120 120 120
5 5 5 5
2 2 2 2
120 120 120 120
3 3 3 3
99 99 99 99
7 7 7 7
55 55 55 55
120 120 120 120
11 11 11 11
120 120 120 120
6 6 6 6
55 55 55 55
76 76 76 76
59 59 59 59
120 120 120 120
11 11 11 11
120 120 120 120
120 120 120 120
66 66 66 66
120 120 120 120
28 28 28 28
120 120 120 120
29 29 29 29
107 107 107 107
106 106 106 106
106 106 106 106
106 106 106 106
120 120 120 120
120 120 120 120
106 106 106 106
41 41 41 41
120 120 120 120
120 120 120 120
120 120 120 120
84 84 84 84
76 76 76 76
120 120 120 120
84 84 120 120
120 120 120 120
93 93 93 93
120 120 120 120
31 31 31 31
102 102 102 102
120 120 120 120
120 120 120 120
120 120 120 120
120 120 120 120
107 107 107 107
62 62 62 62
120 120 120 120
53 53 53 53
120 120 120 120
86 86 86 86
101 101 101 101
101 101 101 101
101 101 101 101
32 32 32 32
59 59 59 59
82 82 82 82
48 48 48 48
55 55 55 55
120 120 120 120
78 78 78 78
106 106 106 106
12 12 12 12
61 61 59 59
115 115 115 115
114 114 114 114
113 113 113 113
77 77 77 77
114 114 114 114
113 113 113 113
101 101 101 101
100 100 100 100
90 90 90 90
111 111 111 111
89 89 87 87
78 78 78 78
111 111 111 111
73 73 73 73
50 50 50 50
60 60 60 60
75 75 75 75
82 82 82 82
82 82 82 82
48 48 48 48
41 41 41 41
55 55 55 55
41 41 41 41
41 41 41 41
56 56 56 56
41 41 41 41
42 42 42 42
43 43 43 43
61 61 61 61
43 43 43 43
45 45 45 45
52 52 52 52
54 54 54 54
60 60 60 60
58 58 58 58
58 58 58 58
61 61 61 61
58 58 58 58
59 59 59 59
60 60 60 60
64 64 64 64
64 64 64 64
76 76 76 76
106 106 106 106
106 106 106 106
106 106 106 106
106 106 106 106
107 107 107 107
107 107 107 107
109 109 109 109
110 110 110 110
111 111 111 111
120 120 120 120
120 120 120 120

116 116 116 116
6 6 6 6
120 120 120 120
24 24 24 24
11 11 11 11
52 52 52 52
52 52 52 52
120 120 120 120
5 5 5 5
2 2 2 2
120 120 120 120
3 3 3 3
87 87 87 87
7 7 7 7
52 52 52 52
120 120 120 120
11 11 11 11
120 120 120 120
6 6 6 6
55 55 55 55
64 64 64 64
59 59 59 59
120 120 120 120
11 11 11 11
120 120 120 120
120 120 120 120
54 54 54 54
120 120 120 120
28 28 28 28
120 120 120 120
29 29 29 29
95 95 95 95
94 94 94 94
94 94 94 94
94 94 94 94
120 120 120 120
120 120 120 120
94 94 94 94
29 29 29 29
120 120 120 120
120 120 120 120
119 119 119 119
96 96 96 96
88 88 88 88
120 120 120 120
84 84 120 120
120 120 120 120
81 81 81 81
120 120 120 120
34 34 34 34
114 114 114 114
120 120 120 120
120 120 120 120
120 120 120 120
120 120 120 120
95 95 95 95
50 50 50 50
120 120 120 120
41 41 41 41
120 120 120 120
98 98 98 98
113 113 113 113
113 113 113 113
113 113 113 113
44 44 44 44
71 71 71 71
94 94 94 94
60 60 60 60
67 67 67 67
120 120 120 120
90 90 90 90
118 118 118 118
24 24 24 24
73 73 71 71
120 120 120 120
120 120 120 120
120 120 120 120
89 89 89 89
120 120 120 120
120 120 120 120
113 113 113 113
112 112 112 112
102 102 102 102
120 120 120 120
101 101 99 99
90 90 90 90
120 120 120 120
85 85 85 85
62 62 62 62
72 72 72 72
87 87 87 87
94 94 94 94
94 94 94 94
60 60 60 60
29 29 29 29
67 67 67 67
29 29 29 29
29 29 29 29
67 67 67 67
29 29 29 29
30 30 30 30
34 34 34 34
73 73 73 73
42 42 42 42
33 33 33 33
45 45 45 45
42 42 42 42
72 72 72 72
46 46 46 46
49 49 49 49
73 73 73 73
46 46 46 46
47 47 47 47
72 72 72 72
52 52 52 52
52 52 52 52
64 64 64 64
94 94 94 94
94 94 94 94
94 94 94 94
94 94 94 94
95 95 95 95
95 95 95 95
97 97 97 97
98 98 98 98
99 99 99 99
120 120 120 120
120 120 120 120

120 120 120 120
12 12 12 12
120 120 120 120
32 32 32 32
17 17 17 17
45 45 45 45
45 45 45 45
120 120 120 120
5 5 5 5
2 2 2 2
120 120 120 120
3 3 3 3
75 75 75 75
7 7 7 7
40 40 40 40
120 120 120 120
11 11 11 11
120 120 120 120
6 6 6 6
55 55 55 55
52 52 52 52
59 59 59 59
120 120 120 120
13 13 13 13
120 120 120 120
120 120 120 120
42 42 42 42
120 120 120 120
28 28 28 28
120 120 120 120
34 34 34 34
83 83 83 83
82 82 82 82
82 82 82 82
82 82 82 82
120 120 120 120
120 120 120 120
82 82 82 82
17 17 17 17
120 120 120 120
120 120 120 120
107 107 107 107
108 108 108 108
100 100 100 100
120 120 120 120
83 83 120 120
120 120 120 120
69 69 69 69
120 120 120 120
34 34 34 34
120 120 120 120
120 120 120 120
120 120 120 120
120 120 120 120
120 120 120 120
83 83 83 83
38 38 38 38
120 120 120 120
40 40 40 40
120 120 120 120
110 110 110 110
120 120 120 120
120 120 120 120
120 120 120 120
56 56 56 56
83 83 83 83
106 106 106 106
72 72 72 72
79 79 79 79
120 120 120 120
102 102 102 102
120 120 120 120
36 36 36 36
85 85 83 83
120 120 120 120
120 120 120 120
120 120 120 120
101 101 101 101
120 120 120 120
120 120 120 120
120 120 120 120
120 120 120 120
114 114 114 114
120 120 120 120
113 113 111 111
102 102 102 102
120 120 120 120
97 97 97 97
74 74 74 74
84 84 84 84
99 99 99 99
106 106 106 106
106 106 106 106
72 72 72 72
26 26 26 26
79 79 79 79
17 17 17 17
26 26 26 26
67 67 67 67
17 17 17 17
18 18 18 18
34 34 34 34
73 73 73 73
54 54 54 54
21 21 21 21
57 57 57 57
30 30 30 30
84 84 84 84
51 51 51 51
61 61 61 61
85 85 85 85
50 50 50 50
50 50 50 50
84 84 84 84
40 40 40 40
55 55 55 55
52 52 52 52
82 82 82 82
82 82 82 82
82 82 82 82
82 82 82 82
83 83 83 83
83 83 83 83
85 85 85 85
86 86 86 86
87 87 87 87
118 118 118 118
120 120 120 120

