0.0 0.0 0.0 0.0 0 0 0.0 0.0
1.0 495.0 0.0 0.0 0 0 0.0 0.0
108.0 7379.0 810.0 1033670.5 0.0 0.0 0.0 0.0
1.5 82.0 1.5 88.0 0.0 0.0 0.0 0.0
1.0 54.5 1.0 52.5 0.0 0.0 0.0 0.0
0.5 20.5 0.5 26.0 0.0 0.0 0.0 0.0
3.0 247.0 3.5 303.5 0.0 0.0 0.0 0.0
1.5 442.0 2.0 125.0 0.0 0.0 0.0 0.0
0.0 0.0 0.0 0.0 0.0 0.0 0.0 0.0
0.0 0.0 0.0 0.0 0.0 0.0 0.0 0.0
0.0 0.0 0.0 0.0 0.0 0.0 0.0 0.0
0.0 0.0 0.0 0.0 0.0 0.0 0.0 0.0
0.0 0.0 0.0 0.0 0.0 0.0 0.0 0.0
0.0 0.0 0.0 0.0 0.0 0.0 0.0 0.0
0.0 0.0 0.0 0.0 0.0 0.0 0.0 0.0
0.0 0.0 0.0 0.0 0.0 0.0 0.0 0.0
0.0 0.0 0.0 0.0 0.0 0.0 0.0 0.0
0.0 0.0 0.0 0.0 0.0 0.0 0.0 0.0
0.0 0.0 0.0 0.0 0.0 0.0 0.0 0.0
0.0 0.0 0.0 0.0 0.0 0.0 0.0 0.0
0.0 0.0 0.0 0.0 0.0 0.0 0.0 0.0
0.0 0.0 0.0 0.0 0.0 0.0 0.0 0.0
0.0 0.0 0.0 0.0 0.0 0.0 0.0 0.0

0.5 26.0 0.0 0.0 0.0 0.0 0.0 0.0
2.0 990.0 0.0 0.0 0 0 0.0 0.0
0.0 0.0 0.0 0.0 0.0 0.0 0.0 0.0
0.0 0.0 0.0 0.0 0.0 0.0 0.0 0.0
1.0 54.5 1.0 52.5 0.0 0.0 0.0 0.0
0.5 20.5 0.5 26.0 0.0 0.0 0.0 0.0
1.0 79.5 1.5 42.0 0 0 0 0
1.5 442.0 2.0 125.0 0.0 0.0 0.0 0.0
0.5 20.5 0.5 26.0 0.0 0.0 0.0 0.0
1.0 71.0 0.0 0.0 0.0 0.0 0.0 0.0
1.0 61.0 1.0 94.0 0.0 0.0 0.0 0.0
4.5 2548.5 5.5 3839.5 0.0 0.0 0.0 0.0
4.0 1182.0 3.0 274.0 0.0 0.0 0.0 0.0
0.5 38.0 0.5 104.0 0.0 0.0 0.0 0.0
0.5 26.0 0.0 0.0 0.0 0.0 0.0 0.0
0.0 0.0 0.0 0.0 0.0 0.0 0.0 0.0
0.0 0.0 0.0 0.0 0.0 0.0 0.0 0.0
0.0 0.0 0.0 0.0 0.0 0.0 0.0 0.0
0.0 0.0 0.0 0.0 0.0 0.0 0.0 0.0
0.0 0.0 0.0 0.0 0.0 0.0 0.0 0.0
0.0 0.0 0.0 0.0 0.0 0.0 0.0 0.0
0.0 0.0 0.0 0.0 0.0 0.0 0.0 0.0
0.0 0.0 0.0 0.0 0.0 0.0 0.0 0.0

0.0 0.0 0.0 0.0 0.0 0.0 0.0 0.0
2.0 1047.5 0.0 0.0 0.0 0.0 0.0 0.0
106.5 7400.0 820.5 1045986.5 0.0 0.0 0.0 0.0
1.0 56.0 1.0 54.0 0.0 0.0 0.0 0.0
1.0 54.5 1.0 52.5 0.0 0.0 0.0 0.0
0.0 0.0 0.0 0.0 0.0 0.0 0.0 0.0
1.5 147.5 1.5 294.0 0 0 0 0
0.0 0.0 0.0 0.0 0.0 0.0 0.0 0.0
0.5 20.5 0.5 26.0 0.0 0.0 0.0 0.0
1.0 71.0 0.0 0.0 0.0 0.0 0.0 0.0
1.0 61.0 1.0 94.0 0.0 0.0 0.0 0.0
4.5 2548.5 5.5 3839.5 0.0 0.0 0.0 0.0
4.0 1182.0 3.0 274.0 0.0 0.0 0.0 0.0
0.5 38.0 0.5 104.0 0.0 0.0 0.0 0.0
0.5 26.0 0.0 0.0 0 0 0.0 0.0
31.5 2441.5 210.0 265977.5 0.0 0.0 0.0 0.0
1.0 67.0 1.0 56.5 0.0 0.0 0.0 0.0
0.0 0.0 0.0 0.0 0.0 0.0 0.0 0.0
0.0 0.0 0.0 0.0 0.0 0.0 0.0 0.0
0.0 0.0 0.0 0.0 0.0 0.0 0.0 0.0
0.0 0.0 0.0 0.0 0.0 0.0 0.0 0.0
0.0 0.0 0.0 0.0 0.0 0.0 0.0 0.0
0.0 0.0 0.0 0.0 0.0 0.0 0.0 0.0

0.0 0.0 0.0 0.0 0.0 0.0 0.0 0.0
0.0 0.0 0.0 0.0 0.0 0.0 0.0 0.0
106.5 7400.0 820.5 1045986.5 0.0 0.0 0.0 0.0
1.0 56.0 1.0 54.0 0.0 0.0 0.0 0.0
1.0 54.5 1.0 52.5 0.0 0.0 0.0 0.0
0.0 0.0 0.0 0.0 0.0 0.0 0.0 0.0
6.0 2991.5 7.0 379.0 0 0 0 0
0.0 0.0 0.0 0.0 0.0 0.0 0.0 0.0
0.0 0.0 0.0 0.0 0.0 0.0 0.0 0.0
0.0 0.0 0.0 0.0 0.0 0.0 0.0 0.0
1.0 78.0 1.0 234.5 0.0 0.0 0.0 0.0
0.0 0.0 0.0 0.0 0.0 0.0 0.0 0.0
0.0 0.0 0.0 0.0 0.0 0.0 0.0 0.0
0.0 0.0 0.0 0.0 0.0 0.0 0.0 0.0
0.5 26.0 0.0 0.0 0 0 0.0 0.0
31.5 2441.5 210.0 265977.5 0.0 0.0 0.0 0.0
0.5 47.0 0.5 19.5 0 0 0 0
8.5 3497.0 7.5 3766.0 0.0 0.0 0.0 0.0
0.0 0.0 0.0 0.0 0.0 0.0 0.0 0.0
0.0 0.0 0.0 0.0 0.0 0.0 0.0 0.0
0.0 0.0 0.0 0.0 0.0 0.0 0.0 0.0
0.0 0.0 0.0 0.0 0.0 0.0 0.0 0.0
0.0 0.0 0.0 0.0 0.0 0.0 0.0 0.0

0.0 0.0 0.0 0.0 0.0 0.0 0.0 0.0
0.0 0.0 0.0 0.0 0.0 0.0 0.0 0.0
0.0 0.0 0.0 0.0 0.0 0.0 0.0 0.0
0.0 0.0 0.0 0.0 0.0 0.0 0.0 0.0
1.0 54.5 1.0 52.5 0.0 0.0 0.0 0.0
0.0 0.0 0.0 0.0 0.0 0.0 0.0 0.0
3.5 2743.5 3.0 52.5 0 0 0 0
0.0 0.0 0.0 0.0 0.0 0.0 0.0 0.0
0.5 35.0 1.0 53.0 0.0 0.0 0.0 0.0
0.0 0.0 0.0 0.0 0.0 0.0 0.0 0.0
1.0 78.0 1.0 234.5 0.0 0.0 0.0 0.0
0.0 0.0 0.0 0.0 0.0 0.0 0.0 0.0
0.0 0.0 0.0 0.0 0.0 0.0 0.0 0.0
0.5 32.5 0.5 73.5 0.0 0.0 0.0 0.0
0.0 0.0 0.0 0.0 0 0 0.0 0.0
0.0 0.0 0.0 0.0 0.0 0.0 0.0 0.0
0.5 20.0 1.0 188.0 0 0 0 0
8.5 3497.0 7.5 3766.0 0.0 0.0 0.0 0.0
5.0 836.5 7.0 3638.5 0.0 0.0 0.0 0.0
0.0 0.0 0.0 0.0 0.0 0.0 0.0 0.0
0.0 0.0 0.0 0.0 0.0 0.0 0.0 0.0
0.0 0.0 0.0 0.0 0.0 0.0 0.0 0.0
0.0 0.0 0.0 0.0 0.0 0.0 0.0 0.0

0.0 0.0 0.0 0.0 0.0 0.0 0.0 0.0
0.0 0.0 0.0 0.0 0.0 0.0 0.0 0.0
111.5 7598.0 823.5 1049790.5 0.0 0.0 0.0 0.0
0.0 0.0 0.0 0.0 0.0 0.0 0.0 0.0
0.0 0.0 0.0 0.0 0.0 0.0 0.0 0.0
0.0 0.0 0.0 0.0 0.0 0.0 0.0 0.0
0.5 851.5 2.0 194.5 0 0 0 0
4.5 1265.5 4.5 257.5 0.0 0.0 0.0 0.0
0.5 35.0 1.0 53.0 0.0 0.0 0.0 0.0
0.0 0.0 0.0 0.0 0.0 0.0 0.0 0.0
0.5 33.0 0.5 123.5 0.0 0.0 0.0 0.0
0.0 0.0 0.0 0.0 0.0 0.0 0.0 0.0
0.0 0.0 0.0 0.0 0.0 0.0 0.0 0.0
1.0 59.5 1.0 363.0 0 0 0 0
0.5 26.0 0.0 0.0 0.0 0.0 0.0 0.0
0.0 0.0 0.0 0.0 0.0 0.0 0.0 0.0
1.0 40.0 1.5 264.0 0.0 0.0 0.0 0.0
1.0 40.0 0.5 20.0 0.0 0.0 0.0 0.0
5.0 836.5 7.0 3638.5 0.0 0.0 0.0 0.0
1.0 74.5 1.0 75.5 0.0 0.0 0.0 0.0
12.5 1671.5 19.0 20459.0 0.0 0.0 0.0 0.0
8.0 1244.0 7.5 4003.5 0.0 0.0 0.0 0.0
18.5 4603.0 18.0 8550.5 0.0 0.0 0.0 0.0

