9.5 9.5 9.5 9.5
2.0 2.0 2.0 2.0
119.0 119.0 119.0 119.0
2.0 2.0 2.0 2.0
10.0 10.0 10.0 10.0
58.5 58.5 58.5 58.5
59.0 59.0 59.0 59.0
59.0 59.0 59.0 59.0
1.0 1.0 1.0 1.0
1.0 1.0 1.0 1.0
11.0 11.0 11.0 11.0
1.0 1.0 1.0 1.0
9.5 9.5 9.5 9.5
4.0 4.0 4.0 4.0
1.0 1.0 1.0 1.0
10.0 10.0 9.5 9.5
10.0 10.0 10.0 10.0
59.5 59.5 59.5 59.5
9.0 9.0 9.0 9.0
4.5 4.5 5.0 5.0
10.0 10.0 10.0 10.0
54.0 54.0 54.0 54.0
59.5 59.5 59.5 59.5
11.0 11.0 11.0 11.0
10.5 10.5 10.5 10.5
10.5 10.5 10.5 10.5
22.5 22.5 22.5 22.5
10.0 10.0 11.0 11.0
1.0 1.0 1.0 1.0
59.5 59.5 59.5 59.5
23.5 23.5 23.5 23.5
59.0 59.0 59.0 59.0
46.0 46.0 46.0 46.0
59.5 59.5 59.5 59.5
46.0 46.0 46.0 46.0
46.0 46.0 46.0 46.0
46.0 46.0 46.0 46.0
24.0 24.0 24.0 24.0
47.0 47.0 47.0 47.0
59.5 59.5 59.5 59.5
11.0 11.0 11.0 11.0
25.5 25.5 25.5 25.5
11.0 11.0 11.0 11.0
59.5 59.5 59.5 59.5
59.5 59.5 59.5 59.5
59.5 59.5 120.0 120.0
120.0 120.0 59.5 59.5
120.0 120.0 120.0 120.0
120.0 120.0 120.0 120.0
120.0 120.0 120.0 120.0
120.0 120.0 120.0 120.0
120.0 120.0 120.0 120.0
120.0 120.0 120.0 120.0
120.0 120.0 120.0 120.0
120.0 120.0 120.0 120.0
120.0 120.0 120.0 120.0
120.0 120.0 120.0 120.0
120.0 120.0 120.0 120.0
120.0 120.0 120.0 120.0
120.0 120.0 120.0 120.0
120.0 120.0 120.0 120.0
120.0 120.0 120.0 120.0
120.0 120.0 120.0 120.0
120.0 120.0 120.0 120.0
120.0 120.0 120.0 120.0
120.0 120.0 120.0 120.0
120.0 120.0 120.0 120.0
120.0 120.0 120.0 120.0
120.0 120.0 120.0 120.0
120.0 120.0 120.0 120.0
120.0 120.0 120.0 120.0
120.0 120.0 120.0 120.0
120.0 120.0 120.0 120.0
120.0 120.0 120.0 120.0
120.0 120.0 120.0 120.0
120.0 120.0 120.0 120.0
120.0 120.0 120.0 120.0
120.0 120.0 120.0 120.0
120.0 120.0 120.0 120.0
120.0 120.0 120.0 120.0
120.0 120.0 120.0 120.0
120.0 120.0 120.0 120.0
120.0 120.0 120.0 120.0
120.0 120.0 120.0 120.0
120.0 120.0 120.0 120.0
120.0 120.0 120.0 120.0
120.0 120.0 120.0 120.0
120.0 120.0 120.0 120.0
120.0 120.0 120.0 120.0
120.0 120.0 120.0 120.0
120.0 120.0 120.0 120.0
120.0 120.0 120.0 120.0
120.0 120.0 120.0 120.0
120.0 120.0 120.0 120.0
120.0 120.0 120.0 120.0
120.0 120.0 120.0 120.0
120.0 120.0 120.0 120.0
120.0 120.0 120.0 120.0
120.0 120.0 120.0 120.0
120.0 120.0 120.0 120.0
120.0 120.0 120.0 120.0
120.0 120.0 120.0 120.0
120.0 120.0 120.0 120.0
120.0 120.0 120.0 120.0
120.0 120.0 120.0 120.0
120.0 120.0 120.0 120.0
120.0 120.0 120.0 120.0
120.0 120.0 120.0 120.0
120.0 120.0 120.0 120.0
120.0 120.0 120.0 120.0
120.0 120.0 120.0 120.0
120.0 120.0 120.0 120.0
120.0 120.0 120.0 120.0
120.0 120.0 120.0 120.0
120.0 120.0 120.0 120.0
120.0 120.0 120.0 120.0
120.0 120.0 120.0 120.0
120.0 120.0 120.0 120.0
120.0 120.0 120.0 120.0
120.0 120.0 120.0 120.0
120.0 120.0 120.0 120.0
120.0 120.0 120.0 120.0
120.0 120.0 120.0 120.0
120.0 120.0 120.0 120.0
120.0 120.0 120.0 120.0
120.0 120.0 120.0 120.0
120.0 120.0 120.0 120.0
120.0 120.0 120.0 120.0

9.0 9.0 9.0 9.0
2.0 2.0 2.0 2.0
120.0 120.0 120.0 120.0
2.0 2.0 2.0 2.0
10.0 10.0 10.0 10.0
120.0 120.0 120.0 120.0
120.0 120.0 120.0 120.0
120.0 120.0 120.0 120.0
1.0 1.0 1.0 1.0
1.0 1.0 1.0 1.0
59.0 59.0 59.0 59.0
1.0 1.0 1.0 1.0
9.0 9.0 9.0 9.0
4.0 4.0 4.0 4.0
1.0 1.0 1.0 1.0
10.0 10.0 10.0 10.0
10.0 10.0 10.0 10.0
120.0 120.0 120.0 120.0
8.0 8.0 8.0 8.0
4.0 4.0 4.0 4.0
9.0 9.0 9.0 9.0
53.0 53.0 53.0 53.0
120.0 120.0 120.0 120.0
10.0 10.0 10.0 10.0
10.0 10.0 10.0 10.0
10.0 10.0 10.0 10.0
11.0 11.0 11.0 11.0
10.0 10.0 11.0 11.0
1.0 1.0 1.0 1.0
59.5 59.5 59.5 59.5
17.5 17.5 17.5 17.5
59.0 59.0 59.0 59.0
34.0 34.0 34.0 34.0
59.5 59.5 59.5 59.5
34.0 34.0 34.0 34.0
34.0 34.0 34.0 34.0
34.0 34.0 34.0 34.0
18.0 18.0 18.0 18.0
35.0 35.0 35.0 35.0
59.5 59.5 59.5 59.5
11.0 11.0 11.0 11.0
27.0 27.0 27.0 27.0
11.0 11.0 11.0 11.0
59.5 59.5 59.5 59.5
59.5 59.5 59.5 59.5
59.5 59.5 120.0 120.0
120.0 120.0 59.5 59.5
59.5 59.5 59.5 59.5
120.0 120.0 120.0 120.0
120.0 120.0 120.0 120.0
120.0 120.0 120.0 120.0
120.0 120.0 120.0 120.0
120.0 120.0 120.0 120.0
120.0 120.0 120.0 120.0
120.0 120.0 120.0 120.0
120.0 120.0 120.0 120.0
120.0 120.0 120.0 120.0
120.0 120.0 120.0 120.0
120.0 120.0 120.0 120.0
120.0 120.0 120.0 120.0
120.0 120.0 120.0 120.0
120.0 120.0 120.0 120.0
120.0 120.0 120.0 120.0
120.0 120.0 120.0 120.0
120.0 120.0 120.0 120.0
120.0 120.0 120.0 120.0
120.0 120.0 120.0 120.0
120.0 120.0 120.0 120.0
120.0 120.0 120.0 120.0
120.0 120.0 120.0 120.0
120.0 120.0 120.0 120.0
120.0 120.0 120.0 120.0
120.0 120.0 120.0 120.0
120.0 120.0 120.0 120.0
120.0 120.0 120.0 120.0
120.0 120.0 120.0 120.0
120.0 120.0 120.0 120.0
120.0 120.0 120.0 120.0
120.0 120.0 120.0 120.0
120.0 120.0 120.0 120.0
120.0 120.0 120.0 120.0
120.0 120.0 120.0 120.0
120.0 120.0 120.0 120.0
120.0 120.0 120.0 120.0
120.0 120.0 120.0 120.0
120.0 120.0 120.0 120.0
120.0 120.0 120.0 120.0
120.0 120.0 120.0 120.0
120.0 120.0 120.0 120.0
120.0 120.0 120.0 120.0
120.0 120.0 120.0 120.0
120.0 120.0 120.0 120.0
120.0 120.0 120.0 120.0
120.0 120.0 120.0 120.0
120.0 120.0 120.0 120.0
120.0 120.0 120.0 120.0
120.0 120.0 120.0 120.0
120.0 120.0 120.0 120.0
120.0 120.0 120.0 120.0
120.0 120.0 120.0 120.0
120.0 120.0 120.0 120.0
120.0 120.0 120.0 120.0
120.0 120.0 120.0 120.0
120.0 120.0 120.0 120.0
120.0 120.0 120.0 120.0
120.0 120.0 120.0 120.0
120.0 120.0 120.0 120.0
120.0 120.0 120.0 120.0
120.0 120.0 120.0 120.0
120.0 120.0 120.0 120.0
120.0 120.0 120.0 120.0
120.0 120.0 120.0 120.0
120.0 120.0 120.0 120.0
120.0 120.0 120.0 120.0
120.0 120.0 120.0 120.0
120.0 120.0 120.0 120.0
120.0 120.0 120.0 120.0
120.0 120.0 120.0 120.0
120.0 120.0 120.0 120.0
120.0 120.0 120.0 120.0
120.0 120.0 120.0 120.0
120.0 120.0 120.0 120.0
120.0 120.0 120.0 120.0
120.0 120.0 120.0 120.0
120.0 120.0 120.0 120.0
120.0 120.0 120.0 120.0
120.0 120.0 120.0 120.0
120.0 120.0 120.0 120.0

9.5 9.5 9.5 9.5
2.0 2.0 2.0 2.0
120.0 120.0 120.0 120.0
2.0 2.0 2.0 2.0
10.0 10.0 10.0 10.0
120.0 120.0 120.0 120.0
120.0 120.0 120.0 120.0
120.0 120.0 120.0 120.0
1.0 1.0 1.0 1.0
1.0 1.0 1.0 1.0
120.0 120.0 120.0 120.0
1.0 1.0 1.0 1.0
9.0 9.0 9.0 9.0
4.0 4.0 4.0 4.0
11.0 11.0 11.0 11.0
9.5 9.5 9.5 9.5
10.0 10.0 10.0 10.0
120.0 120.0 120.0 120.0
5.0 5.0 5.0 5.0
2.5 2.5 2.5 2.5
59.5 59.5 59.5 59.5
41.0 41.0 41.0 41.0
120.0 120.0 120.0 120.0
11.0 11.0 11.0 11.0
10.0 10.0 10.0 10.0
10.0 10.0 10.0 10.0
17.5 17.5 17.5 17.5
8.5 8.5 11.0 11.0
1.0 1.0 1.0 1.0
59.5 59.5 59.5 59.5
11.5 11.5 11.5 11.5
59.0 59.0 59.0 59.0
22.0 22.0 22.0 22.0
59.5 59.5 59.5 59.5
22.0 22.0 22.0 22.0
22.0 22.0 22.0 22.0
22.0 22.0 22.0 22.0
12.0 12.0 12.0 12.0
23.0 23.0 23.0 23.0
59.5 59.5 59.5 59.5
11.0 11.0 11.0 11.0
21.0 21.0 21.0 21.0
11.0 11.0 11.0 11.0
59.5 59.5 59.5 59.5
59.5 59.5 59.5 59.5
59.5 59.5 120.0 120.0
120.0 120.0 59.5 59.5
59.5 59.5 59.5 59.5
59.5 59.5 59.5 59.5
120.0 120.0 120.0 120.0
120.0 120.0 120.0 120.0
120.0 120.0 120.0 120.0
120.0 120.0 120.0 120.0
120.0 120.0 120.0 120.0
120.0 120.0 120.0 120.0
120.0 120.0 120.0 120.0
120.0 120.0 120.0 120.0
120.0 120.0 120.0 120.0
120.0 120.0 120.0 120.0
120.0 120.0 120.0 120.0
120.0 120.0 120.0 120.0
120.0 120.0 120.0 120.0
120.0 120.0 120.0 120.0
120.0 120.0 120.0 120.0
120.0 120.0 120.0 120.0
120.0 120.0 120.0 120.0
120.0 120.0 120.0 120.0
120.0 120.0 120.0 120.0
120.0 120.0 120.0 120.0
120.0 120.0 120.0 120.0
120.0 120.0 120.0 120.0
120.0 120.0 120.0 120.0
120.0 120.0 120.0 120.0
120.0 120.0 120.0 120.0
120.0 120.0 120.0 120.0
120.0 120.0 120.0 120.0
120.0 120.0 120.0 120.0
120.0 120.0 120.0 120.0
120.0 120.0 120.0 120.0
120.0 120.0 120.0 120.0
120.0 120.0 120.0 120.0
120.0 120.0 120.0 120.0
120.0 120.0 120.0 120.0
120.0 120.0 120.0 120.0
120.0 120.0 120.0 120.0
120.0 120.0 120.0 120.0
120.0 120.0 120.0 120.0
120.0 120.0 120.0 120.0
120.0 120.0 120.0 120.0
120.0 120.0 120.0 120.0
120.0 120.0 120.0 120.0
120.0 120.0 120.0 120.0
120.0 120.0 120.0 120.0
120.0 120.0 120.0 120.0
120.0 120.0 120.0 120.0
120.0 120.0 120.0 120.0
120.0 120.0 120.0 120.0
120.0 120.0 120.0 120.0
120.0 120.0 120.0 120.0
120.0 120.0 120.0 120.0
120.0 120.0 120.0 120.0
120.0 120.0 120.0 120.0
120.0 120.0 120.0 120.0
120.0 120.0 120.0 120.0
120.0 120.0 120.0 120.0
120.0 120.0 120.0 120.0
120.0 120.0 120.0 120.0
120.0 120.0 120.0 120.0
120.0 120.0 120.0 120.0
120.0 120.0 120.0 120.0
120.0 120.0 120.0 120.0
120.0 120.0 120.0 120.0
120.0 120.0 120.0 120.0
120.0 120.0 120.0 120.0
120.0 120.0 120.0 120.0
120.0 120.0 120.0 120.0
120.0 120.0 120.0 120.0
120.0 120.0 120.0 120.0
120.0 120.0 120.0 120.0
120.0 120.0 120.0 120.0
120.0 120.0 120.0 120.0
120.0 120.0 120.0 120.0
120.0 120.0 120.0 120.0
120.0 120.0 120.0 120.0
120.0 120.0 120.0 120.0
120.0 120.0 120.0 120.0
120.0 120.0 120.0 120.0
120.0 120.0 120.0 120.0

9.0 9.0 9.0 9.0
2.0 2.0 2.0 2.0
120.0 120.0 120.0 120.0
1.0 1.0 2.0 2.0
10.5 10.5 10.5 10.5
120.0 120.0 120.0 120.0
120.0 120.0 120.0 120.0
120.0 120.0 120.0 120.0
1.0 1.0 1.0 1.0
1.0 1.0 1.0 1.0
120.0 120.0 120.0 120.0
1.0 1.0 1.0 1.0
9.5 9.5 9.5 9.5
4.0 4.0 4.0 4.0
10.0 10.0 10.0 10.0
9.5 9.5 9.5 9.5
11.0 11.0 11.0 11.0
120.0 120.0 120.0 120.0
2.0 2.0 2.0 2.0
4.0 4.0 4.0 4.0
120.0 120.0 120.0 120.0
30.0 30.0 30.0 30.0
120.0 120.0 120.0 120.0
10.0 10.0 10.0 10.0
10.5 10.5 10.5 10.5
10.5 10.5 10.5 10.5
17.5 17.5 17.5 17.5
10.0 10.0 10.0 10.0
1.0 1.0 1.0 1.0
11.0 11.0 11.0 11.0
5.5 5.5 5.5 5.5
59.0 59.0 59.0 59.0
10.0 10.0 10.0 10.0
59.5 59.5 59.5 59.5
10.0 10.0 10.0 10.0
10.0 10.0 10.0 10.0
10.0 10.0 10.0 10.0
6.0 6.0 6.0 6.0
11.0 11.0 11.0 11.0
59.5 59.5 59.5 59.5
11.0 11.0 11.0 11.0
15.0 15.0 15.0 15.0
11.0 11.0 11.0 11.0
59.5 59.5 59.5 59.5
59.5 59.5 59.5 59.5
59.5 59.5 120.0 120.0
120.0 120.0 59.5 59.5
59.5 59.5 59.5 59.5
5.0 5.0 5.0 5.0
120.0 120.0 120.0 120.0
120.0 120.0 120.0 120.0
120.0 120.0 120.0 120.0
120.0 120.0 120.0 120.0
120.0 120.0 120.0 120.0
120.0 120.0 120.0 120.0
120.0 120.0 120.0 120.0
120.0 120.0 120.0 120.0
120.0 120.0 120.0 120.0
120.0 120.0 120.0 120.0
120.0 120.0 120.0 120.0
120.0 120.0 120.0 120.0
120.0 120.0 120.0 120.0
120.0 120.0 120.0 120.0
120.0 120.0 120.0 120.0
120.0 120.0 120.0 120.0
120.0 120.0 120.0 120.0
120.0 120.0 120.0 120.0
120.0 120.0 120.0 120.0
120.0 120.0 120.0 120.0
120.0 120.0 120.0 120.0
120.0 120.0 120.0 120.0
120.0 120.0 120.0 120.0
120.0 120.0 120.0 120.0
120.0 120.0 120.0 120.0
120.0 120.0 120.0 120.0
120.0 120.0 120.0 120.0
120.0 120.0 120.0 120.0
120.0 120.0 120.0 120.0
120.0 120.0 120.0 120.0
120.0 120.0 120.0 120.0
120.0 120.0 120.0 120.0
120.0 120.0 120.0 120.0
120.0 120.0 120.0 120.0
120.0 120.0 120.0 120.0
120.0 120.0 120.0 120.0
120.0 120.0 120.0 120.0
120.0 120.0 120.0 120.0
120.0 120.0 120.0 120.0
120.0 120.0 120.0 120.0
120.0 120.0 120.0 120.0
120.0 120.0 120.0 120.0
120.0 120.0 120.0 120.0
120.0 120.0 120.0 120.0
120.0 120.0 120.0 120.0
120.0 120.0 120.0 120.0
120.0 120.0 120.0 120.0
120.0 120.0 120.0 120.0
120.0 120.0 120.0 120.0
120.0 120.0 120.0 120.0
120.0 120.0 120.0 120.0
120.0 120.0 120.0 120.0
120.0 120.0 120.0 120.0
120.0 120.0 120.0 120.0
120.0 120.0 120.0 120.0
120.0 120.0 120.0 120.0
120.0 120.0 120.0 120.0
120.0 120.0 120.0 120.0
120.0 120.0 120.0 120.0
120.0 120.0 120.0 120.0
120.0 120.0 120.0 120.0
120.0 120.0 120.0 120.0
120.0 120.0 120.0 120.0
120.0 120.0 120.0 120.0
120.0 120.0 120.0 120.0
120.0 120.0 120.0 120.0
120.0 120.0 120.0 120.0
120.0 120.0 120.0 120.0
120.0 120.0 120.0 120.0
120.0 120.0 120.0 120.0
120.0 120.0 120.0 120.0
120.0 120.0 120.0 120.0
120.0 120.0 120.0 120.0
120.0 120.0 120.0 120.0
120.0 120.0 120.0 120.0
120.0 120.0 120.0 120.0
120.0 120.0 120.0 120.0
120.0 120.0 120.0 120.0
120.0 120.0 120.0 120.0

10.0 10.0 10.0 10.0
2.0 2.0 2.0 2.0
120.0 120.0 120.0 120.0
2.0 2.0 2.0 2.0
8.0 8.0 8.0 8.0
120.0 120.0 120.0 120.0
120.0 120.0 120.0 120.0
120.0 120.0 120.0 120.0
1.0 1.0 1.0 1.0
1.0 1.0 1.0 1.0
120.0 120.0 120.0 120.0
1.0 1.0 1.0 1.0
9.5 9.5 9.5 9.5
4.0 4.0 4.0 4.0
10.5 10.5 10.5 10.5
9.0 9.0 9.0 9.0
10.5 10.5 10.5 10.5
120.0 120.0 120.0 120.0
2.0 2.0 2.0 2.0
4.0 4.0 4.0 4.0
120.0 120.0 120.0 120.0
42.0 42.0 42.0 42.0
120.0 120.0 120.0 120.0
8.0 8.0 8.0 8.0
10.0 10.0 10.0 10.0
10.0 10.0 10.0 10.0
35.0 35.0 35.0 35.0
9.0 9.0 9.0 9.0
1.0 1.0 1.0 1.0
59.5 59.5 59.5 59.5
59.0 59.0 59.0 59.0
120.0 120.0 120.0 120.0
59.5 59.5 59.5 59.5
120.0 120.0 120.0 120.0
59.5 59.5 59.5 59.5
59.5 59.5 59.5 59.5
59.5 59.5 59.5 59.5
59.0 59.0 59.0 59.0
59.0 59.0 59.0 59.0
59.5 59.5 59.5 59.5
10.0 10.0 10.0 10.0
10.5 10.5 10.5 10.5
10.0 10.0 10.0 10.0
59.5 59.5 59.5 59.5
59.5 59.5 59.5 59.5
59.5 59.5 120.0 120.0
120.0 120.0 59.5 59.5
59.5 59.5 59.5 59.5
8.0 8.0 8.0 8.0
118.0 118.0 118.0 118.0
119.0 119.0 119.0 119.0
119.0 119.0 119.0 119.0
120.0 120.0 120.0 120.0
120.0 120.0 120.0 120.0
120.0 120.0 120.0 120.0
120.0 120.0 120.0 120.0
120.0 120.0 120.0 120.0
120.0 120.0 120.0 120.0
120.0 120.0 120.0 120.0
120.0 120.0 120.0 120.0
120.0 120.0 120.0 120.0
120.0 120.0 120.0 120.0
120.0 120.0 120.0 120.0
120.0 120.0 120.0 120.0
120.0 120.0 120.0 120.0
120.0 120.0 120.0 120.0
120.0 120.0 120.0 120.0
120.0 120.0 120.0 120.0
120.0 120.0 120.0 120.0
120.0 120.0 120.0 120.0
120.0 120.0 120.0 120.0
120.0 120.0 120.0 120.0
120.0 120.0 120.0 120.0
120.0 120.0 120.0 120.0
120.0 120.0 120.0 120.0
120.0 120.0 120.0 120.0
120.0 120.0 120.0 120.0
120.0 120.0 120.0 120.0
120.0 120.0 120.0 120.0
120.0 120.0 120.0 120.0
120.0 120.0 120.0 120.0
120.0 120.0 120.0 120.0
120.0 120.0 120.0 120.0
120.0 120.0 120.0 120.0
120.0 120.0 120.0 120.0
120.0 120.0 120.0 120.0
120.0 120.0 120.0 120.0
120.0 120.0 120.0 120.0
120.0 120.0 120.0 120.0
120.0 120.0 120.0 120.0
120.0 120.0 120.0 120.0
120.0 120.0 120.0 120.0
120.0 120.0 120.0 120.0
120.0 120.0 120.0 120.0
120.0 120.0 120.0 120.0
120.0 120.0 120.0 120.0
120.0 120.0 120.0 120.0
120.0 120.0 120.0 120.0
120.0 120.0 120.0 120.0
120.0 120.0 120.0 120.0
120.0 120.0 120.0 120.0
120.0 120.0 120.0 120.0
120.0 120.0 120.0 120.0
120.0 120.0 120.0 120.0
120.0 120.0 120.0 120.0
120.0 120.0 120.0 120.0
120.0 120.0 120.0 120.0
120.0 120.0 120.0 120.0
120.0 120.0 120.0 120.0
120.0 120.0 120.0 120.0
120.0 120.0 120.0 120.0
120.0 120.0 120.0 120.0
120.0 120.0 120.0 120.0
120.0 120.0 120.0 120.0
120.0 120.0 120.0 120.0
120.0 120.0 120.0 120.0
120.0 120.0 120.0 120.0
120.0 120.0 120.0 120.0
120.0 120.0 120.0 120.0
120.0 120.0 120.0 120.0
120.0 120.0 120.0 120.0
120.0 120.0 120.0 120.0
120.0 120.0 120.0 120.0
120.0 120.0 120.0 120.0
120.0 120.0 120.0 120.0
120.0 120.0 120.0 120.0
120.0 120.0 120.0 120.0
120.0 120.0 120.0 120.0

10.0 10.0 10.0 10.0
2.0 2.0 2.0 2.0
120.0 120.0 120.0 120.0
2.0 2.0 2.0 2.0
8.0 8.0 8.0 8.0
120.0 120.0 120.0 120.0
120.0 120.0 120.0 120.0
120.0 120.0 120.0 120.0
1.0 1.0 1.0 1.0
1.0 1.0 1.0 1.0
120.0 120.0 120.0 120.0
1.0 1.0 1.0 1.0
11.0 11.0 11.0 11.0
4.0 4.0 4.0 4.0
10.0 10.0 10.0 10.0
59.0 59.0 59.0 59.0
11.0 11.0 11.0 11.0
120.0 120.0 120.0 120.0
2.0 2.0 2.0 2.0
3.0 3.0 3.0 3.0
59.5 59.5 59.5 59.5
26.5 26.5 26.5 26.5
120.0 120.0 120.0 120.0
8.0 8.0 8.0 8.0
59.5 59.5 59.5 59.5
59.5 59.5 59.5 59.5
20.0 20.0 20.0 20.0
59.5 59.5 59.5 59.5
120.0 120.0 120.0 120.0
59.5 59.5 59.5 59.5
120.0 120.0 120.0 120.0
120.0 120.0 120.0 120.0
120.0 120.0 120.0 120.0
120.0 120.0 120.0 120.0
120.0 120.0 120.0 120.0
120.0 120.0 120.0 120.0
120.0 120.0 120.0 120.0
120.0 120.0 120.0 120.0
120.0 120.0 120.0 120.0
120.0 120.0 120.0 120.0
10.0 10.0 10.0 10.0
11.0 11.0 11.0 11.0
10.0 10.0 10.0 10.0
59.5 59.5 59.5 59.5
59.5 59.5 59.5 59.5
58.5 58.5 120.0 120.0
120.0 120.0 59.5 59.5
59.5 59.5 59.5 59.5
10.0 10.0 10.0 10.0
54.5 54.5 54.5 54.5
107.0 107.0 54.0 54.0
54.0 54.0 54.0 54.0
59.5 59.5 120.0 120.0
120.0 120.0 120.0 120.0
120.0 120.0 120.0 120.0
120.0 120.0 120.0 120.0
120.0 120.0 120.0 120.0
120.0 120.0 120.0 120.0
120.0 120.0 120.0 120.0
120.0 120.0 120.0 120.0
120.0 120.0 120.0 120.0
120.0 120.0 120.0 120.0
120.0 120.0 120.0 120.0
120.0 120.0 120.0 120.0
120.0 120.0 120.0 120.0
120.0 120.0 120.0 120.0
120.0 120.0 120.0 120.0
120.0 120.0 120.0 120.0
120.0 120.0 120.0 120.0
120.0 120.0 120.0 120.0
120.0 120.0 120.0 120.0
120.0 120.0 120.0 120.0
120.0 120.0 120.0 120.0
120.0 120.0 120.0 120.0
120.0 120.0 120.0 120.0
120.0 120.0 120.0 120.0
120.0 120.0 120.0 120.0
120.0 120.0 120.0 120.0
120.0 120.0 120.0 120.0
120.0 120.0 120.0 120.0
120.0 120.0 120.0 120.0
120.0 120.0 120.0 120.0
120.0 120.0 120.0 120.0
120.0 120.0 120.0 120.0
120.0 120.0 120.0 120.0
120.0 120.0 120.0 120.0
120.0 120.0 120.0 120.0
120.0 120.0 120.0 120.0
120.0 120.0 120.0 120.0
120.0 120.0 120.0 120.0
120.0 120.0 120.0 120.0
120.0 120.0 120.0 120.0
120.0 120.0 120.0 120.0
120.0 120.0 120.0 120.0
120.0 120.0 120.0 120.0
120.0 120.0 120.0 120.0
120.0 120.0 120.0 120.0
120.0 120.0 120.0 120.0
120.0 120.0 120.0 120.0
120.0 120.0 120.0 120.0
120.0 120.0 120.0 120.0
120.0 120.0 120.0 120.0
120.0 120.0 120.0 120.0
120.0 120.0 120.0 120.0
120.0 120.0 120.0 120.0
120.0 120.0 120.0 120.0
120.0 120.0 120.0 120.0
120.0 120.0 120.0 120.0
120.0 120.0 120.0 120.0
120.0 120.0 120.0 120.0
120.0 120.0 120.0 120.0
120.0 120.0 120.0 120.0
120.0 120.0 120.0 120.0
120.0 120.0 120.0 120.0
120.0 120.0 120.0 120.0
120.0 120.0 120.0 120.0
120.0 120.0 120.0 120.0
120.0 120.0 120.0 120.0
120.0 120.0 120.0 120.0
120.0 120.0 120.0 120.0
120.0 120.0 120.0 120.0
120.0 120.0 120.0 120.0
120.0 120.0 120.0 120.0
120.0 120.0 120.0 120.0
120.0 120.0 120.0 120.0
120.0 120.0 120.0 120.0
120.0 120.0 120.0 120.0
120.0 120.0 120.0 120.0

10.0 10.0 10.0 10.0
2.0 2.0 2.0 2.0
120.0 120.0 120.0 120.0
2.0 2.0 2.0 2.0
11.0 11.0 11.0 11.0
120.0 120.0 120.0 120.0
120.0 120.0 120.0 120.0
120.0 120.0 120.0 120.0
1.0 1.0 1.0 1.0
1.0 1.0 1.0 1.0
120.0 120.0 120.0 120.0
1.0 1.0 1.0 1.0
17.0 17.0 17.0 17.0
4.0 4.0 4.0 4.0
59.5 59.5 59.5 59.5
120.0 120.0 120.0 120.0
11.0 11.0 11.0 11.0
120.0 120.0 120.0 120.0
2.0 2.0 2.0 2.0
4.5 4.5 4.5 4.5
11.0 11.0 11.0 11.0
29.0 29.0 29.0 29.0
120.0 120.0 120.0 120.0
6.0 6.0 6.0 6.0
120.0 120.0 120.0 120.0
120.0 120.0 120.0 120.0
13.0 13.0 13.0 13.0
120.0 120.0 120.0 120.0
120.0 120.0 120.0 120.0
59.5 59.5 59.5 59.5
120.0 120.0 120.0 120.0
120.0 120.0 120.0 120.0
120.0 120.0 120.0 120.0
120.0 120.0 120.0 120.0
120.0 120.0 120.0 120.0
120.0 120.0 120.0 120.0
120.0 120.0 120.0 120.0
120.0 120.0 120.0 120.0
120.0 120.0 120.0 120.0
120.0 120.0 120.0 120.0
9.0 9.0 9.0 9.0
59.0 59.0 59.0 59.0
9.0 9.0 9.0 9.0
120.0 120.0 120.0 120.0
120.0 120.0 120.0 120.0
13.0 13.0 120.0 120.0
120.0 120.0 59.5 59.5
59.5 59.5 59.5 59.5
10.0 10.0 10.0 10.0
4.5 4.5 4.5 4.5
51.0 51.0 7.0 7.0
1.0 1.0 1.0 1.0
59.5 59.5 120.0 120.0
59.5 59.5 59.5 59.5
120.0 120.0 120.0 120.0
120.0 120.0 120.0 120.0
120.0 120.0 120.0 120.0
120.0 120.0 120.0 120.0
120.0 120.0 120.0 120.0
120.0 120.0 120.0 120.0
120.0 120.0 120.0 120.0
120.0 120.0 120.0 120.0
120.0 120.0 120.0 120.0
120.0 120.0 120.0 120.0
120.0 120.0 120.0 120.0
120.0 120.0 120.0 120.0
120.0 120.0 120.0 120.0
120.0 120.0 120.0 120.0
120.0 120.0 120.0 120.0
120.0 120.0 120.0 120.0
120.0 120.0 120.0 120.0
120.0 120.0 120.0 120.0
120.0 120.0 120.0 120.0
120.0 120.0 120.0 120.0
120.0 120.0 120.0 120.0
120.0 120.0 120.0 120.0
120.0 120.0 120.0 120.0
120.0 120.0 120.0 120.0
120.0 120.0 120.0 120.0
120.0 120.0 120.0 120.0
120.0 120.0 120.0 120.0
120.0 120.0 120.0 120.0
120.0 120.0 120.0 120.0
120.0 120.0 120.0 120.0
120.0 120.0 120.0 120.0
120.0 120.0 120.0 120.0
120.0 120.0 120.0 120.0
120.0 120.0 120.0 120.0
120.0 120.0 120.0 120.0
120.0 120.0 120.0 120.0
120.0 120.0 120.0 120.0
120.0 120.0 120.0 120.0
120.0 120.0 120.0 120.0
120.0 120.0 120.0 120.0
120.0 120.0 120.0 120.0
120.0 120.0 120.0 120.0
120.0 120.0 120.0 120.0
120.0 120.0 120.0 120.0
120.0 120.0 120.0 120.0
120.0 120.0 120.0 120.0
120.0 120.0 120.0 120.0
120.0 120.0 120.0 120.0
120.0 120.0 120.0 120.0
120.0 120.0 120.0 120.0
120.0 120.0 120.0 120.0
120.0 120.0 120.0 120.0
120.0 120.0 120.0 120.0
120.0 120.0 120.0 120.0
120.0 120.0 120.0 120.0
120.0 120.0 120.0 120.0
120.0 120.0 120.0 120.0
120.0 120.0 120.0 120.0
120.0 120.0 120.0 120.0
120.0 120.0 120.0 120.0
120.0 120.0 120.0 120.0
120.0 120.0 120.0 120.0
120.0 120.0 120.0 120.0
120.0 120.0 120.0 120.0
120.0 120.0 120.0 120.0
120.0 120.0 120.0 120.0
120.0 120.0 120.0 120.0
120.0 120.0 120.0 120.0
120.0 120.0 120.0 120.0
120.0 120.0 120.0 120.0
120.0 120.0 120.0 120.0
120.0 120.0 120.0 120.0
120.0 120.0 120.0 120.0
120.0 120.0 120.0 120.0

10.0 10.0 10.0 10.0
2.5 2.5 2.5 2.5
120.0 120.0 120.0 120.0
2.0 2.0 2.0 2.0
11.0 11.0 11.0 11.0
120.0 120.0 120.0 120.0
120.0 120.0 120.0 120.0
120.0 120.0 120.0 120.0
1.0 1.0 1.0 1.0
1.0 1.0 1.0 1.0
120.0 120.0 120.0 120.0
1.0 1.0 1.0 1.0
37.0 37.0 37.0 37.0
4.0 4.0 4.0 4.0
120.0 120.0 120.0 120.0
120.0 120.0 120.0 120.0
11.0 11.0 11.0 11.0
120.0 120.0 120.0 120.0
2.0 2.0 2.0 2.0
4.5 4.5 4.5 4.5
11.0 11.0 11.0 11.0
29.5 29.5 29.5 29.5
120.0 120.0 120.0 120.0
4.0 4.0 4.0 4.0
120.0 120.0 120.0 120.0
120.0 120.0 120.0 120.0
13.0 13.0 13.0 13.0
120.0 120.0 120.0 120.0
120.0 120.0 120.0 120.0
59.5 59.5 59.5 59.5
120.0 120.0 120.0 120.0
120.0 120.0 120.0 120.0
120.0 120.0 120.0 120.0
120.0 120.0 120.0 120.0
120.0 120.0 120.0 120.0
120.0 120.0 120.0 120.0
120.0 120.0 120.0 120.0
120.0 120.0 120.0 120.0
120.0 120.0 120.0 120.0
120.0 120.0 120.0 120.0
59.5 59.5 59.5 59.5
120.0 120.0 120.0 120.0
59.5 59.5 59.5 59.5
120.0 120.0 120.0 120.0
120.0 120.0 120.0 120.0
9.0 9.0 120.0 120.0
120.0 120.0 59.5 59.5
59.5 59.5 59.5 59.5
10.5 10.5 10.5 10.5
7.0 7.0 7.0 7.0
8.0 8.0 7.0 7.0
1.0 1.0 1.0 1.0
59.5 59.5 120.0 120.0
59.5 59.5 59.5 59.5
120.0 120.0 120.0 120.0
120.0 120.0 120.0 120.0
120.0 120.0 120.0 120.0
120.0 120.0 120.0 120.0
120.0 120.0 120.0 120.0
120.0 120.0 120.0 120.0
120.0 120.0 120.0 120.0
120.0 120.0 120.0 120.0
120.0 120.0 120.0 120.0
120.0 120.0 120.0 120.0
120.0 120.0 120.0 120.0
120.0 120.0 120.0 120.0
120.0 120.0 120.0 120.0
120.0 120.0 120.0 120.0
120.0 120.0 120.0 120.0
120.0 120.0 120.0 120.0
120.0 120.0 120.0 120.0
120.0 120.0 120.0 120.0
120.0 120.0 120.0 120.0
120.0 120.0 120.0 120.0
120.0 120.0 120.0 120.0
120.0 120.0 120.0 120.0
120.0 120.0 120.0 120.0
120.0 120.0 120.0 120.0
120.0 120.0 120.0 120.0
120.0 120.0 120.0 120.0
120.0 120.0 120.0 120.0
120.0 120.0 120.0 120.0
120.0 120.0 120.0 120.0
120.0 120.0 120.0 120.0
120.0 120.0 120.0 120.0
120.0 120.0 120.0 120.0
120.0 120.0 120.0 120.0
120.0 120.0 120.0 120.0
120.0 120.0 120.0 120.0
120.0 120.0 120.0 120.0
120.0 120.0 120.0 120.0
120.0 120.0 120.0 120.0
120.0 120.0 120.0 120.0
120.0 120.0 120.0 120.0
120.0 120.0 120.0 120.0
120.0 120.0 120.0 120.0
120.0 120.0 120.0 120.0
120.0 120.0 120.0 120.0
120.0 120.0 120.0 120.0
120.0 120.0 120.0 120.0
120.0 120.0 120.0 120.0
120.0 120.0 120.0 120.0
120.0 120.0 120.0 120.0
120.0 120.0 120.0 120.0
120.0 120.0 120.0 120.0
120.0 120.0 120.0 120.0
120.0 120.0 120.0 120.0
120.0 120.0 120.0 120.0
120.0 120.0 120.0 120.0
120.0 120.0 120.0 120.0
120.0 120.0 120.0 120.0
120.0 120.0 120.0 120.0
120.0 120.0 120.0 120.0
120.0 120.0 120.0 120.0
120.0 120.0 120.0 120.0
120.0 120.0 120.0 120.0
120.0 120.0 120.0 120.0
120.0 120.0 120.0 120.0
120.0 120.0 120.0 120.0
120.0 120.0 120.0 120.0
120.0 120.0 120.0 120.0
120.0 120.0 120.0 120.0
120.0 120.0 120.0 120.0
120.0 120.0 120.0 120.0
120.0 120.0 120.0 120.0
120.0 120.0 120.0 120.0
120.0 120.0 120.0 120.0
120.0 120.0 120.0 120.0

10.0 10.0 10.0 10.0
2.0 2.0 2.0 2.0
120.0 120.0 120.0 120.0
2.0 2.0 2.0 2.0
11.0 11.0 11.0 11.0
120.0 120.0 120.0 120.0
120.0 120.0 120.0 120.0
120.0 120.0 120.0 120.0
1.0 1.0 1.0 1.0
1.0 1.0 1.0 1.0
59.5 59.5 59.5 59.5
1.0 1.0 1.0 1.0
38.0 38.0 38.0 38.0
4.0 4.0 4.0 4.0
1.0 1.0 1.0 1.0
58.0 58.0 58.0 58.0
10.5 10.5 10.5 10.5
120.0 120.0 120.0 120.0
2.0 2.0 2.0 2.0
2.5 2.5 2.5 2.5
11.0 11.0 11.0 11.0
21.0 21.0 21.0 21.0
120.0 120.0 120.0 120.0
3.0 3.0 3.0 3.0
59.0 59.0 59.0 59.0
120.0 120.0 120.0 120.0
14.0 14.0 14.0 14.0
120.0 120.0 120.0 120.0
120.0 120.0 120.0 120.0
59.5 59.5 59.5 59.5
59.5 59.5 59.5 59.5
120.0 120.0 120.0 120.0
59.0 59.0 59.0 59.0
59.5 59.5 59.5 59.5
59.5 59.5 59.5 59.5
120.0 120.0 120.0 120.0
120.0 120.0 120.0 120.0
59.5 59.5 59.5 59.5
120.0 120.0 120.0 120.0
120.0 120.0 120.0 120.0
120.0 120.0 120.0 120.0
120.0 120.0 120.0 120.0
120.0 120.0 120.0 120.0
120.0 120.0 120.0 120.0
120.0 120.0 120.0 120.0
11.0 11.0 120.0 120.0
120.0 120.0 59.5 59.5
59.5 59.5 59.5 59.5
10.5 10.5 10.5 10.5
4.0 4.0 4.0 4.0
9.0 9.0 8.0 8.0
1.0 1.0 1.0 1.0
59.5 59.5 120.0 120.0
59.5 59.5 59.5 59.5
9.0 9.0 9.0 9.0
59.5 59.5 59.5 59.5
59.0 59.0 59.0 59.0
59.5 59.5 59.5 59.5
59.5 59.5 59.5 59.5
59.0 59.0 59.0 59.0
120.0 120.0 120.0 120.0
120.0 120.0 120.0 120.0
120.0 120.0 120.0 120.0
120.0 120.0 120.0 120.0
120.0 120.0 120.0 120.0
120.0 120.0 120.0 120.0
120.0 120.0 120.0 120.0
120.0 120.0 120.0 120.0
120.0 120.0 120.0 120.0
120.0 120.0 120.0 120.0
120.0 120.0 120.0 120.0
120.0 120.0 120.0 120.0
120.0 120.0 120.0 120.0
120.0 120.0 120.0 120.0
120.0 120.0 120.0 120.0
120.0 120.0 120.0 120.0
120.0 120.0 120.0 120.0
120.0 120.0 120.0 120.0
120.0 120.0 120.0 120.0
120.0 120.0 120.0 120.0
120.0 120.0 120.0 120.0
120.0 120.0 120.0 120.0
120.0 120.0 120.0 120.0
120.0 120.0 120.0 120.0
120.0 120.0 120.0 120.0
120.0 120.0 120.0 120.0
120.0 120.0 120.0 120.0
120.0 120.0 120.0 120.0
120.0 120.0 120.0 120.0
120.0 120.0 120.0 120.0
120.0 120.0 120.0 120.0
120.0 120.0 120.0 120.0
120.0 120.0 120.0 120.0
120.0 120.0 120.0 120.0
120.0 120.0 120.0 120.0
120.0 120.0 120.0 120.0
120.0 120.0 120.0 120.0
120.0 120.0 120.0 120.0
120.0 120.0 120.0 120.0
120.0 120.0 120.0 120.0
120.0 120.0 120.0 120.0
120.0 120.0 120.0 120.0
120.0 120.0 120.0 120.0
120.0 120.0 120.0 120.0
120.0 120.0 120.0 120.0
120.0 120.0 120.0 120.0
120.0 120.0 120.0 120.0
120.0 120.0 120.0 120.0
120.0 120.0 120.0 120.0
120.0 120.0 120.0 120.0
120.0 120.0 120.0 120.0
120.0 120.0 120.0 120.0
120.0 120.0 120.0 120.0
120.0 120.0 120.0 120.0
120.0 120.0 120.0 120.0
120.0 120.0 120.0 120.0
120.0 120.0 120.0 120.0
120.0 120.0 120.0 120.0
120.0 120.0 120.0 120.0
120.0 120.0 120.0 120.0
120.0 120.0 120.0 120.0
120.0 120.0 120.0 120.0
120.0 120.0 120.0 120.0
120.0 120.0 120.0 120.0
120.0 120.0 120.0 120.0
120.0 120.0 120.0 120.0
120.0 120.0 120.0 120.0
120.0 120.0 120.0 120.0

10.0 10.0 10.0 10.0
2.0 2.0 2.0 2.0
120.0 120.0 120.0 120.0
2.0 2.0 2.0 2.0
8.5 8.5 8.5 8.5
120.0 120.0 120.0 120.0
120.0 120.0 120.0 120.0
120.0 120.0 120.0 120.0
2.0 2.0 2.0 2.0
1.0 1.0 1.0 1.0
11.0 11.0 11.0 11.0
2.0 2.0 2.0 2.0
24.5 24.5 24.5 24.5
3.0 3.0 3.0 3.0
1.0 1.0 1.0 1.0
10.0 10.0 10.0 10.0
10.5 10.5 10.5 10.5
120.0 120.0 120.0 120.0
2.0 2.0 2.0 2.0
3.0 3.0 3.0 3.0
11.0 11.0 11.0 11.0
14.0 14.0 14.0 14.0
120.0 120.0 120.0 120.0
3.0 3.0 3.0 3.0
59.0 59.0 59.0 59.0
120.0 120.0 120.0 120.0
17.5 17.5 17.5 17.5
120.0 120.0 120.0 120.0
120.0 120.0 120.0 120.0
59.5 59.5 59.5 59.5
59.5 59.5 59.5 59.5
120.0 120.0 120.0 120.0
59.0 59.0 59.0 59.0
59.5 59.5 59.5 59.5
59.5 59.5 59.5 59.5
120.0 120.0 120.0 120.0
120.0 120.0 120.0 120.0
59.5 59.5 59.5 59.5
120.0 120.0 120.0 120.0
120.0 120.0 120.0 120.0
120.0 120.0 120.0 120.0
120.0 120.0 120.0 120.0
120.0 120.0 120.0 120.0
120.0 120.0 120.0 120.0
120.0 120.0 120.0 120.0
12.0 12.0 120.0 120.0
120.0 120.0 120.0 120.0
59.5 59.5 59.5 59.5
10.5 10.5 10.5 10.5
5.0 5.0 5.0 5.0
10.0 10.0 10.0 10.0
1.0 1.0 1.0 1.0
59.5 59.5 120.0 120.0
59.5 59.5 59.5 59.5
21.0 21.0 21.0 21.0
59.5 59.5 59.5 59.5
59.0 59.0 59.0 59.0
11.0 11.0 11.0 11.0
11.0 11.0 11.0 11.0
10.0 10.0 10.0 10.0
120.0 120.0 120.0 120.0
120.0 120.0 120.0 120.0
120.0 120.0 120.0 120.0
120.0 120.0 120.0 120.0
120.0 120.0 120.0 120.0
120.0 120.0 120.0 120.0
120.0 120.0 120.0 120.0
120.0 120.0 120.0 120.0
120.0 120.0 120.0 120.0
120.0 120.0 120.0 120.0
120.0 120.0 120.0 120.0
120.0 120.0 120.0 120.0
120.0 120.0 120.0 120.0
120.0 120.0 120.0 120.0
120.0 120.0 120.0 120.0
120.0 120.0 120.0 120.0
120.0 120.0 120.0 120.0
120.0 120.0 120.0 120.0
120.0 120.0 120.0 120.0
120.0 120.0 120.0 120.0
120.0 120.0 120.0 120.0
120.0 120.0 120.0 120.0
120.0 120.0 120.0 120.0
120.0 120.0 120.0 120.0
120.0 120.0 120.0 120.0
120.0 120.0 120.0 120.0
120.0 120.0 120.0 120.0
120.0 120.0 120.0 120.0
120.0 120.0 120.0 120.0
120.0 120.0 120.0 120.0
120.0 120.0 120.0 120.0
120.0 120.0 120.0 120.0
120.0 120.0 120.0 120.0
120.0 120.0 120.0 120.0
120.0 120.0 120.0 120.0
120.0 120.0 120.0 120.0
120.0 120.0 120.0 120.0
120.0 120.0 120.0 120.0
120.0 120.0 120.0 120.0
120.0 120.0 120.0 120.0
120.0 120.0 120.0 120.0
120.0 120.0 120.0 120.0
120.0 120.0 120.0 120.0
120.0 120.0 120.0 120.0
120.0 120.0 120.0 120.0
120.0 120.0 120.0 120.0
120.0 120.0 120.0 120.0
120.0 120.0 120.0 120.0
120.0 120.0 120.0 120.0
120.0 120.0 120.0 120.0
120.0 120.0 120.0 120.0
120.0 120.0 120.0 120.0
120.0 120.0 120.0 120.0
120.0 120.0 120.0 120.0
120.0 120.0 120.0 120.0
120.0 120.0 120.0 120.0
120.0 120.0 120.0 120.0
120.0 120.0 120.0 120.0
120.0 120.0 120.0 120.0
120.0 120.0 120.0 120.0
120.0 120.0 120.0 120.0
120.0 120.0 120.0 120.0
120.0 120.0 120.0 120.0
120.0 120.0 120.0 120.0
120.0 120.0 120.0 120.0
120.0 120.0 120.0 120.0
120.0 120.0 120.0 120.0
120.0 120.0 120.0 120.0

10.0 10.0 10.0 10.0
2.0 2.0 2.0 2.0
120.0 120.0 120.0 120.0
2.0 2.0 2.0 2.0
9.0 9.0 9.0 9.0
120.0 120.0 120.0 120.0
120.0 120.0 120.0 120.0
120.0 120.0 120.0 120.0
2.0 2.0 2.0 2.0
1.0 1.0 1.0 1.0
11.0 11.0 11.0 11.0
2.0 2.0 2.0 2.0
11.0 11.0 11.0 11.0
3.0 3.0 3.0 3.0
1.0 1.0 1.0 1.0
10.5 10.5 10.5 10.5
10.0 10.0 10.0 10.0
120.0 120.0 120.0 120.0
2.0 2.0 2.0 2.0
2.5 2.5 2.5 2.5
11.0 11.0 11.0 11.0
16.0 16.0 16.0 16.0
120.0 120.0 120.0 120.0
3.0 3.0 3.0 3.0
59.0 59.0 59.0 59.0
120.0 120.0 120.0 120.0
14.0 14.0 14.0 14.0
120.0 120.0 120.0 120.0
120.0 120.0 120.0 120.0
59.5 59.5 59.5 59.5
59.5 59.5 59.5 59.5
120.0 120.0 120.0 120.0
59.0 59.0 59.0 59.0
59.5 59.5 59.5 59.5
59.5 59.5 59.5 59.5
120.0 120.0 120.0 120.0
120.0 120.0 120.0 120.0
59.5 59.5 59.5 59.5
120.0 120.0 120.0 120.0
120.0 120.0 120.0 120.0
120.0 120.0 120.0 120.0
120.0 120.0 120.0 120.0
120.0 120.0 120.0 120.0
58.5 58.5 58.5 58.5
120.0 120.0 120.0 120.0
11.0 11.0 120.0 120.0
120.0 120.0 120.0 120.0
59.5 59.5 59.5 59.5
10.5 10.5 10.5 10.5
4.0 4.0 4.0 4.0
10.0 10.0 9.5 9.5
1.0 1.0 1.0 1.0
59.5 59.5 120.0 120.0
59.5 59.5 59.5 59.5
33.0 33.0 33.0 33.0
59.5 59.5 59.5 59.5
59.0 59.0 59.0 59.0
11.0 11.0 11.0 11.0
11.0 11.0 11.0 11.0
10.5 10.5 10.5 10.5
120.0 120.0 120.0 120.0
120.0 120.0 120.0 120.0
120.0 120.0 120.0 120.0
120.0 120.0 120.0 120.0
120.0 120.0 120.0 120.0
120.0 120.0 120.0 120.0
120.0 120.0 120.0 120.0
120.0 120.0 120.0 120.0
120.0 120.0 120.0 120.0
120.0 120.0 120.0 120.0
120.0 120.0 120.0 120.0
120.0 120.0 120.0 120.0
120.0 120.0 120.0 120.0
120.0 120.0 120.0 120.0
120.0 120.0 120.0 120.0
120.0 120.0 120.0 120.0
120.0 120.0 120.0 120.0
120.0 120.0 120.0 120.0
120.0 120.0 120.0 120.0
120.0 120.0 120.0 120.0
120.0 120.0 120.0 120.0
120.0 120.0 120.0 120.0
120.0 120.0 120.0 120.0
120.0 120.0 120.0 120.0
120.0 120.0 120.0 120.0
120.0 120.0 120.0 120.0
120.0 120.0 120.0 120.0
120.0 120.0 120.0 120.0
120.0 120.0 120.0 120.0
120.0 120.0 120.0 120.0
120.0 120.0 120.0 120.0
120.0 120.0 120.0 120.0
120.0 120.0 120.0 120.0
120.0 120.0 120.0 120.0
120.0 120.0 120.0 120.0
120.0 120.0 120.0 120.0
120.0 120.0 120.0 120.0
120.0 120.0 120.0 120.0
120.0 120.0 120.0 120.0
120.0 120.0 120.0 120.0
120.0 120.0 120.0 120.0
120.0 120.0 120.0 120.0
120.0 120.0 120.0 120.0
120.0 120.0 120.0 120.0
120.0 120.0 120.0 120.0
120.0 120.0 120.0 120.0
120.0 120.0 120.0 120.0
120.0 120.0 120.0 120.0
120.0 120.0 120.0 120.0
120.0 120.0 120.0 120.0
120.0 120.0 120.0 120.0
120.0 120.0 120.0 120.0
120.0 120.0 120.0 120.0
120.0 120.0 120.0 120.0
120.0 120.0 120.0 120.0
120.0 120.0 120.0 120.0
120.0 120.0 120.0 120.0
120.0 120.0 120.0 120.0
120.0 120.0 120.0 120.0
120.0 120.0 120.0 120.0
120.0 120.0 120.0 120.0
120.0 120.0 120.0 120.0
120.0 120.0 120.0 120.0
120.0 120.0 120.0 120.0
120.0 120.0 120.0 120.0
120.0 120.0 120.0 120.0
120.0 120.0 120.0 120.0
120.0 120.0 120.0 120.0

10.0 10.0 10.0 10.0
2.0 2.0 2.0 2.0
120.0 120.0 120.0 120.0
2.0 2.0 2.0 2.0
9.0 9.0 9.0 9.0
120.0 120.0 120.0 120.0
120.0 120.0 120.0 120.0
120.0 120.0 120.0 120.0
2.0 2.0 2.0 2.0
1.0 1.0 1.0 1.0
11.0 11.0 11.0 11.0
2.0 2.0 2.0 2.0
11.5 11.5 11.5 11.5
3.0 3.0 3.0 3.0
1.0 1.0 1.0 1.0
10.0 10.0 10.0 10.0
10.5 10.5 10.5 10.5
120.0 120.0 120.0 120.0
3.0 3.0 3.0 3.0
3.0 3.0 3.0 3.0
11.0 11.0 11.0 11.0
16.0 16.0 16.0 16.0
120.0 120.0 120.0 120.0
3.0 3.0 3.0 3.0
59.0 59.0 59.0 59.0
120.0 120.0 120.0 120.0
15.0 15.0 15.0 15.0
120.0 120.0 120.0 120.0
120.0 120.0 120.0 120.0
12.0 12.0 12.0 12.0
59.5 59.5 59.5 59.5
120.0 120.0 120.0 120.0
59.0 59.0 59.0 59.0
59.5 59.5 59.5 59.5
59.5 59.5 59.5 59.5
120.0 120.0 120.0 120.0
120.0 120.0 120.0 120.0
59.5 59.5 59.5 59.5
120.0 120.0 120.0 120.0
120.0 120.0 120.0 120.0
120.0 120.0 120.0 120.0
120.0 120.0 120.0 120.0
120.0 120.0 120.0 120.0
7.0 7.0 7.0 7.0
120.0 120.0 120.0 120.0
17.0 17.0 120.0 120.0
120.0 120.0 120.0 120.0
120.0 120.0 120.0 120.0
10.0 10.0 10.0 10.0
4.0 4.0 4.0 4.0
8.0 8.0 7.0 7.0
1.0 1.0 1.0 1.0
59.5 59.5 120.0 120.0
59.5 59.5 59.5 59.5
45.0 45.0 45.0 45.0
59.5 59.5 59.5 59.5
59.0 59.0 59.0 59.0
11.0 11.0 11.0 11.0
11.0 11.0 11.0 11.0
10.0 10.0 10.0 10.0
59.5 59.5 59.5 59.5
120.0 120.0 120.0 120.0
120.0 120.0 120.0 120.0
120.0 120.0 120.0 120.0
120.0 120.0 120.0 120.0
120.0 120.0 120.0 120.0
120.0 120.0 120.0 120.0
120.0 120.0 120.0 120.0
120.0 120.0 120.0 120.0
120.0 120.0 120.0 120.0
120.0 120.0 120.0 120.0
120.0 120.0 120.0 120.0
120.0 120.0 120.0 120.0
120.0 120.0 120.0 120.0
120.0 120.0 120.0 120.0
120.0 120.0 120.0 120.0
120.0 120.0 120.0 120.0
120.0 120.0 120.0 120.0
120.0 120.0 120.0 120.0
120.0 120.0 120.0 120.0
120.0 120.0 120.0 120.0
120.0 120.0 120.0 120.0
120.0 120.0 120.0 120.0
120.0 120.0 120.0 120.0
120.0 120.0 120.0 120.0
120.0 120.0 120.0 120.0
120.0 120.0 120.0 120.0
120.0 120.0 120.0 120.0
120.0 120.0 120.0 120.0
120.0 120.0 120.0 120.0
120.0 120.0 120.0 120.0
120.0 120.0 120.0 120.0
120.0 120.0 120.0 120.0
120.0 120.0 120.0 120.0
120.0 120.0 120.0 120.0
120.0 120.0 120.0 120.0
120.0 120.0 120.0 120.0
120.0 120.0 120.0 120.0
120.0 120.0 120.0 120.0
120.0 120.0 120.0 120.0
120.0 120.0 120.0 120.0
120.0 120.0 120.0 120.0
120.0 120.0 120.0 120.0
120.0 120.0 120.0 120.0
120.0 120.0 120.0 120.0
120.0 120.0 120.0 120.0
120.0 120.0 120.0 120.0
120.0 120.0 120.0 120.0
120.0 120.0 120.0 120.0
120.0 120.0 120.0 120.0
120.0 120.0 120.0 120.0
120.0 120.0 120.0 120.0
120.0 120.0 120.0 120.0
120.0 120.0 120.0 120.0
120.0 120.0 120.0 120.0
120.0 120.0 120.0 120.0
120.0 120.0 120.0 120.0
120.0 120.0 120.0 120.0
120.0 120.0 120.0 120.0
120.0 120.0 120.0 120.0
120.0 120.0 120.0 120.0
120.0 120.0 120.0 120.0
120.0 120.0 120.0 120.0
120.0 120.0 120.0 120.0
120.0 120.0 120.0 120.0
120.0 120.0 120.0 120.0
120.0 120.0 120.0 120.0
120.0 120.0 120.0 120.0

9.0 9.0 9.0 9.0
2.5 2.5 2.5 2.5
120.0 120.0 120.0 120.0
2.0 2.0 2.0 2.0
10.0 10.0 10.0 10.0
120.0 120.0 120.0 120.0
120.0 120.0 120.0 120.0
120.0 120.0 120.0 120.0
2.0 2.0 2.0 2.0
1.0 1.0 1.0 1.0
11.0 11.0 11.0 11.0
2.0 2.0 2.0 2.0
16.5 16.5 16.5 16.5
2.5 2.5 2.5 2.5
1.0 1.0 1.0 1.0
11.0 11.0 11.0 11.0
10.5 10.5 10.5 10.5
120.0 120.0 120.0 120.0
3.5 3.5 3.5 3.5
3.0 3.0 3.0 3.0
11.0 11.0 11.0 11.0
19.5 19.5 19.5 19.5
120.0 120.0 120.0 120.0
3.0 3.0 3.0 3.0
59.0 59.0 59.0 59.0
120.0 120.0 120.0 120.0
15.0 15.0 15.0 15.0
120.0 120.0 120.0 120.0
120.0 120.0 120.0 120.0
59.0 59.0 59.0 59.0
59.5 59.5 59.5 59.5
120.0 120.0 120.0 120.0
59.0 59.0 59.0 59.0
59.5 59.5 59.5 59.5
59.5 59.5 59.5 59.5
120.0 120.0 120.0 120.0
120.0 120.0 120.0 120.0
59.5 59.5 59.5 59.5
120.0 120.0 120.0 120.0
120.0 120.0 120.0 120.0
120.0 120.0 120.0 120.0
120.0 120.0 120.0 120.0
120.0 120.0 120.0 120.0
4.0 4.0 4.0 4.0
120.0 120.0 120.0 120.0
18.0 18.0 120.0 120.0
120.0 120.0 120.0 120.0
120.0 120.0 120.0 120.0
10.0 10.0 10.0 10.0
4.0 4.0 4.0 4.0
9.0 9.0 8.0 8.0
1.0 1.0 1.0 1.0
59.5 59.5 120.0 120.0
59.5 59.5 59.5 59.5
57.0 57.0 57.0 57.0
59.5 59.5 59.5 59.5
59.0 59.0 59.0 59.0
11.0 11.0 11.0 11.0
11.0 11.0 11.0 11.0
11.0 11.0 11.0 11.0
59.5 59.5 59.5 59.5
58.5 58.5 59.5 59.5
58.5 58.5 59.5 59.5
58.5 58.5 59.5 59.5
120.0 120.0 120.0 120.0
120.0 120.0 120.0 120.0
120.0 120.0 120.0 120.0
120.0 120.0 120.0 120.0
120.0 120.0 120.0 120.0
120.0 120.0 120.0 120.0
120.0 120.0 120.0 120.0
120.0 120.0 120.0 120.0
120.0 120.0 120.0 120.0
120.0 120.0 120.0 120.0
120.0 120.0 120.0 120.0
120.0 120.0 120.0 120.0
120.0 120.0 120.0 120.0
120.0 120.0 120.0 120.0
120.0 120.0 120.0 120.0
120.0 120.0 120.0 120.0
120.0 120.0 120.0 120.0
120.0 120.0 120.0 120.0
120.0 120.0 120.0 120.0
120.0 120.0 120.0 120.0
120.0 120.0 120.0 120.0
120.0 120.0 120.0 120.0
120.0 120.0 120.0 120.0
120.0 120.0 120.0 120.0
120.0 120.0 120.0 120.0
120.0 120.0 120.0 120.0
120.0 120.0 120.0 120.0
120.0 120.0 120.0 120.0
120.0 120.0 120.0 120.0
120.0 120.0 120.0 120.0
120.0 120.0 120.0 120.0
120.0 120.0 120.0 120.0
120.0 120.0 120.0 120.0
120.0 120.0 120.0 120.0
120.0 120.0 120.0 120.0
120.0 120.0 120.0 120.0
120.0 120.0 120.0 120.0
120.0 120.0 120.0 120.0
120.0 120.0 120.0 120.0
120.0 120.0 120.0 120.0
120.0 120.0 120.0 120.0
120.0 120.0 120.0 120.0
120.0 120.0 120.0 120.0
120.0 120.0 120.0 120.0
120.0 120.0 120.0 120.0
120.0 120.0 120.0 120.0
120.0 120.0 120.0 120.0
120.0 120.0 120.0 120.0
120.0 120.0 120.0 120.0
120.0 120.0 120.0 120.0
120.0 120.0 120.0 120.0
120.0 120.0 120.0 120.0
120.0 120.0 120.0 120.0
120.0 120.0 120.0 120.0
120.0 120.0 120.0 120.0
120.0 120.0 120.0 120.0
120.0 120.0 120.0 120.0
120.0 120.0 120.0 120.0
120.0 120.0 120.0 120.0
120.0 120.0 120.0 120.0
120.0 120.0 120.0 120.0
120.0 120.0 120.0 120.0
120.0 120.0 120.0 120.0
120.0 120.0 120.0 120.0

9.0 9.0 9.0 9.0
2.0 2.0 2.0 2.0
120.0 120.0 120.0 120.0
2.5 2.5 2.5 2.5
8.0 8.0 8.0 8.0
120.0 120.0 120.0 120.0
120.0 120.0 120.0 120.0
120.0 120.0 120.0 120.0
3.0 3.0 2.0 2.0
1.0 1.0 1.0 1.0
11.0 11.0 11.0 11.0
2.0 2.0 2.0 2.0
10.5 10.5 10.5 10.5
2.0 2.0 2.0 2.0
1.0 1.0 1.0 1.0
11.0 11.0 11.0 11.0
10.0 10.0 10.0 10.0
120.0 120.0 120.0 120.0
4.0 4.0 4.0 4.0
3.0 3.0 3.0 3.0
11.0 11.0 11.0 11.0
17.0 17.0 17.0 17.0
120.0 120.0 120.0 120.0
3.0 3.0 3.0 3.0
59.0 59.0 59.0 59.0
120.0 120.0 120.0 120.0
13.0 13.0 13.0 13.0
120.0 120.0 120.0 120.0
59.0 59.0 59.0 59.0
59.5 59.5 59.5 59.5
49.0 49.0 49.0 49.0
120.0 120.0 120.0 120.0
59.0 59.0 59.0 59.0
59.5 59.5 59.5 59.5
59.5 59.5 59.5 59.5
120.0 120.0 120.0 120.0
120.0 120.0 120.0 120.0
59.5 59.5 59.5 59.5
120.0 120.0 120.0 120.0
120.0 120.0 120.0 120.0
120.0 120.0 120.0 120.0
120.0 120.0 120.0 120.0
120.0 120.0 120.0 120.0
8.0 8.0 8.0 8.0
120.0 120.0 120.0 120.0
17.0 17.0 120.0 120.0
120.0 120.0 120.0 120.0
120.0 120.0 120.0 120.0
10.0 10.0 10.0 10.0
4.0 4.0 4.0 4.0
9.5 9.5 9.0 9.0
1.0 1.0 1.0 1.0
59.5 59.5 120.0 120.0
59.5 59.5 59.5 59.5
48.0 48.0 48.0 48.0
59.5 59.5 59.5 59.5
59.0 59.0 59.0 59.0
11.0 11.0 11.0 11.0
11.0 11.0 11.0 11.0
11.0 11.0 11.0 11.0
59.5 59.5 59.5 59.5
5.0 5.0 10.0 10.0
5.0 5.0 10.0 10.0
5.0 5.0 10.0 10.0
58.5 58.5 58.5 58.5
59.0 59.0 59.0 59.0
59.0 59.0 59.0 59.0
1.0 1.0 1.0 1.0
59.5 59.5 59.5 59.5
59.5 59.5 59.5 59.5
59.5 59.5 59.5 59.5
59.0 59.0 59.0 59.0
59.0 59.0 59.0 59.0
117.0 117.0 117.0 117.0
59.0 59.0 59.0 59.0
59.5 59.5 59.5 59.5
120.0 120.0 120.0 120.0
120.0 120.0 120.0 120.0
120.0 120.0 120.0 120.0
120.0 120.0 120.0 120.0
120.0 120.0 120.0 120.0
120.0 120.0 120.0 120.0
120.0 120.0 120.0 120.0
120.0 120.0 120.0 120.0
120.0 120.0 120.0 120.0
120.0 120.0 120.0 120.0
120.0 120.0 120.0 120.0
120.0 120.0 120.0 120.0
120.0 120.0 120.0 120.0
120.0 120.0 120.0 120.0
120.0 120.0 120.0 120.0
120.0 120.0 120.0 120.0
120.0 120.0 120.0 120.0
120.0 120.0 120.0 120.0
120.0 120.0 120.0 120.0
120.0 120.0 120.0 120.0
120.0 120.0 120.0 120.0
120.0 120.0 120.0 120.0
120.0 120.0 120.0 120.0
120.0 120.0 120.0 120.0
120.0 120.0 120.0 120.0
120.0 120.0 120.0 120.0
120.0 120.0 120.0 120.0
120.0 120.0 120.0 120.0
120.0 120.0 120.0 120.0
120.0 120.0 120.0 120.0
120.0 120.0 120.0 120.0
120.0 120.0 120.0 120.0
120.0 120.0 120.0 120.0
120.0 120.0 120.0 120.0
120.0 120.0 120.0 120.0
120.0 120.0 120.0 120.0
120.0 120.0 120.0 120.0
120.0 120.0 120.0 120.0
120.0 120.0 120.0 120.0
120.0 120.0 120.0 120.0
120.0 120.0 120.0 120.0
120.0 120.0 120.0 120.0
120.0 120.0 120.0 120.0
120.0 120.0 120.0 120.0
120.0 120.0 120.0 120.0
120.0 120.0 120.0 120.0
120.0 120.0 120.0 120.0
120.0 120.0 120.0 120.0
120.0 120.0 120.0 120.0
120.0 120.0 120.0 120.0
120.0 120.0 120.0 120.0
120.0 120.0 120.0 120.0

9.0 9.0 9.0 9.0
1.5 1.5 1.5 1.5
120.0 120.0 120.0 120.0
3.0 3.0 3.0 3.0
8.0 8.0 8.0 8.0
120.0 120.0 120.0 120.0
120.0 120.0 120.0 120.0
120.0 120.0 120.0 120.0
3.5 3.5 3.0 3.0
1.0 1.0 1.0 1.0
11.0 11.0 11.0 11.0
2.0 2.0 2.0 2.0
11.0 11.0 11.0 11.0
2.0 2.0 2.0 2.0
1.0 1.0 1.0 1.0
11.0 11.0 11.0 11.0
10.0 10.0 10.0 10.0
120.0 120.0 120.0 120.0
4.0 4.0 4.0 4.0
2.0 2.0 2.0 2.0
11.0 11.0 11.0 11.0
19.0 19.0 19.0 19.0
120.0 120.0 120.0 120.0
2.5 2.5 2.5 2.5
59.0 59.0 59.0 59.0
120.0 120.0 120.0 120.0
14.0 14.0 14.0 14.0
120.0 120.0 120.0 120.0
1.0 1.0 1.0 1.0
59.5 59.5 59.5 59.5
23.5 23.5 23.5 23.5
120.0 120.0 120.0 120.0
59.0 59.0 59.0 59.0
59.5 59.5 59.5 59.5
59.5 59.5 59.5 59.5
120.0 120.0 120.0 120.0
120.0 120.0 120.0 120.0
59.5 59.5 59.5 59.5
120.0 120.0 120.0 120.0
120.0 120.0 120.0 120.0
120.0 120.0 120.0 120.0
120.0 120.0 120.0 120.0
59.5 59.5 59.5 59.5
8.0 8.0 8.0 8.0
120.0 120.0 120.0 120.0
10.0 10.0 120.0 120.0
120.0 120.0 120.0 120.0
120.0 120.0 120.0 120.0
10.0 10.0 10.0 10.0
4.0 4.0 4.0 4.0
9.5 9.5 9.0 9.0
1.0 1.0 1.0 1.0
59.5 59.5 120.0 120.0
59.5 59.5 59.5 59.5
36.0 36.0 36.0 36.0
59.5 59.5 59.5 59.5
59.0 59.0 59.0 59.0
11.0 11.0 11.0 11.0
11.0 11.0 11.0 11.0
11.0 11.0 11.0 11.0
59.5 59.5 59.5 59.5
6.0 6.0 10.5 10.5
6.0 6.0 10.5 10.5
6.0 6.0 10.5 10.5
5.0 5.0 5.0 5.0
6.0 6.0 6.0 6.0
59.0 59.0 59.0 59.0
13.0 13.0 13.0 13.0
59.5 59.5 59.5 59.5
59.5 59.5 59.5 59.5
5.0 5.0 5.0 5.0
10.0 10.0 10.0 10.0
3.0 3.0 3.0 3.0
105.0 105.0 105.0 105.0
7.0 7.0 7.0 7.0
6.0 6.0 6.0 6.0
59.0 59.0 59.0 59.0
3.0 3.0 3.0 3.0
59.5 59.5 59.5 59.5
59.0 59.0 59.0 59.0
1.0 1.0 1.0 1.0
113.0 113.0 113.0 113.0
1.5 1.5 1.5 1.5
58.0 58.0 58.0 58.0
59.5 59.5 59.5 59.5
59.5 59.5 59.5 59.5
59.0 59.0 59.0 59.0
120.0 120.0 120.0 120.0
120.0 120.0 120.0 120.0
120.0 120.0 120.0 120.0
120.0 120.0 120.0 120.0
120.0 120.0 120.0 120.0
120.0 120.0 120.0 120.0
120.0 120.0 120.0 120.0
120.0 120.0 120.0 120.0
120.0 120.0 120.0 120.0
120.0 120.0 120.0 120.0
120.0 120.0 120.0 120.0
120.0 120.0 120.0 120.0
120.0 120.0 120.0 120.0
120.0 120.0 120.0 120.0
120.0 120.0 120.0 120.0
120.0 120.0 120.0 120.0
120.0 120.0 120.0 120.0
120.0 120.0 120.0 120.0
120.0 120.0 120.0 120.0
120.0 120.0 120.0 120.0
120.0 120.0 120.0 120.0
120.0 120.0 120.0 120.0
120.0 120.0 120.0 120.0
120.0 120.0 120.0 120.0
120.0 120.0 120.0 120.0
120.0 120.0 120.0 120.0
120.0 120.0 120.0 120.0
120.0 120.0 120.0 120.0
120.0 120.0 120.0 120.0
120.0 120.0 120.0 120.0
120.0 120.0 120.0 120.0
120.0 120.0 120.0 120.0
120.0 120.0 120.0 120.0
120.0 120.0 120.0 120.0
120.0 120.0 120.0 120.0
120.0 120.0 120.0 120.0
120.0 120.0 120.0 120.0
120.0 120.0 120.0 120.0
120.0 120.0 120.0 120.0
120.0 120.0 120.0 120.0
120.0 120.0 120.0 120.0

10.0 10.0 10.0 10.0
2.0 2.0 2.0 2.0
120.0 120.0 120.0 120.0
3.0 3.0 3.0 3.0
8.0 8.0 8.0 8.0
120.0 120.0 120.0 120.0
120.0 120.0 120.0 120.0
120.0 120.0 120.0 120.0
4.0 4.0 3.5 3.5
1.0 1.0 1.0 1.0
11.0 11.0 11.0 11.0
2.0 2.0 2.0 2.0
11.0 11.0 11.0 11.0
3.0 3.0 3.0 3.0
1.0 1.0 1.0 1.0
11.0 11.0 11.0 11.0
11.0 11.0 11.0 11.0
120.0 120.0 120.0 120.0
4.0 4.0 4.0 4.0
2.0 2.0 2.0 2.0
10.0 10.0 10.0 10.0
20.0 20.0 20.0 20.0
120.0 120.0 120.0 120.0
3.0 3.0 3.0 3.0
59.0 59.0 59.0 59.0
120.0 120.0 120.0 120.0
15.0 15.0 15.0 15.0
120.0 120.0 120.0 120.0
1.0 1.0 1.0 1.0
59.5 59.5 59.5 59.5
11.0 11.0 11.0 11.0
120.0 120.0 120.0 120.0
59.0 59.0 59.0 59.0
59.5 59.5 59.5 59.5
59.5 59.5 59.5 59.5
120.0 120.0 120.0 120.0
120.0 120.0 120.0 120.0
59.5 59.5 59.5 59.5
120.0 120.0 120.0 120.0
120.0 120.0 120.0 120.0
120.0 120.0 120.0 120.0
120.0 120.0 120.0 120.0
11.0 11.0 11.0 11.0
7.0 7.0 7.0 7.0
120.0 120.0 120.0 120.0
12.0 12.0 120.0 120.0
120.0 120.0 120.0 120.0
120.0 120.0 120.0 120.0
59.5 59.5 59.5 59.5
4.0 4.0 4.0 4.0
9.0 9.0 9.0 9.0
1.0 1.0 1.0 1.0
120.0 120.0 120.0 120.0
59.5 59.5 59.5 59.5
24.0 24.0 24.0 24.0
59.5 59.5 59.5 59.5
59.0 59.0 59.0 59.0
11.0 11.0 11.0 11.0
11.0 11.0 11.0 11.0
11.0 11.0 11.0 11.0
59.5 59.5 59.5 59.5
8.0 8.0 10.0 10.0
8.0 8.0 10.0 10.0
8.0 8.0 10.0 10.0
11.0 11.0 11.0 11.0
10.0 10.0 10.0 10.0
59.0 59.0 59.0 59.0
25.0 25.0 25.0 25.0
59.5 59.5 59.5 59.5
59.5 59.5 59.5 59.5
7.0 7.0 7.0 7.0
10.0 10.0 10.0 10.0
2.0 2.0 2.0 2.0
93.0 93.0 93.0 93.0
19.0 19.0 19.0 19.0
18.0 18.0 18.0 18.0
59.0 59.0 59.0 59.0
7.0 7.0 7.0 7.0
59.5 59.5 59.5 59.5
59.0 59.0 59.0 59.0
1.0 1.0 1.0 1.0
2.5 2.5 2.5 2.5
1.0 1.0 1.0 1.0
58.0 58.0 58.0 58.0
10.0 10.0 10.0 10.0
10.0 10.0 10.0 10.0
59.0 59.0 59.0 59.0
59.5 59.5 59.5 59.5
120.0 120.0 120.0 120.0
120.0 120.0 120.0 120.0
120.0 120.0 120.0 120.0
120.0 120.0 120.0 120.0
120.0 120.0 120.0 120.0
120.0 120.0 120.0 120.0
120.0 120.0 120.0 120.0
120.0 120.0 120.0 120.0
120.0 120.0 120.0 120.0
120.0 120.0 120.0 120.0
120.0 120.0 120.0 120.0
120.0 120.0 120.0 120.0
120.0 120.0 120.0 120.0
120.0 120.0 120.0 120.0
120.0 120.0 120.0 120.0
120.0 120.0 120.0 120.0
120.0 120.0 120.0 120.0
120.0 120.0 120.0 120.0
120.0 120.0 120.0 120.0
120.0 120.0 120.0 120.0
120.0 120.0 120.0 120.0
120.0 120.0 120.0 120.0
120.0 120.0 120.0 120.0
120.0 120.0 120.0 120.0
120.0 120.0 120.0 120.0
120.0 120.0 120.0 120.0
120.0 120.0 120.0 120.0
120.0 120.0 120.0 120.0
120.0 120.0 120.0 120.0
120.0 120.0 120.0 120.0
120.0 120.0 120.0 120.0
120.0 120.0 120.0 120.0
120.0 120.0 120.0 120.0
120.0 120.0 120.0 120.0
120.0 120.0 120.0 120.0
120.0 120.0 120.0 120.0
120.0 120.0 120.0 120.0
120.0 120.0 120.0 120.0
120.0 120.0 120.0 120.0
120.0 120.0 120.0 120.0

10.0 10.0 10.0 10.0
1.0 1.0 1.0 1.0
120.0 120.0 120.0 120.0
5.0 5.0 5.5 5.5
7.5 7.5 7.5 7.5
120.0 120.0 120.0 120.0
120.0 120.0 120.0 120.0
120.0 120.0 120.0 120.0
4.0 4.0 3.5 3.5
1.0 1.0 1.0 1.0
11.0 11.0 11.0 11.0
2.0 2.0 2.0 2.0
11.0 11.0 11.0 11.0
3.0 3.0 3.0 3.0
1.0 1.0 1.0 1.0
11.0 11.0 11.0 11.0
11.0 11.0 11.0 11.0
120.0 120.0 120.0 120.0
5.0 5.0 5.0 5.0
1.0 1.0 2.0 2.0
9.0 9.0 9.0 9.0
17.0 17.0 17.0 17.0
120.0 120.0 120.0 120.0
2.0 2.0 2.0 2.0
59.0 59.0 59.0 59.0
120.0 120.0 120.0 120.0
59.0 59.0 59.0 59.0
120.0 120.0 120.0 120.0
1.0 1.0 1.0 1.0
59.5 59.5 59.5 59.5
10.5 10.5 10.5 10.5
120.0 120.0 120.0 120.0
59.0 59.0 59.0 59.0
59.5 59.5 59.5 59.5
59.5 59.5 59.5 59.5
120.0 120.0 120.0 120.0
120.0 120.0 120.0 120.0
59.5 59.5 59.5 59.5
120.0 120.0 120.0 120.0
120.0 120.0 120.0 120.0
120.0 120.0 120.0 120.0
120.0 120.0 120.0 120.0
10.5 10.5 10.5 10.5
7.5 7.5 7.5 7.5
120.0 120.0 120.0 120.0
16.0 16.0 120.0 120.0
120.0 120.0 120.0 120.0
120.0 120.0 120.0 120.0
120.0 120.0 120.0 120.0
4.5 4.5 4.5 4.5
10.0 10.0 10.0 10.0
1.0 1.0 1.0 1.0
120.0 120.0 120.0 120.0
120.0 120.0 120.0 120.0
12.0 12.0 12.0 12.0
59.5 59.5 59.5 59.5
59.0 59.0 59.0 59.0
11.0 11.0 11.0 11.0
11.0 11.0 11.0 11.0
11.0 11.0 11.0 11.0
57.0 57.0 57.0 57.0
10.5 10.5 11.0 11.0
10.5 10.5 11.0 11.0
10.5 10.5 11.0 11.0
16.5 16.5 16.5 16.5
10.0 10.0 10.0 10.0
59.0 59.0 59.0 59.0
37.0 37.0 37.0 37.0
59.5 59.5 59.5 59.5
59.5 59.5 59.5 59.5
8.5 8.5 8.5 8.5
16.0 16.0 16.0 16.0
1.5 1.5 1.5 1.5
1.0 1.0 1.0 1.0
31.0 31.0 31.0 31.0
30.0 30.0 30.0 30.0
59.0 59.0 59.0 59.0
10.0 10.0 10.0 10.0
59.5 59.5 59.5 59.5
59.0 59.0 59.0 59.0
1.0 1.0 1.0 1.0
8.5 8.5 8.5 8.5
1.0 1.0 1.0 1.0
58.0 58.0 58.0 58.0
10.5 10.5 10.0 10.0
10.5 10.5 10.5 10.5
59.0 59.0 59.0 59.0
11.0 11.0 11.0 11.0
119.0 119.0 119.0 119.0
120.0 120.0 120.0 120.0
120.0 120.0 120.0 120.0
120.0 120.0 120.0 120.0
120.0 120.0 120.0 120.0
120.0 120.0 120.0 120.0
120.0 120.0 120.0 120.0
120.0 120.0 120.0 120.0
120.0 120.0 120.0 120.0
120.0 120.0 120.0 120.0
120.0 120.0 120.0 120.0
120.0 120.0 120.0 120.0
120.0 120.0 120.0 120.0
120.0 120.0 120.0 120.0
120.0 120.0 120.0 120.0
120.0 120.0 120.0 120.0
120.0 120.0 120.0 120.0
120.0 120.0 120.0 120.0
120.0 120.0 120.0 120.0
120.0 120.0 120.0 120.0
120.0 120.0 120.0 120.0
120.0 120.0 120.0 120.0
120.0 120.0 120.0 120.0
120.0 120.0 120.0 120.0
120.0 120.0 120.0 120.0
120.0 120.0 120.0 120.0
120.0 120.0 120.0 120.0
120.0 120.0 120.0 120.0
120.0 120.0 120.0 120.0
120.0 120.0 120.0 120.0
120.0 120.0 120.0 120.0
120.0 120.0 120.0 120.0
120.0 120.0 120.0 120.0
120.0 120.0 120.0 120.0
120.0 120.0 120.0 120.0
120.0 120.0 120.0 120.0
120.0 120.0 120.0 120.0
120.0 120.0 120.0 120.0
120.0 120.0 120.0 120.0
120.0 120.0 120.0 120.0

10.5 10.5 10.5 10.5
2.0 2.0 2.0 2.0
120.0 120.0 120.0 120.0
23.5 23.5 23.5 23.5
6.0 6.0 6.0 6.0
120.0 120.0 120.0 120.0
120.0 120.0 120.0 120.0
120.0 120.0 120.0 120.0
4.0 4.0 3.0 3.0
1.0 1.0 1.0 1.0
11.0 11.0 11.0 11.0
2.0 2.0 2.0 2.0
10.0 10.0 10.0 10.0
3.0 3.0 3.0 3.0
1.0 1.0 1.0 1.0
10.0 10.0 10.0 10.0
11.0 11.0 11.0 11.0
120.0 120.0 120.0 120.0
4.5 4.5 4.5 4.5
2.0 2.0 2.0 2.0
59.5 59.5 59.5 59.5
18.0 18.0 18.0 18.0
120.0 120.0 120.0 120.0
3.0 3.0 3.0 3.0
59.0 59.0 59.0 59.0
120.0 120.0 120.0 120.0
59.0 59.0 59.0 59.0
120.0 120.0 120.0 120.0
1.0 1.0 1.0 1.0
59.5 59.5 59.5 59.5
7.0 7.0 7.0 7.0
120.0 120.0 120.0 120.0
59.0 59.0 59.0 59.0
59.5 59.5 59.5 59.5
59.5 59.5 59.5 59.5
120.0 120.0 120.0 120.0
120.0 120.0 120.0 120.0
59.5 59.5 59.5 59.5
59.0 59.0 59.0 59.0
120.0 120.0 120.0 120.0
120.0 120.0 120.0 120.0
120.0 120.0 120.0 120.0
11.0 11.0 11.0 11.0
8.0 8.0 8.0 8.0
120.0 120.0 120.0 120.0
24.5 24.5 120.0 120.0
120.0 120.0 120.0 120.0
120.0 120.0 120.0 120.0
120.0 120.0 120.0 120.0
4.0 4.0 4.0 4.0
10.0 10.0 10.0 10.0
1.5 1.5 1.5 1.5
120.0 120.0 120.0 120.0
120.0 120.0 120.0 120.0
59.0 59.0 59.0 59.0
59.5 59.5 59.5 59.5
59.0 59.0 59.0 59.0
11.0 11.0 11.0 11.0
11.0 11.0 11.0 11.0
10.0 10.0 10.0 10.0
45.0 45.0 45.0 45.0
10.5 10.5 11.0 11.0
10.5 10.5 11.0 11.0
10.5 10.5 11.0 11.0
5.0 5.0 5.0 5.0
8.0 8.0 8.0 8.0
38.0 38.0 38.0 38.0
23.5 23.5 23.5 23.5
39.0 39.0 39.0 39.0
59.5 59.5 59.5 59.5
6.5 6.5 6.5 6.5
22.0 22.0 22.0 22.0
2.0 2.0 2.0 2.0
6.0 6.0 6.0 6.0
43.0 43.0 43.0 43.0
42.0 42.0 42.0 42.0
59.0 59.0 59.0 59.0
10.0 10.0 10.0 10.0
59.5 59.5 59.5 59.5
59.0 59.0 59.0 59.0
1.0 1.0 1.0 1.0
14.5 14.5 14.5 14.5
1.0 1.0 1.0 1.0
58.0 58.0 58.0 58.0
14.0 14.0 11.0 11.0
10.0 10.0 10.0 10.0
59.0 59.0 59.0 59.0
11.0 11.0 11.0 11.0
59.0 59.0 59.0 59.0
1.0 1.0 1.0 1.0
5.0 5.0 5.0 5.0
59.5 59.5 59.5 59.5
59.5 59.5 59.5 59.5
59.5 59.5 59.5 59.5
4.0 4.0 4.0 4.0
1.0 1.0 1.0 1.0
58.0 58.0 58.0 58.0
4.0 4.0 4.0 4.0
58.5 58.5 58.5 58.5
57.0 57.0 57.5 57.5
59.5 59.5 59.5 59.5
59.0 59.0 59.0 59.0
59.5 59.5 59.5 59.5
59.5 59.5 59.5 59.5
59.5 59.5 59.5 59.5
120.0 120.0 120.0 120.0
120.0 120.0 120.0 120.0
120.0 120.0 120.0 120.0
120.0 120.0 120.0 120.0
120.0 120.0 120.0 120.0
120.0 120.0 120.0 120.0
120.0 120.0 120.0 120.0
120.0 120.0 120.0 120.0
120.0 120.0 120.0 120.0
120.0 120.0 120.0 120.0
120.0 120.0 120.0 120.0
120.0 120.0 120.0 120.0
120.0 120.0 120.0 120.0
120.0 120.0 120.0 120.0
120.0 120.0 120.0 120.0
120.0 120.0 120.0 120.0
120.0 120.0 120.0 120.0
120.0 120.0 120.0 120.0
120.0 120.0 120.0 120.0
120.0 120.0 120.0 120.0
120.0 120.0 120.0 120.0
120.0 120.0 120.0 120.0
120.0 120.0 120.0 120.0

11.0 11.0 11.0 11.0
1.0 1.0 1.0 1.0
120.0 120.0 120.0 120.0
36.0 36.0 36.0 36.0
8.0 8.0 8.0 8.0
120.0 120.0 120.0 120.0
120.0 120.0 120.0 120.0
120.0 120.0 120.0 120.0
3.5 3.5 3.0 3.0
1.0 1.0 1.0 1.0
10.0 10.0 10.0 10.0
2.0 2.0 2.0 2.0
11.0 11.0 11.0 11.0
3.0 3.0 3.0 3.0
1.0 1.0 1.0 1.0
10.5 10.5 10.5 10.5
10.0 10.0 10.0 10.0
120.0 120.0 120.0 120.0
5.0 5.0 5.0 5.0
2.0 2.0 2.0 2.0
120.0 120.0 120.0 120.0
27.0 27.0 27.0 27.0
120.0 120.0 120.0 120.0
3.0 3.0 3.0 3.0
120.0 120.0 120.0 120.0
120.0 120.0 120.0 120.0
120.0 120.0 120.0 120.0
120.0 120.0 120.0 120.0
1.0 1.0 1.0 1.0
59.5 59.5 59.5 59.5
9.5 9.5 9.5 9.5
120.0 120.0 120.0 120.0
120.0 120.0 120.0 120.0
120.0 120.0 120.0 120.0
120.0 120.0 120.0 120.0
120.0 120.0 120.0 120.0
120.0 120.0 120.0 120.0
120.0 120.0 120.0 120.0
11.0 11.0 11.0 11.0
120.0 120.0 120.0 120.0
120.0 120.0 120.0 120.0
120.0 120.0 120.0 120.0
11.0 11.0 11.0 11.0
10.0 10.0 10.0 10.0
120.0 120.0 120.0 120.0
26.5 26.5 120.0 120.0
120.0 120.0 120.0 120.0
120.0 120.0 120.0 120.0
120.0 120.0 120.0 120.0
3.5 3.5 3.5 3.5
9.5 9.5 9.5 9.5
2.0 2.0 2.0 2.0
120.0 120.0 120.0 120.0
120.0 120.0 120.0 120.0
120.0 120.0 120.0 120.0
120.0 120.0 120.0 120.0
120.0 120.0 120.0 120.0
10.0 10.0 10.0 10.0
5.0 5.0 5.0 5.0
10.5 10.5 10.5 10.5
33.0 33.0 33.0 33.0
10.5 10.5 11.0 11.0
10.5 10.5 11.0 11.0
10.5 10.5 11.0 11.0
3.0 3.0 3.0 3.0
10.0 10.0 10.0 10.0
38.0 38.0 38.0 38.0
11.0 11.0 11.0 11.0
39.0 39.0 39.0 39.0
59.5 59.5 59.5 59.5
8.5 8.5 8.5 8.5
28.0 28.0 28.0 28.0
1.5 1.5 1.5 1.5
11.0 11.0 11.0 11.0
55.0 55.0 55.0 55.0
54.0 54.0 54.0 54.0
59.0 59.0 59.0 59.0
10.5 10.5 10.5 10.5
59.5 59.5 59.5 59.5
59.0 59.0 59.0 59.0
1.0 1.0 1.0 1.0
20.5 20.5 20.5 20.5
1.0 1.0 1.0 1.0
58.0 58.0 58.0 58.0
20.0 20.0 11.0 11.0
11.0 11.0 11.0 11.0
59.0 59.0 59.0 59.0
12.0 12.0 12.0 12.0
11.0 11.0 11.0 11.0
1.0 1.0 1.0 1.0
15.0 15.0 15.0 15.0
59.5 59.5 59.5 59.5
59.5 59.5 59.5 59.5
11.0 11.0 11.0 11.0
6.0 6.0 6.0 6.0
1.0 1.0 1.0 1.0
5.0 5.0 5.0 5.0
8.0 8.0 8.0 8.0
2.0 2.0 2.0 2.0
7.0 7.0 8.0 8.0
2.0 2.0 2.0 2.0
6.0 6.0 6.0 6.0
6.5 6.5 6.5 6.5
6.0 6.0 6.0 6.0
3.0 3.0 3.0 3.0
59.5 59.5 59.5 59.5
1.0 1.0 2.0 2.0
59.0 59.0 59.0 59.0
59.5 59.5 59.5 59.5
118.0 118.0 118.0 118.0
59.5 59.5 59.5 59.5
59.5 59.5 59.5 59.5
119.0 119.0 119.0 119.0
119.0 119.0 119.0 119.0
120.0 120.0 120.0 120.0
120.0 120.0 120.0 120.0
120.0 120.0 120.0 120.0
120.0 120.0 120.0 120.0
120.0 120.0 120.0 120.0
120.0 120.0 120.0 120.0
120.0 120.0 120.0 120.0
120.0 120.0 120.0 120.0
120.0 120.0 120.0 120.0
120.0 120.0 120.0 120.0
120.0 120.0 120.0 120.0
120.0 120.0 120.0 120.0
120.0 120.0 120.0 120.0
120.0 120.0 120.0 120.0

11.0 11.0 11.0 11.0
2.0 2.0 2.0 2.0
120.0 120.0 120.0 120.0
19.0 19.0 19.0 19.0
9.5 9.5 9.5 9.5
59.5 59.5 59.5 59.5
59.5 59.5 59.5 59.5
120.0 120.0 120.0 120.0
3.0 3.0 3.0 3.0
1.0 1.0 1.0 1.0
9.0 9.0 9.0 9.0
2.0 2.0 2.0 2.0
59.0 59.0 59.0 59.0
4.0 4.0 4.0 4.0
1.0 1.0 1.0 1.0
10.0 10.0 10.0 10.0
10.0 10.0 10.0 10.0
120.0 120.0 120.0 120.0
5.0 5.0 5.0 5.0
2.0 2.0 2.0 2.0
120.0 120.0 120.0 120.0
29.0 29.0 29.0 29.0
120.0 120.0 120.0 120.0
3.0 3.0 3.0 3.0
120.0 120.0 120.0 120.0
120.0 120.0 120.0 120.0
59.5 59.5 59.5 59.5
120.0 120.0 120.0 120.0
1.0 1.0 1.0 1.0
59.5 59.5 59.5 59.5
7.5 7.5 7.5 7.5
120.0 120.0 120.0 120.0
120.0 120.0 120.0 120.0
120.0 120.0 120.0 120.0
120.0 120.0 120.0 120.0
120.0 120.0 120.0 120.0
120.0 120.0 120.0 120.0
120.0 120.0 120.0 120.0
10.0 10.0 10.0 10.0
120.0 120.0 120.0 120.0
120.0 120.0 120.0 120.0
120.0 120.0 120.0 120.0
11.0 11.0 11.0 11.0
8.0 8.0 8.0 8.0
120.0 120.0 120.0 120.0
32.5 32.5 120.0 120.0
120.0 120.0 120.0 120.0
120.0 120.0 120.0 120.0
120.0 120.0 120.0 120.0
4.0 4.0 4.0 4.0
9.5 9.5 9.5 9.5
2.0 2.0 2.0 2.0
120.0 120.0 120.0 120.0
120.0 120.0 120.0 120.0
120.0 120.0 120.0 120.0
120.0 120.0 120.0 120.0
59.5 59.5 59.5 59.5
9.0 9.0 9.0 9.0
3.5 3.5 3.5 3.5
10.0 10.0 10.0 10.0
38.0 38.0 38.0 38.0
10.5 10.5 11.0 11.0
10.5 10.5 11.0 11.0
10.5 10.5 11.0 11.0
3.0 3.0 3.0 3.0
10.0 10.0 10.0 10.0
38.0 38.0 38.0 38.0
10.5 10.5 10.5 10.5
33.0 33.0 33.0 33.0
59.5 59.5 59.5 59.5
8.5 8.5 8.5 8.5
27.5 27.5 27.5 27.5
2.5 2.5 2.5 2.5
11.0 11.0 11.0 11.0
45.0 45.0 45.0 45.0
46.0 46.0 46.0 46.0
59.0 59.0 59.0 59.0
10.5 10.5 10.5 10.5
59.5 59.5 59.5 59.5
59.0 59.0 59.0 59.0
1.0 1.0 1.0 1.0
26.5 26.5 26.5 26.5
1.0 1.0 1.0 1.0
58.0 58.0 58.0 58.0
26.0 26.0 11.0 11.0
11.0 11.0 11.0 11.0
59.0 59.0 59.0 59.0
18.0 18.0 18.0 18.0
11.0 11.0 11.0 11.0
1.0 1.0 1.0 1.0
27.0 27.0 27.0 27.0
59.5 59.5 59.5 59.5
59.5 59.5 59.5 59.5
11.0 11.0 11.0 11.0
3.0 3.0 3.0 3.0
1.0 1.0 1.0 1.0
2.0 2.0 2.0 2.0
8.0 8.0 8.0 8.0
2.0 2.0 2.0 2.0
3.0 3.0 3.0 3.0
2.0 2.0 2.0 2.0
5.5 5.5 5.5 5.5
12.0 12.0 12.0 12.0
8.0 8.0 8.0 8.0
1.0 1.0 1.0 1.0
11.0 11.0 11.0 11.0
1.5 1.5 2.0 2.0
12.0 12.0 12.0 12.0
11.0 11.0 11.0 11.0
1.0 1.0 1.0 1.0
59.5 59.5 59.5 59.5
11.0 11.0 11.0 11.0
59.0 59.0 59.0 59.0
59.5 59.5 59.5 59.5
4.0 4.0 4.0 4.0
56.5 56.5 1.0 1.0
120.0 120.0 120.0 120.0
120.0 120.0 120.0 120.0
120.0 120.0 120.0 120.0
120.0 120.0 120.0 120.0
120.0 120.0 120.0 120.0
120.0 120.0 120.0 120.0
120.0 120.0 120.0 120.0
120.0 120.0 120.0 120.0
120.0 120.0 120.0 120.0
120.0 120.0 120.0 120.0
120.0 120.0 120.0 120.0
120.0 120.0 120.0 120.0

11.0 11.0 11.0 11.0
2.0 2.0 2.0 2.0
120.0 120.0 120.0 120.0
1.0 1.0 1.0 1.0
9.5 9.5 9.5 9.5
11.0 11.0 11.0 11.0
11.0 11.0 11.0 11.0
120.0 120.0 120.0 120.0
3.0 3.0 3.0 3.0
1.0 1.0 1.0 1.0
59.5 59.5 59.5 59.5
2.0 2.0 2.0 2.0
120.0 120.0 120.0 120.0
4.0 4.0 4.0 4.0
1.0 1.0 1.0 1.0
59.5 59.5 59.5 59.5
11.0 11.0 11.0 11.0
120.0 120.0 120.0 120.0
5.0 5.0 5.0 5.0
1.5 1.5 2.0 2.0
59.5 59.5 59.5 59.5
29.0 29.0 29.0 29.0
120.0 120.0 120.0 120.0
3.0 3.0 3.0 3.0
120.0 120.0 120.0 120.0
120.0 120.0 120.0 120.0
59.5 59.5 59.5 59.5
120.0 120.0 120.0 120.0
1.0 1.0 1.0 1.0
59.5 59.5 59.5 59.5
9.0 9.0 9.0 9.0
120.0 120.0 120.0 120.0
120.0 120.0 120.0 120.0
120.0 120.0 120.0 120.0
120.0 120.0 120.0 120.0
120.0 120.0 120.0 120.0
120.0 120.0 120.0 120.0
120.0 120.0 120.0 120.0
11.0 11.0 11.0 11.0
120.0 120.0 120.0 120.0
120.0 120.0 120.0 120.0
120.0 120.0 120.0 120.0
11.0 11.0 11.0 11.0
10.0 10.0 10.0 10.0
120.0 120.0 120.0 120.0
41.0 41.0 120.0 120.0
120.0 120.0 120.0 120.0
120.0 120.0 120.0 120.0
120.0 120.0 120.0 120.0
8.0 8.0 8.0 8.0
10.0 10.0 10.0 10.0
1.5 1.5 1.5 1.5
120.0 120.0 120.0 120.0
120.0 120.0 120.0 120.0
120.0 120.0 120.0 120.0
120.0 120.0 120.0 120.0
11.0 11.0 11.0 11.0
59.5 59.5 59.5 59.5
4.0 4.0 4.0 4.0
59.5 59.5 59.5 59.5
50.0 50.0 50.0 50.0
10.5 10.5 11.0 11.0
10.5 10.5 11.0 11.0
10.5 10.5 11.0 11.0
3.0 3.0 3.0 3.0
10.0 10.0 10.0 10.0
38.0 38.0 38.0 38.0
11.0 11.0 11.0 11.0
29.5 29.5 29.5 29.5
59.5 59.5 59.5 59.5
8.5 8.5 8.5 8.5
21.5 21.5 21.5 21.5
2.0 2.0 2.0 2.0
11.0 11.0 11.0 11.0
33.0 33.0 33.0 33.0
34.0 34.0 34.0 34.0
59.0 59.0 59.0 59.0
10.5 10.5 10.5 10.5
59.5 59.5 59.5 59.5
59.0 59.0 59.0 59.0
1.0 1.0 1.0 1.0
21.0 21.0 21.0 21.0
1.0 1.0 1.0 1.0
58.0 58.0 58.0 58.0
27.0 27.0 11.0 11.0
11.0 11.0 11.0 11.0
59.0 59.0 59.0 59.0
24.0 24.0 24.0 24.0
11.0 11.0 11.0 11.0
1.0 1.0 1.0 1.0
39.0 39.0 39.0 39.0
59.5 59.5 59.5 59.5
59.5 59.5 59.5 59.5
11.0 11.0 11.0 11.0
4.0 4.0 4.0 4.0
1.0 1.0 1.0 1.0
2.0 2.0 2.0 2.0
8.0 8.0 8.0 8.0
2.0 2.0 2.0 2.0
3.5 3.5 3.5 3.5
2.0 2.0 2.0 2.0
5.5 5.5 5.5 5.5
18.0 18.0 18.0 18.0
9.0 9.0 9.0 9.0
1.0 1.0 1.0 1.0
10.5 10.5 10.5 10.5
2.0 2.0 2.0 2.0
24.0 24.0 24.0 24.0
11.0 11.0 11.0 11.0
1.0 1.0 1.0 1.0
59.5 59.5 59.5 59.5
11.0 11.0 11.0 11.0
10.5 10.5 10.5 10.5
59.5 59.5 59.5 59.5
3.0 3.0 3.0 3.0
1.0 1.0 1.0 1.0
59.5 59.5 59.5 59.5
120.0 120.0 120.0 120.0
120.0 120.0 120.0 120.0
120.0 120.0 120.0 120.0
120.0 120.0 120.0 120.0
120.0 120.0 120.0 120.0
120.0 120.0 120.0 120.0
120.0 120.0 120.0 120.0
120.0 120.0 120.0 120.0
120.0 120.0 120.0 120.0
120.0 120.0 120.0 120.0
120.0 120.0 120.0 120.0

10.0 10.0 10.0 10.0
2.0 2.0 2.0 2.0
120.0 120.0 120.0 120.0
1.0 1.0 1.0 1.0
8.0 8.0 8.0 8.0
11.0 11.0 11.0 11.0
10.5 10.5 10.5 10.5
120.0 120.0 120.0 120.0
3.0 3.0 3.0 3.0
1.0 1.0 1.0 1.0
120.0 120.0 120.0 120.0
2.0 2.0 2.0 2.0
120.0 120.0 120.0 120.0
4.0 4.0 4.0 4.0
1.0 1.0 1.0 1.0
120.0 120.0 120.0 120.0
10.0 10.0 10.0 10.0
120.0 120.0 120.0 120.0
5.0 5.0 5.0 5.0
1.0 1.0 1.0 1.0
11.0 11.0 11.0 11.0
26.0 26.0 26.0 26.0
120.0 120.0 120.0 120.0
3.0 3.0 3.0 3.0
120.0 120.0 120.0 120.0
120.0 120.0 120.0 120.0
59.5 59.5 59.5 59.5
120.0 120.0 120.0 120.0
1.0 1.0 1.0 1.0
120.0 120.0 120.0 120.0
9.0 9.0 9.0 9.0
120.0 120.0 120.0 120.0
120.0 120.0 120.0 120.0
120.0 120.0 120.0 120.0
120.0 120.0 120.0 120.0
120.0 120.0 120.0 120.0
120.0 120.0 120.0 120.0
120.0 120.0 120.0 120.0
11.0 11.0 11.0 11.0
120.0 120.0 120.0 120.0
120.0 120.0 120.0 120.0
120.0 120.0 120.0 120.0
11.0 11.0 11.0 11.0
9.0 9.0 9.0 9.0
120.0 120.0 120.0 120.0
29.0 29.0 120.0 120.0
120.0 120.0 120.0 120.0
59.5 59.5 59.5 59.5
120.0 120.0 120.0 120.0
8.0 8.0 8.0 8.0
11.0 11.0 11.0 11.0
50.5 50.5 50.5 50.5
120.0 120.0 120.0 120.0
120.0 120.0 120.0 120.0
120.0 120.0 120.0 120.0
120.0 120.0 120.0 120.0
11.0 11.0 11.0 11.0
120.0 120.0 120.0 120.0
4.0 4.0 4.0 4.0
120.0 120.0 120.0 120.0
59.5 59.5 59.5 59.5
9.0 9.0 10.0 10.0
9.0 9.0 10.0 10.0
9.0 9.0 10.0 10.0
3.0 3.0 3.0 3.0
10.0 10.0 10.0 10.0
38.0 38.0 38.0 38.0
11.0 11.0 11.0 11.0
29.0 29.0 29.0 29.0
59.5 59.5 59.5 59.5
8.5 8.5 8.5 8.5
15.5 15.5 15.5 15.5
2.5 2.5 2.5 2.5
11.0 11.0 11.0 11.0
21.0 21.0 21.0 21.0
22.0 22.0 22.0 22.0
59.0 59.0 59.0 59.0
10.5 10.5 10.5 10.5
59.5 59.5 59.5 59.5
59.0 59.0 59.0 59.0
1.0 1.0 1.0 1.0
15.0 15.0 15.0 15.0
1.0 1.0 1.0 1.0
58.0 58.0 58.0 58.0
21.0 21.0 11.0 11.0
11.0 11.0 11.0 11.0
59.0 59.0 59.0 59.0
28.5 28.5 28.5 28.5
11.0 11.0 11.0 11.0
1.0 1.0 1.0 1.0
51.0 51.0 51.0 51.0
59.5 59.5 59.5 59.5
59.5 59.5 59.5 59.5
11.0 11.0 11.0 11.0
5.0 5.0 5.0 5.0
1.0 1.0 1.0 1.0
2.0 2.0 2.0 2.0
1.0 1.0 1.0 1.0
2.0 2.0 2.0 2.0
3.5 3.5 3.5 3.5
2.0 2.0 2.0 2.0
5.0 5.0 5.0 5.0
24.0 24.0 24.0 24.0
10.0 10.0 10.0 10.0
1.0 1.0 1.0 1.0
10.0 10.0 10.0 10.0
3.0 3.0 3.0 3.0
36.0 36.0 36.0 36.0
11.0 11.0 11.0 11.0
1.0 1.0 1.0 1.0
59.5 59.5 59.5 59.5
11.0 11.0 11.0 11.0
10.0 10.0 10.0 10.0
59.5 59.5 59.5 59.5
3.0 3.0 3.0 3.0
1.0 1.0 1.0 1.0
11.0 11.0 11.0 11.0
120.0 120.0 120.0 120.0
120.0 120.0 120.0 120.0
120.0 120.0 120.0 120.0
120.0 120.0 120.0 120.0
120.0 120.0 120.0 120.0
120.0 120.0 120.0 120.0
120.0 120.0 120.0 120.0
120.0 120.0 120.0 120.0
120.0 120.0 120.0 120.0
120.0 120.0 120.0 120.0
120.0 120.0 120.0 120.0

10.0 10.0 10.0 10.0
1.0 1.0 1.0 1.0
120.0 120.0 120.0 120.0
1.5 1.5 1.5 1.5
8.5 8.5 8.5 8.5
11.0 11.0 11.0 11.0
10.0 10.0 10.0 10.0
120.0 120.0 120.0 120.0
3.0 3.0 3.0 3.0
1.0 1.0 1.0 1.0
120.0 120.0 120.0 120.0
2.0 2.0 2.0 2.0
56.0 56.0 56.0 56.0
4.0 4.0 4.0 4.0
1.0 1.0 1.0 1.0
120.0 120.0 120.0 120.0
9.0 9.0 9.0 9.0
120.0 120.0 120.0 120.0
5.0 5.0 5.0 5.0
1.0 1.0 1.0 1.0
11.0 11.0 11.0 11.0
28.0 28.0 28.0 28.0
120.0 120.0 120.0 120.0
3.5 3.5 3.5 3.5
120.0 120.0 120.0 120.0
120.0 120.0 120.0 120.0
58.5 58.5 58.5 58.5
120.0 120.0 120.0 120.0
1.0 1.0 1.0 1.0
120.0 120.0 120.0 120.0
9.0 9.0 9.0 9.0
119.0 119.0 119.0 119.0
118.0 118.0 118.0 118.0
118.0 118.0 118.0 118.0
59.5 59.5 59.5 59.5
120.0 120.0 120.0 120.0
120.0 120.0 120.0 120.0
118.0 118.0 118.0 118.0
11.0 11.0 11.0 11.0
120.0 120.0 120.0 120.0
120.0 120.0 120.0 120.0
120.0 120.0 120.0 120.0
11.0 11.0 11.0 11.0
9.0 9.0 9.0 9.0
120.0 120.0 120.0 120.0
17.0 17.0 120.0 120.0
120.0 120.0 120.0 120.0
59.5 59.5 59.5 59.5
120.0 120.0 120.0 120.0
9.5 9.5 9.5 9.5
10.0 10.0 10.0 10.0
56.5 56.5 56.5 56.5
120.0 120.0 120.0 120.0
120.0 120.0 120.0 120.0
120.0 120.0 120.0 120.0
119.0 119.0 119.0 119.0
11.0 11.0 11.0 11.0
120.0 120.0 120.0 120.0
4.0 4.0 4.0 4.0
120.0 120.0 120.0 120.0
59.5 59.5 59.5 59.5
10.5 10.5 10.5 10.5
10.5 10.5 10.5 10.5
10.5 10.5 10.5 10.5
3.0 3.0 3.0 3.0
9.0 9.0 9.0 9.0
38.0 38.0 38.0 38.0
10.0 10.0 10.0 10.0
33.0 33.0 33.0 33.0
59.5 59.5 59.5 59.5
8.0 8.0 8.0 8.0
9.5 9.5 9.5 9.5
3.0 3.0 3.0 3.0
11.0 11.0 10.0 10.0
9.0 9.0 9.0 9.0
10.0 10.0 10.0 10.0
59.0 59.0 59.0 59.0
10.5 10.5 10.5 10.5
59.5 59.5 59.5 59.5
59.0 59.0 59.0 59.0
1.0 1.0 1.0 1.0
9.0 9.0 9.0 9.0
1.0 1.0 1.0 1.0
58.0 58.0 58.0 58.0
15.0 15.0 11.0 11.0
11.0 11.0 11.0 11.0
59.0 59.0 59.0 59.0
22.5 22.5 22.5 22.5
11.0 11.0 11.0 11.0
1.0 1.0 1.0 1.0
49.0 49.0 49.0 49.0
59.5 59.5 59.5 59.5
59.5 59.5 59.5 59.5
11.0 11.0 11.0 11.0
7.5 7.5 7.5 7.5
1.0 1.0 1.0 1.0
2.0 2.0 2.0 2.0
1.0 1.0 1.0 1.0
2.0 2.0 2.0 2.0
2.0 2.0 2.0 2.0
2.5 2.5 2.5 2.5
5.0 5.0 5.0 5.0
30.0 30.0 30.0 30.0
10.0 10.0 10.0 10.0
1.0 1.0 1.0 1.0
11.0 11.0 11.0 11.0
4.0 4.0 4.0 4.0
48.0 48.0 48.0 48.0
11.0 11.0 11.0 11.0
1.0 1.0 1.0 1.0
59.5 59.5 59.5 59.5
11.0 11.0 11.0 11.0
11.0 11.0 11.0 11.0
59.5 59.5 59.5 59.5
3.0 3.0 3.0 3.0
1.0 1.0 1.0 1.0
11.0 11.0 11.0 11.0
59.5 59.5 59.5 59.5
59.5 59.5 59.5 59.5
59.5 59.5 59.5 59.5
118.0 118.0 118.0 118.0
119.0 119.0 119.0 119.0
119.0 119.0 119.0 119.0
120.0 120.0 120.0 120.0
120.0 120.0 120.0 120.0
120.0 120.0 120.0 120.0
120.0 120.0 120.0 120.0
120.0 120.0 120.0 120.0

10.0 10.0 10.0 10.0
1.0 1.0 1.0 1.0
120.0 120.0 120.0 120.0
1.5 1.5 1.5 1.5
8.5 8.5 8.5 8.5
11.0 11.0 11.0 11.0
11.0 11.0 11.0 11.0
120.0 120.0 120.0 120.0
3.0 3.0 3.0 3.0
1.0 1.0 1.0 1.0
120.0 120.0 120.0 120.0
2.0 2.0 2.0 2.0
8.0 8.0 8.0 8.0
5.0 5.0 5.0 5.0
1.0 1.0 1.0 1.0
120.0 120.0 120.0 120.0
9.0 9.0 9.0 9.0
120.0 120.0 120.0 120.0
5.0 5.0 5.0 5.0
1.5 1.5 1.5 1.5
11.0 11.0 11.0 11.0
30.0 30.0 30.0 30.0
120.0 120.0 120.0 120.0
4.0 4.0 4.0 4.0
120.0 120.0 120.0 120.0
120.0 120.0 120.0 120.0
39.0 39.0 39.0 39.0
120.0 120.0 120.0 120.0
1.0 1.0 1.0 1.0
120.0 120.0 120.0 120.0
8.5 8.5 8.5 8.5
10.0 10.0 10.0 10.0
59.0 59.0 59.0 59.0
58.5 58.5 58.5 58.5
11.0 11.0 11.0 11.0
120.0 120.0 120.0 120.0
120.0 120.0 120.0 120.0
10.0 10.0 10.0 10.0
9.5 9.5 9.5 9.5
120.0 120.0 120.0 120.0
120.0 120.0 120.0 120.0
120.0 120.0 120.0 120.0
10.0 10.0 10.0 10.0
9.0 9.0 9.0 9.0
120.0 120.0 120.0 120.0
14.0 14.0 120.0 120.0
120.0 120.0 120.0 120.0
59.5 59.5 59.5 59.5
120.0 120.0 120.0 120.0
10.0 10.0 10.0 10.0
9.0 9.0 9.0 9.0
120.0 120.0 120.0 120.0
120.0 120.0 120.0 120.0
120.0 120.0 120.0 120.0
120.0 120.0 120.0 120.0
59.5 59.5 59.5 59.5
11.0 11.0 11.0 11.0
120.0 120.0 120.0 120.0
4.0 4.0 4.0 4.0
120.0 120.0 120.0 120.0
59.5 59.5 59.5 59.5
10.0 10.0 10.0 10.0
10.0 10.0 10.0 10.0
10.0 10.0 10.0 10.0
3.0 3.0 3.0 3.0
10.0 10.0 10.0 10.0
59.0 59.0 59.0 59.0
11.0 11.0 11.0 11.0
36.0 36.0 36.0 36.0
120.0 120.0 120.0 120.0
6.0 6.0 6.0 6.0
9.0 9.0 9.0 9.0
2.0 2.0 2.0 2.0
11.0 11.0 11.0 11.0
59.5 59.5 59.5 59.5
59.5 59.5 59.5 59.5
59.0 59.0 59.0 59.0
10.0 10.0 10.0 10.0
59.5 59.5 59.5 59.5
59.0 59.0 59.0 59.0
1.0 1.0 1.0 1.0
3.0 3.0 3.0 3.0
1.0 1.0 1.0 1.0
58.0 58.0 58.0 58.0
10.5 10.5 10.0 10.0
10.0 10.0 10.0 10.0
59.0 59.0 59.0 59.0
16.5 16.5 16.5 16.5
11.0 11.0 11.0 11.0
1.0 1.0 1.0 1.0
37.0 37.0 37.0 37.0
59.5 59.5 59.5 59.5
59.5 59.5 59.5 59.5
11.0 11.0 11.0 11.0
9.5 9.5 9.5 9.5
1.0 1.0 1.0 1.0
2.0 2.0 2.0 2.0
1.0 1.0 1.0 1.0
2.0 2.0 2.0 2.0
3.5 3.5 3.5 3.5
3.0 3.0 3.0 3.0
5.0 5.0 5.0 5.0
27.0 27.0 27.0 27.0
10.0 10.0 10.0 10.0
2.0 2.0 2.0 2.0
11.0 11.0 11.0 11.0
4.0 4.0 4.0 4.0
57.0 57.0 57.0 57.0
11.0 11.0 11.0 11.0
1.0 1.0 1.0 1.0
59.5 59.5 59.5 59.5
11.0 11.0 11.0 11.0
11.0 11.0 11.0 11.0
59.5 59.5 59.5 59.5
6.5 6.5 6.5 6.5
1.0 1.0 1.0 1.0
10.0 10.0 10.0 10.0
10.0 10.0 10.0 10.0
10.0 10.0 10.0 10.0
10.0 10.0 10.0 10.0
58.5 58.5 58.5 58.5
59.5 59.5 59.5 59.5
59.5 59.5 59.5 59.5
2.5 2.5 2.5 2.5
57.0 57.0 5.0 5.0
5.0 5.0 5.0 5.0
120.0 120.0 120.0 120.0
120.0 120.0 120.0 120.0

59.5 59.5 59.5 59.5
2.0 2.0 2.0 2.0
120.0 120.0 120.0 120.0
1.5 1.5 1.5 1.5
8.5 8.5 8.5 8.5
11.0 11.0 11.0 11.0
11.0 11.0 11.0 11.0
120.0 120.0 120.0 120.0
3.0 3.0 3.0 3.0
1.0 1.0 1.0 1.0
120.0 120.0 120.0 120.0
2.0 2.0 2.0 2.0
9.0 9.0 9.0 9.0
5.0 5.0 5.0 5.0
1.0 1.0 1.0 1.0
120.0 120.0 120.0 120.0
8.0 8.0 8.0 8.0
120.0 120.0 120.0 120.0
5.0 5.0 5.0 5.0
2.0 2.0 2.0 2.0
11.0 11.0 11.0 11.0
41.0 41.0 41.0 41.0
120.0 120.0 120.0 120.0
4.5 4.5 4.5 4.5
120.0 120.0 120.0 120.0
120.0 120.0 120.0 120.0
39.0 39.0 39.0 39.0
120.0 120.0 120.0 120.0
1.0 1.0 1.0 1.0
120.0 120.0 120.0 120.0
8.0 8.0 8.0 8.0
10.5 10.5 10.5 10.5
59.0 59.0 59.0 59.0
58.5 58.5 58.5 58.5
23.0 23.0 23.0 23.0
120.0 120.0 120.0 120.0
120.0 120.0 120.0 120.0
22.0 22.0 22.0 22.0
10.5 10.5 10.5 10.5
120.0 120.0 120.0 120.0
120.0 120.0 120.0 120.0
119.0 119.0 119.0 119.0
11.0 11.0 11.0 11.0
8.0 8.0 8.0 8.0
120.0 120.0 120.0 120.0
24.0 24.0 120.0 120.0
120.0 120.0 120.0 120.0
59.5 59.5 59.5 59.5
120.0 120.0 120.0 120.0
10.5 10.5 10.5 10.5
59.5 59.5 59.5 59.5
120.0 120.0 120.0 120.0
120.0 120.0 120.0 120.0
120.0 120.0 120.0 120.0
120.0 120.0 120.0 120.0
59.5 59.5 59.5 59.5
12.0 12.0 12.0 12.0
120.0 120.0 120.0 120.0
4.0 4.0 4.0 4.0
120.0 120.0 120.0 120.0
59.5 59.5 59.5 59.5
59.5 59.5 59.5 59.5
59.5 59.5 59.5 59.5
59.5 59.5 59.5 59.5
3.0 3.0 3.0 3.0
10.0 10.0 10.0 10.0
59.0 59.0 59.0 59.0
11.0 11.0 11.0 11.0
27.0 27.0 27.0 27.0
120.0 120.0 120.0 120.0
7.0 7.0 7.0 7.0
59.5 59.5 59.5 59.5
3.0 3.0 3.0 3.0
11.0 11.0 11.0 11.0
120.0 120.0 120.0 120.0
120.0 120.0 120.0 120.0
120.0 120.0 120.0 120.0
10.0 10.0 10.0 10.0
120.0 120.0 120.0 120.0
120.0 120.0 120.0 120.0
1.0 1.0 1.0 1.0
1.0 1.0 1.0 1.0
1.0 1.0 1.0 1.0
120.0 120.0 120.0 120.0
11.0 11.0 8.5 8.5
10.5 10.5 10.5 10.5
120.0 120.0 120.0 120.0
11.0 11.0 11.0 11.0
11.0 11.0 11.0 11.0
1.0 1.0 1.0 1.0
25.0 25.0 25.0 25.0
59.5 59.5 59.5 59.5
59.5 59.5 59.5 59.5
11.0 11.0 11.0 11.0
9.0 9.0 9.0 9.0
1.0 1.0 1.0 1.0
2.0 2.0 2.0 2.0
1.0 1.0 1.0 1.0
2.0 2.0 2.0 2.0
3.0 3.0 3.0 3.0
2.5 2.5 2.5 2.5
5.0 5.0 5.0 5.0
21.0 21.0 21.0 21.0
10.0 10.0 10.0 10.0
2.0 2.0 2.0 2.0
11.0 11.0 11.0 11.0
4.0 4.0 4.0 4.0
45.0 45.0 45.0 45.0
11.0 11.0 11.0 11.0
1.0 1.0 1.0 1.0
59.5 59.5 59.5 59.5
11.0 11.0 11.0 11.0
11.0 11.0 11.0 11.0
59.5 59.5 59.5 59.5
8.0 8.0 8.0 8.0
1.0 1.0 1.0 1.0
11.0 11.0 11.0 11.0
10.5 10.5 10.5 10.5
22.0 22.0 22.0 22.0
22.0 22.0 22.0 22.0
58.5 58.5 58.5 58.5
59.5 59.5 59.5 59.5
59.5 59.5 59.5 59.5
3.0 3.0 3.0 3.0
12.0 12.0 8.5 8.5
14.0 14.0 14.0 14.0
120.0 120.0 120.0 120.0
120.0 120.0 120.0 120.0

120.0 120.0 120.0 120.0
2.0 2.0 2.0 2.0
120.0 120.0 120.0 120.0
1.5 1.5 1.5 1.5
9.0 9.0 9.0 9.0
11.0 11.0 11.0 11.0
11.0 11.0 11.0 11.0
120.0 120.0 120.0 120.0
3.0 3.0 3.0 3.0
1.0 1.0 1.0 1.0
120.0 120.0 120.0 120.0
2.0 2.0 2.0 2.0
9.0 9.0 9.0 9.0
5.0 5.0 5.0 5.0
1.0 1.0 1.0 1.0
120.0 120.0 120.0 120.0
8.0 8.0 8.0 8.0
120.0 120.0 120.0 120.0
5.0 5.0 5.0 5.0
2.0 2.0 2.0 2.0
11.0 11.0 11.0 11.0
53.0 53.0 53.0 53.0
120.0 120.0 120.0 120.0
5.5 5.5 5.5 5.5
120.0 120.0 120.0 120.0
120.0 120.0 120.0 120.0
39.0 39.0 39.0 39.0
120.0 120.0 120.0 120.0
1.0 1.0 1.0 1.0
120.0 120.0 120.0 120.0
6.0 6.0 6.0 6.0
10.0 10.0 10.0 10.0
59.0 59.0 59.0 59.0
58.5 58.5 58.5 58.5
35.0 35.0 35.0 35.0
120.0 120.0 120.0 120.0
120.0 120.0 120.0 120.0
34.0 34.0 34.0 34.0
9.5 9.5 9.5 9.5
120.0 120.0 120.0 120.0
120.0 120.0 120.0 120.0
1.5 1.5 1.5 1.5
59.0 59.0 59.0 59.0
11.0 11.0 11.0 11.0
120.0 120.0 120.0 120.0
59.5 59.5 120.0 120.0
120.0 120.0 120.0 120.0
59.5 59.5 59.5 59.5
120.0 120.0 120.0 120.0
10.5 10.5 10.5 10.5
120.0 120.0 120.0 120.0
120.0 120.0 120.0 120.0
120.0 120.0 120.0 120.0
120.0 120.0 120.0 120.0
120.0 120.0 120.0 120.0
59.5 59.5 59.5 59.5
12.0 12.0 12.0 12.0
120.0 120.0 120.0 120.0
6.5 6.5 6.5 6.5
120.0 120.0 120.0 120.0
59.5 59.5 59.5 59.5
120.0 120.0 120.0 120.0
120.0 120.0 120.0 120.0
120.0 120.0 120.0 120.0
3.0 3.0 3.0 3.0
7.5 7.5 7.5 7.5
59.0 59.0 59.0 59.0
11.0 11.0 11.0 11.0
27.0 27.0 27.0 27.0
120.0 120.0 120.0 120.0
6.0 6.0 6.0 6.0
120.0 120.0 120.0 120.0
4.0 4.0 4.0 4.0
11.0 11.0 11.0 11.0
120.0 120.0 120.0 120.0
120.0 120.0 120.0 120.0
120.0 120.0 120.0 120.0
10.0 10.0 10.0 10.0
120.0 120.0 120.0 120.0
120.0 120.0 120.0 120.0
120.0 120.0 120.0 120.0
120.0 120.0 120.0 120.0
1.0 1.0 1.0 1.0
120.0 120.0 120.0 120.0
59.5 59.5 6.0 6.0
10.0 10.0 10.0 10.0
120.0 120.0 120.0 120.0
11.0 11.0 11.0 11.0
11.0 11.0 11.0 11.0
1.0 1.0 1.0 1.0
13.0 13.0 13.0 13.0
59.5 59.5 59.5 59.5
59.5 59.5 59.5 59.5
11.0 11.0 11.0 11.0
9.5 9.5 9.5 9.5
1.0 1.0 1.0 1.0
2.5 2.5 2.5 2.5
1.0 1.0 1.0 1.0
5.0 5.0 5.0 5.0
4.0 4.0 4.0 4.0
3.0 3.0 3.0 3.0
5.5 5.5 5.5 5.5
11.0 11.0 11.0 11.0
10.0 10.0 10.0 10.0
3.0 3.0 3.0 3.0
11.0 11.0 11.0 11.0
5.0 5.0 5.0 5.0
33.0 33.0 33.0 33.0
11.0 11.0 11.0 11.0
1.0 1.0 1.0 1.0
59.5 59.5 59.5 59.5
11.0 11.0 11.0 11.0
11.0 11.0 11.0 11.0
59.5 59.5 59.5 59.5
8.0 8.0 8.0 8.0
1.0 1.0 1.0 1.0
11.0 11.0 11.0 11.0
10.0 10.0 10.0 10.0
34.0 34.0 34.0 34.0
34.0 34.0 34.0 34.0
58.5 58.5 58.5 58.5
59.5 59.5 59.5 59.5
59.5 59.5 59.5 59.5
4.0 4.0 4.0 4.0
24.0 24.0 14.5 14.5
26.0 26.0 26.0 26.0
59.5 59.5 59.5 59.5
120.0 120.0 120.0 120.0

