1.0 52.0 0.0 0.0 0 0 2.0 2.0
7.0 3580.0 0.0 0.0 0 0 2.0 2.0
108.0 7379.0 810.0 1033670.5 1.0 1.0 1.0 1.0
1.5 82.0 1.5 88.0 1.0 1.0 1.0 1.0
1.0 54.5 1.0 52.5 1.0 1.0 1.0 1.0
0.5 20.5 0.5 26.0 1.0 1.0 1.0 1.0
3.0 247.0 3.5 303.5 1.0 1.0 1.0 1.0
1.5 442.0 2.0 125.0 1.0 1.0 1.0 1.0
0.0 0.0 0.0 0.0 2.0 2.0 2.0 2.0
0.0 0.0 0.0 0.0 2.0 2.0 2.0 2.0
0.0 0.0 0.0 0.0 2.0 2.0 2.0 2.0
0.0 0.0 0.0 0.0 2.0 2.0 2.0 2.0
0.0 0.0 0.0 0.0 2.0 2.0 2.0 2.0
0.0 0.0 0.0 0.0 2.0 2.0 2.0 2.0
0.0 0.0 0.0 0.0 2.0 2.0 2.0 2.0
0.0 0.0 0.0 0.0 2.0 2.0 2.0 2.0
0.0 0.0 0.0 0.0 2.0 2.0 2.0 2.0
0.0 0.0 0.0 0.0 2.0 2.0 2.0 2.0
0.0 0.0 0.0 0.0 2.0 2.0 2.0 2.0
0.0 0.0 0.0 0.0 2.0 2.0 2.0 2.0
0.0 0.0 0.0 0.0 2.0 2.0 2.0 2.0
0.0 0.0 0.0 0.0 2.0 2.0 2.0 2.0
0.0 0.0 0.0 0.0 2.0 2.0 2.0 2.0

0.5 26.0 0.0 0.0 1.0 1.0 2.0 2.0
6.0 3085.0 0.0 0.0 0 0 2.0 2.0
0.0 0.0 0.0 0.0 2.0 2.0 2.0 2.0
0.0 0.0 0.0 0.0 2.0 2.0 2.0 2.0
1.0 54.5 1.0 52.5 1.0 1.0 1.0 1.0
0.5 20.5 0.5 26.0 1.0 1.0 1.0 1.0
5.0 414.5 5.5 649.0 0 0 0 0
1.5 442.0 2.0 125.0 1.0 1.0 1.0 1.0
0.5 20.5 0.5 26.0 1.0 1.0 1.0 1.0
1.0 71.0 0.0 0.0 1.0 1.0 2.0 2.0
1.0 61.0 1.0 94.0 1.0 1.0 1.0 1.0
4.5 2548.5 5.5 3839.5 1.0 1.0 1.0 1.0
4.0 1182.0 3.0 274.0 1.0 1.0 1.0 1.0
0.5 38.0 0.5 104.0 1.0 1.0 1.0 1.0
0.5 26.0 0.0 0.0 1.0 1.0 2.0 2.0
0.0 0.0 0.0 0.0 2.0 2.0 2.0 2.0
0.0 0.0 0.0 0.0 2.0 2.0 2.0 2.0
0.0 0.0 0.0 0.0 2.0 2.0 2.0 2.0
0.0 0.0 0.0 0.0 2.0 2.0 2.0 2.0
0.0 0.0 0.0 0.0 2.0 2.0 2.0 2.0
0.0 0.0 0.0 0.0 2.0 2.0 2.0 2.0
0.0 0.0 0.0 0.0 2.0 2.0 2.0 2.0
0.0 0.0 0.0 0.0 2.0 2.0 2.0 2.0

0.0 0.0 0.0 0.0 2.0 2.0 2.0 2.0
2.0 1047.5 0.0 0.0 1.0 1.0 2.0 2.0
106.5 7400.0 820.5 1045986.5 1.0 1.0 1.0 1.0
1.0 56.0 1.0 54.0 1.0 1.0 1.0 1.0
1.0 54.5 1.0 52.5 1.0 1.0 1.0 1.0
0.0 0.0 0.0 0.0 2.0 2.0 2.0 2.0
2.5 187.5 2.5 397.0 0 0 0 0
0.0 0.0 0.0 0.0 2.0 2.0 2.0 2.0
0.5 20.5 0.5 26.0 1.0 1.0 1.0 1.0
1.0 71.0 0.0 0.0 1.0 1.0 2.0 2.0
1.0 61.0 1.0 94.0 1.0 1.0 1.0 1.0
4.5 2548.5 5.5 3839.5 1.0 1.0 1.0 1.0
4.0 1182.0 3.0 274.0 1.0 1.0 1.0 1.0
0.5 38.0 0.5 104.0 1.0 1.0 1.0 1.0
1.5 78.0 0.0 0.0 0 0 2.0 2.0
31.5 2441.5 210.0 265977.5 1.0 1.0 1.0 1.0
1.0 67.0 1.0 56.5 1.0 1.0 1.0 1.0
0.0 0.0 0.0 0.0 2.0 2.0 2.0 2.0
0.0 0.0 0.0 0.0 2.0 2.0 2.0 2.0
0.0 0.0 0.0 0.0 2.0 2.0 2.0 2.0
0.0 0.0 0.0 0.0 2.0 2.0 2.0 2.0
0.0 0.0 0.0 0.0 2.0 2.0 2.0 2.0
0.0 0.0 0.0 0.0 2.0 2.0 2.0 2.0

0.0 0.0 0.0 0.0 2.0 2.0 2.0 2.0
0.0 0.0 0.0 0.0 2.0 2.0 2.0 2.0
106.5 7400.0 820.5 1045986.5 1.0 1.0 1.0 1.0
1.0 56.0 1.0 54.0 1.0 1.0 1.0 1.0
1.0 54.5 1.0 52.5 1.0 1.0 1.0 1.0
0.0 0.0 0.0 0.0 2.0 2.0 2.0 2.0
7.0 3031.5 8.0 482.0 0 0 0 0
0.0 0.0 0.0 0.0 2.0 2.0 2.0 2.0
0.0 0.0 0.0 0.0 2.0 2.0 2.0 2.0
0.0 0.0 0.0 0.0 2.0 2.0 2.0 2.0
1.0 78.0 1.0 234.5 1.0 1.0 1.0 1.0
0.0 0.0 0.0 0.0 2.0 2.0 2.0 2.0
0.0 0.0 0.0 0.0 2.0 2.0 2.0 2.0
0.0 0.0 0.0 0.0 2.0 2.0 2.0 2.0
1.5 78.0 0.0 0.0 0 0 2.0 2.0
31.5 2441.5 210.0 265977.5 1.0 1.0 1.0 1.0
1.5 87.0 1.5 132.5 0 0 0 0
8.5 3497.0 7.5 3766.0 1.0 1.0 1.0 1.0
0.0 0.0 0.0 0.0 2.0 2.0 2.0 2.0
0.0 0.0 0.0 0.0 2.0 2.0 2.0 2.0
0.0 0.0 0.0 0.0 2.0 2.0 2.0 2.0
0.0 0.0 0.0 0.0 2.0 2.0 2.0 2.0
0.0 0.0 0.0 0.0 2.0 2.0 2.0 2.0

0.0 0.0 0.0 0.0 2.0 2.0 2.0 2.0
0.0 0.0 0.0 0.0 2.0 2.0 2.0 2.0
0.0 0.0 0.0 0.0 2.0 2.0 2.0 2.0
0.0 0.0 0.0 0.0 2.0 2.0 2.0 2.0
1.0 54.5 1.0 52.5 1.0 1.0 1.0 1.0
0.0 0.0 0.0 0.0 2.0 2.0 2.0 2.0
9.5 3279.5 12.0 808.5 0 0 0 0
0.0 0.0 0.0 0.0 2.0 2.0 2.0 2.0
0.5 35.0 1.0 53.0 1.0 1.0 1.0 1.0
0.0 0.0 0.0 0.0 2.0 2.0 2.0 2.0
1.0 78.0 1.0 234.5 1.0 1.0 1.0 1.0
0.0 0.0 0.0 0.0 2.0 2.0 2.0 2.0
0.0 0.0 0.0 0.0 2.0 2.0 2.0 2.0
0.5 32.5 0.5 73.5 1.0 1.0 1.0 1.0
1.0 52.0 0.0 0.0 0 0 2.0 2.0
0.0 0.0 0.0 0.0 2.0 2.0 2.0 2.0
1.5 60.0 2.0 340.0 0 0 0 0
8.5 3497.0 7.5 3766.0 1.0 1.0 1.0 1.0
5.0 836.5 7.0 3638.5 1.0 1.0 1.0 1.0
0.0 0.0 0.0 0.0 2.0 2.0 2.0 2.0
0.0 0.0 0.0 0.0 2.0 2.0 2.0 2.0
0.0 0.0 0.0 0.0 2.0 2.0 2.0 2.0
0.0 0.0 0.0 0.0 2.0 2.0 2.0 2.0

0.0 0.0 0.0 0.0 2.0 2.0 2.0 2.0
0.0 0.0 0.0 0.0 2.0 2.0 2.0 2.0
111.5 7598.0 823.5 1049790.5 1.0 1.0 1.0 1.0
0.0 0.0 0.0 0.0 2.0 2.0 2.0 2.0
0.0 0.0 0.0 0.0 2.0 2.0 2.0 2.0
0.0 0.0 0.0 0.0 2.0 2.0 2.0 2.0
5.5 1387.5 7.0 561.5 0 0 0 0
4.5 1265.5 4.5 257.5 1.0 1.0 1.0 1.0
0.5 35.0 1.0 53.0 1.0 1.0 1.0 1.0
0.0 0.0 0.0 0.0 2.0 2.0 2.0 2.0
0.5 33.0 0.5 123.5 1.0 1.0 1.0 1.0
0.0 0.0 0.0 0.0 2.0 2.0 2.0 2.0
0.0 0.0 0.0 0.0 2.0 2.0 2.0 2.0
2.0 124.5 2.0 510.0 0 0 0 0
0.5 26.0 0.0 0.0 1.0 1.0 2.0 2.0
0.0 0.0 0.0 0.0 2.0 2.0 2.0 2.0
1.0 40.0 1.5 264.0 1.0 1.0 1.0 1.0
1.0 40.0 0.5 20.0 1.0 1.0 1.0 1.0
5.0 836.5 7.0 3638.5 1.0 1.0 1.0 1.0
1.0 74.5 1.0 75.5 1.0 1.0 1.0 1.0
12.5 1671.5 19.0 20459.0 1.0 1.0 1.0 1.0
8.0 1244.0 7.5 4003.5 1.0 1.0 1.0 1.0
18.5 4603.0 18.0 8550.5 1.0 1.0 1.0 1.0

