14743 14743 14754 14754

14750 14750 14761 14761

14774 14774 14783 14783

14796 14796 14803 14803

14833 14833 14840 14840

14813 14813 14823 14823

14800 14800 14814 14814

14788 14788 14802 14802

14725 14725 14737 14737

14691 14691 14703 14703

14649 14649 14662 14662

14649 14649 14663 14663

14607 14607 14625 14625

14563 14563 14584 14584

14499 14499 14520 14520

14506 14506 14524 14524

14511 14511 14524 14524

14449 14449 14463 14463

14419 14419 14432 14432

14332 14332 14347 14347

14289 14289 14303 14303

14258 14258 14271 14271

14238 14238 14246 14246

14239 14239 14247 14247

14275 14275 14282 14282

14308 14308 14314 14314

