95 95 95 95
70 70 70 70
119 119 119 119
77 77 82 82
105 105 105 105
117 117 117 117
118 118 118 118
118 118 118 118
28 28 28 28
51 51 51 51
117 117 117 117
57 57 57 57
100 100 100 100
93 93 93 93
100 100 100 100
108 108 107 107
107 107 107 107
119 119 119 119
86 86 85 85
95 95 100 100
117 117 117 117
118 118 118 118
119 119 119 119
112 112 112 112
111 111 111 111
110 110 110 110
117 117 117 117
113 113 116 116
108 108 108 108
119 119 119 119
116 116 116 116
118 118 118 118
118 118 118 118
119 119 119 119
117 117 117 117
118 118 118 118
117 117 117 117
117 117 117 117
117 117 117 117
119 119 119 119
114 114 114 114
116 116 116 116
116 116 116 116
119 119 119 119
119 119 119 119
119 119 120 120
120 120 119 119
120 120 120 120
120 120 120 120
120 120 120 120
120 120 120 120
120 120 120 120
120 120 120 120
120 120 120 120
120 120 120 120
120 120 120 120
120 120 120 120
120 120 120 120
120 120 120 120
120 120 120 120
120 120 120 120
120 120 120 120
120 120 120 120
120 120 120 120
120 120 120 120
120 120 120 120
120 120 120 120
120 120 120 120
120 120 120 120
120 120 120 120
120 120 120 120
120 120 120 120
120 120 120 120
120 120 120 120
120 120 120 120
120 120 120 120
120 120 120 120
120 120 120 120
120 120 120 120
120 120 120 120
120 120 120 120
120 120 120 120
120 120 120 120
120 120 120 120
120 120 120 120
120 120 120 120
120 120 120 120
120 120 120 120
120 120 120 120
120 120 120 120
120 120 120 120
120 120 120 120
120 120 120 120
120 120 120 120
120 120 120 120
120 120 120 120
120 120 120 120
120 120 120 120
120 120 120 120
120 120 120 120
120 120 120 120
120 120 120 120
120 120 120 120
120 120 120 120
120 120 120 120
120 120 120 120
120 120 120 120
120 120 120 120
120 120 120 120
120 120 120 120
120 120 120 120
120 120 120 120
120 120 120 120
120 120 120 120
120 120 120 120
120 120 120 120
120 120 120 120
120 120 120 120
120 120 120 120
120 120 120 120
120 120 120 120
120 120 120 120
120 120 120 120
120 120 120 120
120 120 120 120
120 120 120 120
120 120 120 120
120 120 120 120

91 91 91 91
72 72 72 72
120 120 120 120
82 82 86 86
106 106 106 106
120 120 120 120
120 120 120 120
120 120 120 120
32 32 32 32
47 47 47 47
118 118 118 118
51 51 51 51
102 102 102 102
94 94 94 94
105 105 105 105
108 108 108 108
107 107 107 107
120 120 120 120
78 78 78 78
95 95 99 99
118 118 118 118
118 118 118 118
120 120 120 120
111 111 111 111
111 111 111 111
110 110 110 110
116 116 116 116
113 113 116 116
108 108 108 108
119 119 119 119
116 116 116 116
118 118 118 118
118 118 118 118
119 119 119 119
117 117 117 117
118 118 118 118
117 117 117 117
117 117 117 117
117 117 117 117
119 119 119 119
114 114 114 114
116 116 116 116
116 116 116 116
119 119 119 119
119 119 119 119
119 119 120 120
120 120 119 119
119 119 119 119
120 120 120 120
120 120 120 120
120 120 120 120
120 120 120 120
120 120 120 120
120 120 120 120
120 120 120 120
120 120 120 120
120 120 120 120
120 120 120 120
120 120 120 120
120 120 120 120
120 120 120 120
120 120 120 120
120 120 120 120
120 120 120 120
120 120 120 120
120 120 120 120
120 120 120 120
120 120 120 120
120 120 120 120
120 120 120 120
120 120 120 120
120 120 120 120
120 120 120 120
120 120 120 120
120 120 120 120
120 120 120 120
120 120 120 120
120 120 120 120
120 120 120 120
120 120 120 120
120 120 120 120
120 120 120 120
120 120 120 120
120 120 120 120
120 120 120 120
120 120 120 120
120 120 120 120
120 120 120 120
120 120 120 120
120 120 120 120
120 120 120 120
120 120 120 120
120 120 120 120
120 120 120 120
120 120 120 120
120 120 120 120
120 120 120 120
120 120 120 120
120 120 120 120
120 120 120 120
120 120 120 120
120 120 120 120
120 120 120 120
120 120 120 120
120 120 120 120
120 120 120 120
120 120 120 120
120 120 120 120
120 120 120 120
120 120 120 120
120 120 120 120
120 120 120 120
120 120 120 120
120 120 120 120
120 120 120 120
120 120 120 120
120 120 120 120
120 120 120 120
120 120 120 120
120 120 120 120
120 120 120 120
120 120 120 120
120 120 120 120
120 120 120 120
120 120 120 120
120 120 120 120
120 120 120 120
120 120 120 120

90 90 90 90
74 74 74 74
120 120 120 120
84 84 87 87
110 110 110 110
120 120 120 120
120 120 120 120
120 120 120 120
38 38 38 38
47 47 47 47
120 120 120 120
48 48 48 48
103 103 103 103
94 94 94 94
111 111 111 111
110 110 110 110
107 107 107 107
120 120 120 120
75 75 75 75
96 96 99 99
119 119 119 119
118 118 118 118
120 120 120 120
111 111 111 111
113 113 113 113
112 112 112 112
117 117 117 117
113 113 116 116
108 108 108 108
119 119 119 119
116 116 116 116
118 118 118 118
118 118 118 118
119 119 119 119
117 117 117 117
118 118 118 118
117 117 117 117
117 117 117 117
117 117 117 117
119 119 119 119
114 114 114 114
116 116 116 116
116 116 116 116
119 119 119 119
119 119 119 119
119 119 120 120
120 120 119 119
119 119 119 119
119 119 119 119
120 120 120 120
120 120 120 120
120 120 120 120
120 120 120 120
120 120 120 120
120 120 120 120
120 120 120 120
120 120 120 120
120 120 120 120
120 120 120 120
120 120 120 120
120 120 120 120
120 120 120 120
120 120 120 120
120 120 120 120
120 120 120 120
120 120 120 120
120 120 120 120
120 120 120 120
120 120 120 120
120 120 120 120
120 120 120 120
120 120 120 120
120 120 120 120
120 120 120 120
120 120 120 120
120 120 120 120
120 120 120 120
120 120 120 120
120 120 120 120
120 120 120 120
120 120 120 120
120 120 120 120
120 120 120 120
120 120 120 120
120 120 120 120
120 120 120 120
120 120 120 120
120 120 120 120
120 120 120 120
120 120 120 120
120 120 120 120
120 120 120 120
120 120 120 120
120 120 120 120
120 120 120 120
120 120 120 120
120 120 120 120
120 120 120 120
120 120 120 120
120 120 120 120
120 120 120 120
120 120 120 120
120 120 120 120
120 120 120 120
120 120 120 120
120 120 120 120
120 120 120 120
120 120 120 120
120 120 120 120
120 120 120 120
120 120 120 120
120 120 120 120
120 120 120 120
120 120 120 120
120 120 120 120
120 120 120 120
120 120 120 120
120 120 120 120
120 120 120 120
120 120 120 120
120 120 120 120
120 120 120 120
120 120 120 120
120 120 120 120
120 120 120 120
120 120 120 120
120 120 120 120
120 120 120 120

89 89 89 89
78 78 78 78
120 120 120 120
85 85 88 88
117 117 117 117
120 120 120 120
120 120 120 120
120 120 120 120
44 44 44 44
45 45 45 45
120 120 120 120
42 42 42 42
106 106 106 106
96 96 96 96
113 113 113 113
115 115 115 115
108 108 108 108
120 120 120 120
66 66 66 66
96 96 99 99
120 120 120 120
118 118 118 118
120 120 120 120
109 109 109 109
117 117 117 117
117 117 117 117
117 117 117 117
116 116 117 117
110 110 110 110
118 118 118 118
116 116 116 116
118 118 118 118
118 118 118 118
119 119 119 119
117 117 117 117
118 118 118 118
117 117 117 117
117 117 117 117
117 117 117 117
119 119 119 119
114 114 114 114
116 116 116 116
116 116 116 116
119 119 119 119
119 119 119 119
119 119 120 120
120 120 119 119
119 119 119 119
116 116 116 116
120 120 120 120
120 120 120 120
120 120 120 120
120 120 120 120
120 120 120 120
120 120 120 120
120 120 120 120
120 120 120 120
120 120 120 120
120 120 120 120
120 120 120 120
120 120 120 120
120 120 120 120
120 120 120 120
120 120 120 120
120 120 120 120
120 120 120 120
120 120 120 120
120 120 120 120
120 120 120 120
120 120 120 120
120 120 120 120
120 120 120 120
120 120 120 120
120 120 120 120
120 120 120 120
120 120 120 120
120 120 120 120
120 120 120 120
120 120 120 120
120 120 120 120
120 120 120 120
120 120 120 120
120 120 120 120
120 120 120 120
120 120 120 120
120 120 120 120
120 120 120 120
120 120 120 120
120 120 120 120
120 120 120 120
120 120 120 120
120 120 120 120
120 120 120 120
120 120 120 120
120 120 120 120
120 120 120 120
120 120 120 120
120 120 120 120
120 120 120 120
120 120 120 120
120 120 120 120
120 120 120 120
120 120 120 120
120 120 120 120
120 120 120 120
120 120 120 120
120 120 120 120
120 120 120 120
120 120 120 120
120 120 120 120
120 120 120 120
120 120 120 120
120 120 120 120
120 120 120 120
120 120 120 120
120 120 120 120
120 120 120 120
120 120 120 120
120 120 120 120
120 120 120 120
120 120 120 120
120 120 120 120
120 120 120 120
120 120 120 120
120 120 120 120
120 120 120 120
120 120 120 120
120 120 120 120

93 93 93 93
79 79 79 79
120 120 120 120
90 90 93 93
117 117 117 117
120 120 120 120
120 120 120 120
120 120 120 120
42 42 42 42
45 45 46 46
120 120 120 120
39 39 39 39
110 110 110 110
97 97 97 97
116 116 116 116
117 117 117 117
111 111 111 111
120 120 120 120
70 70 70 70
96 96 99 99
120 120 120 120
118 118 118 118
120 120 120 120
106 106 106 106
118 118 118 118
118 118 118 118
116 116 116 116
118 118 118 118
116 116 116 116
119 119 119 119
118 118 118 118
120 120 120 120
119 119 119 119
120 120 120 120
119 119 119 119
119 119 119 119
119 119 119 119
118 118 118 118
118 118 118 118
119 119 119 119
114 114 114 114
116 116 116 116
116 116 116 116
119 119 119 119
119 119 119 119
119 119 120 120
120 120 119 119
119 119 119 119
115 115 115 115
118 118 118 118
119 119 119 119
119 119 119 119
120 120 120 120
120 120 120 120
120 120 120 120
120 120 120 120
120 120 120 120
120 120 120 120
120 120 120 120
120 120 120 120
120 120 120 120
120 120 120 120
120 120 120 120
120 120 120 120
120 120 120 120
120 120 120 120
120 120 120 120
120 120 120 120
120 120 120 120
120 120 120 120
120 120 120 120
120 120 120 120
120 120 120 120
120 120 120 120
120 120 120 120
120 120 120 120
120 120 120 120
120 120 120 120
120 120 120 120
120 120 120 120
120 120 120 120
120 120 120 120
120 120 120 120
120 120 120 120
120 120 120 120
120 120 120 120
120 120 120 120
120 120 120 120
120 120 120 120
120 120 120 120
120 120 120 120
120 120 120 120
120 120 120 120
120 120 120 120
120 120 120 120
120 120 120 120
120 120 120 120
120 120 120 120
120 120 120 120
120 120 120 120
120 120 120 120
120 120 120 120
120 120 120 120
120 120 120 120
120 120 120 120
120 120 120 120
120 120 120 120
120 120 120 120
120 120 120 120
120 120 120 120
120 120 120 120
120 120 120 120
120 120 120 120
120 120 120 120
120 120 120 120
120 120 120 120
120 120 120 120
120 120 120 120
120 120 120 120
120 120 120 120
120 120 120 120
120 120 120 120
120 120 120 120
120 120 120 120
120 120 120 120
120 120 120 120
120 120 120 120
120 120 120 120

94 94 94 94
85 85 85 85
120 120 120 120
90 90 92 92
117 117 117 117
120 120 120 120
120 120 120 120
120 120 120 120
36 36 36 36
43 43 44 44
120 120 120 120
39 39 39 39
116 116 116 116
95 95 95 95
118 118 118 118
118 118 118 118
110 110 110 110
120 120 120 120
70 70 70 70
98 98 101 101
119 119 119 119
117 117 117 117
120 120 120 120
97 97 97 97
119 119 119 119
119 119 119 119
113 113 113 113
119 119 119 119
120 120 120 120
119 119 119 119
120 120 120 120
120 120 120 120
120 120 120 120
120 120 120 120
120 120 120 120
120 120 120 120
120 120 120 120
120 120 120 120
120 120 120 120
120 120 120 120
117 117 117 117
117 117 117 117
117 117 117 117
119 119 119 119
119 119 119 119
117 117 120 120
120 120 119 119
119 119 119 119
114 114 114 114
109 109 109 109
107 107 108 108
108 108 108 108
119 119 120 120
120 120 120 120
120 120 120 120
120 120 120 120
120 120 120 120
120 120 120 120
120 120 120 120
120 120 120 120
120 120 120 120
120 120 120 120
120 120 120 120
120 120 120 120
120 120 120 120
120 120 120 120
120 120 120 120
120 120 120 120
120 120 120 120
120 120 120 120
120 120 120 120
120 120 120 120
120 120 120 120
120 120 120 120
120 120 120 120
120 120 120 120
120 120 120 120
120 120 120 120
120 120 120 120
120 120 120 120
120 120 120 120
120 120 120 120
120 120 120 120
120 120 120 120
120 120 120 120
120 120 120 120
120 120 120 120
120 120 120 120
120 120 120 120
120 120 120 120
120 120 120 120
120 120 120 120
120 120 120 120
120 120 120 120
120 120 120 120
120 120 120 120
120 120 120 120
120 120 120 120
120 120 120 120
120 120 120 120
120 120 120 120
120 120 120 120
120 120 120 120
120 120 120 120
120 120 120 120
120 120 120 120
120 120 120 120
120 120 120 120
120 120 120 120
120 120 120 120
120 120 120 120
120 120 120 120
120 120 120 120
120 120 120 120
120 120 120 120
120 120 120 120
120 120 120 120
120 120 120 120
120 120 120 120
120 120 120 120
120 120 120 120
120 120 120 120
120 120 120 120
120 120 120 120
120 120 120 120
120 120 120 120
120 120 120 120
120 120 120 120

101 101 101 101
87 87 87 87
120 120 120 120
84 84 86 86
117 117 117 117
120 120 120 120
120 120 120 120
120 120 120 120
42 42 42 42
41 41 42 42
120 120 120 120
38 38 38 38
117 117 117 117
92 92 92 92
119 119 119 119
120 120 120 120
109 109 109 109
120 120 120 120
73 73 73 73
103 103 106 106
118 118 118 118
117 117 117 117
120 120 120 120
88 88 88 88
120 120 120 120
120 120 120 120
112 112 112 112
120 120 120 120
120 120 120 120
119 119 119 119
120 120 120 120
120 120 120 120
120 120 120 120
120 120 120 120
120 120 120 120
120 120 120 120
120 120 120 120
120 120 120 120
120 120 120 120
120 120 120 120
118 118 118 118
118 118 118 118
118 118 118 118
120 120 120 120
120 120 120 120
113 113 120 120
120 120 119 119
119 119 119 119
113 113 113 113
104 104 104 104
102 102 103 103
100 100 100 100
119 119 120 120
119 119 119 119
120 120 120 120
120 120 120 120
120 120 120 120
120 120 120 120
120 120 120 120
120 120 120 120
120 120 120 120
120 120 120 120
120 120 120 120
120 120 120 120
120 120 120 120
120 120 120 120
120 120 120 120
120 120 120 120
120 120 120 120
120 120 120 120
120 120 120 120
120 120 120 120
120 120 120 120
120 120 120 120
120 120 120 120
120 120 120 120
120 120 120 120
120 120 120 120
120 120 120 120
120 120 120 120
120 120 120 120
120 120 120 120
120 120 120 120
120 120 120 120
120 120 120 120
120 120 120 120
120 120 120 120
120 120 120 120
120 120 120 120
120 120 120 120
120 120 120 120
120 120 120 120
120 120 120 120
120 120 120 120
120 120 120 120
120 120 120 120
120 120 120 120
120 120 120 120
120 120 120 120
120 120 120 120
120 120 120 120
120 120 120 120
120 120 120 120
120 120 120 120
120 120 120 120
120 120 120 120
120 120 120 120
120 120 120 120
120 120 120 120
120 120 120 120
120 120 120 120
120 120 120 120
120 120 120 120
120 120 120 120
120 120 120 120
120 120 120 120
120 120 120 120
120 120 120 120
120 120 120 120
120 120 120 120
120 120 120 120
120 120 120 120
120 120 120 120
120 120 120 120
120 120 120 120
120 120 120 120
120 120 120 120
120 120 120 120

101 101 101 101
90 90 90 90
120 120 120 120
80 80 82 82
116 116 116 116
120 120 120 120
120 120 120 120
120 120 120 120
47 47 47 47
35 35 36 36
120 120 120 120
40 40 40 40
118 118 118 118
90 90 90 90
120 120 120 120
120 120 120 120
109 109 109 109
120 120 120 120
74 74 74 74
107 107 110 110
117 117 117 117
117 117 117 117
120 120 120 120
82 82 82 82
120 120 120 120
120 120 120 120
112 112 112 112
120 120 120 120
120 120 120 120
119 119 119 119
120 120 120 120
120 120 120 120
120 120 120 120
120 120 120 120
120 120 120 120
120 120 120 120
120 120 120 120
120 120 120 120
120 120 120 120
120 120 120 120
119 119 119 119
120 120 120 120
119 119 119 119
120 120 120 120
120 120 120 120
113 113 120 120
120 120 119 119
119 119 119 119
113 113 113 113
100 100 100 100
100 100 101 101
93 93 93 93
119 119 120 120
119 119 119 119
120 120 120 120
120 120 120 120
120 120 120 120
120 120 120 120
120 120 120 120
120 120 120 120
120 120 120 120
120 120 120 120
120 120 120 120
120 120 120 120
120 120 120 120
120 120 120 120
120 120 120 120
120 120 120 120
120 120 120 120
120 120 120 120
120 120 120 120
120 120 120 120
120 120 120 120
120 120 120 120
120 120 120 120
120 120 120 120
120 120 120 120
120 120 120 120
120 120 120 120
120 120 120 120
120 120 120 120
120 120 120 120
120 120 120 120
120 120 120 120
120 120 120 120
120 120 120 120
120 120 120 120
120 120 120 120
120 120 120 120
120 120 120 120
120 120 120 120
120 120 120 120
120 120 120 120
120 120 120 120
120 120 120 120
120 120 120 120
120 120 120 120
120 120 120 120
120 120 120 120
120 120 120 120
120 120 120 120
120 120 120 120
120 120 120 120
120 120 120 120
120 120 120 120
120 120 120 120
120 120 120 120
120 120 120 120
120 120 120 120
120 120 120 120
120 120 120 120
120 120 120 120
120 120 120 120
120 120 120 120
120 120 120 120
120 120 120 120
120 120 120 120
120 120 120 120
120 120 120 120
120 120 120 120
120 120 120 120
120 120 120 120
120 120 120 120
120 120 120 120
120 120 120 120
120 120 120 120
120 120 120 120
120 120 120 120

101 101 101 101
92 92 92 92
120 120 120 120
75 75 77 77
106 106 106 106
120 120 120 120
120 120 120 120
120 120 120 120
54 54 54 54
31 31 32 32
119 119 119 119
38 38 38 38
117 117 117 117
87 87 87 87
114 114 114 114
116 116 116 116
109 109 109 109
120 120 120 120
72 72 72 72
104 104 105 105
116 116 116 116
115 115 115 115
120 120 120 120
80 80 80 80
118 118 118 118
120 120 120 120
110 110 110 110
120 120 120 120
120 120 120 120
119 119 119 119
119 119 119 119
120 120 120 120
118 118 118 118
119 119 119 119
119 119 119 119
120 120 120 120
120 120 120 120
119 119 119 119
120 120 120 120
120 120 120 120
120 120 120 120
120 120 120 120
120 120 120 120
120 120 120 120
120 120 120 120
113 113 120 120
120 120 119 119
119 119 119 119
113 113 113 113
97 97 97 97
99 99 100 100
88 88 88 88
119 119 120 120
119 119 119 119
118 118 118 118
119 119 119 119
118 118 118 118
119 119 119 119
119 119 119 119
118 118 118 118
120 120 120 120
120 120 120 120
120 120 120 120
120 120 120 120
120 120 120 120
120 120 120 120
120 120 120 120
120 120 120 120
120 120 120 120
120 120 120 120
120 120 120 120
120 120 120 120
120 120 120 120
120 120 120 120
120 120 120 120
120 120 120 120
120 120 120 120
120 120 120 120
120 120 120 120
120 120 120 120
120 120 120 120
120 120 120 120
120 120 120 120
120 120 120 120
120 120 120 120
120 120 120 120
120 120 120 120
120 120 120 120
120 120 120 120
120 120 120 120
120 120 120 120
120 120 120 120
120 120 120 120
120 120 120 120
120 120 120 120
120 120 120 120
120 120 120 120
120 120 120 120
120 120 120 120
120 120 120 120
120 120 120 120
120 120 120 120
120 120 120 120
120 120 120 120
120 120 120 120
120 120 120 120
120 120 120 120
120 120 120 120
120 120 120 120
120 120 120 120
120 120 120 120
120 120 120 120
120 120 120 120
120 120 120 120
120 120 120 120
120 120 120 120
120 120 120 120
120 120 120 120
120 120 120 120
120 120 120 120
120 120 120 120
120 120 120 120
120 120 120 120
120 120 120 120
120 120 120 120
120 120 120 120
120 120 120 120
120 120 120 120

102 102 102 102
89 89 89 89
120 120 120 120
75 75 77 77
103 103 103 103
120 120 120 120
120 120 120 120
120 120 120 120
62 62 61 61
25 25 26 26
118 118 118 118
40 40 40 40
116 116 116 116
85 85 85 85
107 107 107 107
115 115 115 115
109 109 109 109
120 120 120 120
68 68 68 68
101 101 102 102
116 116 116 116
114 114 114 114
120 120 120 120
79 79 79 79
118 118 118 118
120 120 120 120
110 110 110 110
120 120 120 120
120 120 120 120
119 119 119 119
119 119 119 119
120 120 120 120
118 118 118 118
119 119 119 119
119 119 119 119
120 120 120 120
120 120 120 120
119 119 119 119
120 120 120 120
120 120 120 120
120 120 120 120
120 120 120 120
120 120 120 120
120 120 120 120
120 120 120 120
113 113 120 120
120 120 120 120
119 119 119 119
113 113 113 113
95 95 95 95
98 98 99 99
82 82 82 82
119 119 120 120
119 119 119 119
118 118 118 118
119 119 119 119
118 118 118 118
118 118 118 118
118 118 118 118
117 117 117 117
120 120 120 120
120 120 120 120
120 120 120 120
120 120 120 120
120 120 120 120
120 120 120 120
120 120 120 120
120 120 120 120
120 120 120 120
120 120 120 120
120 120 120 120
120 120 120 120
120 120 120 120
120 120 120 120
120 120 120 120
120 120 120 120
120 120 120 120
120 120 120 120
120 120 120 120
120 120 120 120
120 120 120 120
120 120 120 120
120 120 120 120
120 120 120 120
120 120 120 120
120 120 120 120
120 120 120 120
120 120 120 120
120 120 120 120
120 120 120 120
120 120 120 120
120 120 120 120
120 120 120 120
120 120 120 120
120 120 120 120
120 120 120 120
120 120 120 120
120 120 120 120
120 120 120 120
120 120 120 120
120 120 120 120
120 120 120 120
120 120 120 120
120 120 120 120
120 120 120 120
120 120 120 120
120 120 120 120
120 120 120 120
120 120 120 120
120 120 120 120
120 120 120 120
120 120 120 120
120 120 120 120
120 120 120 120
120 120 120 120
120 120 120 120
120 120 120 120
120 120 120 120
120 120 120 120
120 120 120 120
120 120 120 120
120 120 120 120
120 120 120 120
120 120 120 120
120 120 120 120
120 120 120 120
120 120 120 120
120 120 120 120

105 105 105 105
88 88 88 88
120 120 120 120
75 75 77 77
102 102 102 102
120 120 120 120
120 120 120 120
120 120 120 120
61 61 60 60
22 22 23 23
117 117 117 117
39 39 39 39
114 114 114 114
84 84 84 84
106 106 106 106
114 114 114 114
108 108 108 108
120 120 120 120
70 70 70 70
98 98 99 99
116 116 116 116
114 114 114 114
120 120 120 120
73 73 73 73
118 118 118 118
120 120 120 120
110 110 110 110
120 120 120 120
120 120 120 120
119 119 119 119
119 119 119 119
120 120 120 120
118 118 118 118
119 119 119 119
119 119 119 119
120 120 120 120
120 120 120 120
119 119 119 119
120 120 120 120
120 120 120 120
120 120 120 120
120 120 120 120
120 120 120 120
117 117 117 117
120 120 120 120
112 112 120 120
120 120 120 120
119 119 119 119
113 113 113 113
89 89 89 89
95 95 96 96
75 75 75 75
119 119 120 120
119 119 119 119
118 118 118 118
119 119 119 119
118 118 118 118
117 117 117 117
116 116 116 116
116 116 116 116
120 120 120 120
120 120 120 120
120 120 120 120
120 120 120 120
120 120 120 120
120 120 120 120
120 120 120 120
120 120 120 120
120 120 120 120
120 120 120 120
120 120 120 120
120 120 120 120
120 120 120 120
120 120 120 120
120 120 120 120
120 120 120 120
120 120 120 120
120 120 120 120
120 120 120 120
120 120 120 120
120 120 120 120
120 120 120 120
120 120 120 120
120 120 120 120
120 120 120 120
120 120 120 120
120 120 120 120
120 120 120 120
120 120 120 120
120 120 120 120
120 120 120 120
120 120 120 120
120 120 120 120
120 120 120 120
120 120 120 120
120 120 120 120
120 120 120 120
120 120 120 120
120 120 120 120
120 120 120 120
120 120 120 120
120 120 120 120
120 120 120 120
120 120 120 120
120 120 120 120
120 120 120 120
120 120 120 120
120 120 120 120
120 120 120 120
120 120 120 120
120 120 120 120
120 120 120 120
120 120 120 120
120 120 120 120
120 120 120 120
120 120 120 120
120 120 120 120
120 120 120 120
120 120 120 120
120 120 120 120
120 120 120 120
120 120 120 120
120 120 120 120
120 120 120 120
120 120 120 120
120 120 120 120
120 120 120 120
120 120 120 120

110 110 110 110
88 88 88 88
120 120 120 120
80 80 82 82
101 101 101 101
120 120 120 120
120 120 120 120
120 120 120 120
64 64 63 63
24 24 25 25
116 116 116 116
44 44 44 44
114 114 114 114
82 82 82 82
105 105 105 105
113 113 113 113
109 109 109 109
120 120 120 120
78 78 78 78
97 97 99 99
116 116 116 116
114 114 114 114
120 120 120 120
69 69 69 69
118 118 118 118
120 120 120 120
111 111 111 111
120 120 120 120
120 120 120 120
118 118 118 118
119 119 119 119
120 120 120 120
118 118 118 118
119 119 119 119
119 119 119 119
120 120 120 120
120 120 120 120
119 119 119 119
120 120 120 120
120 120 120 120
120 120 120 120
120 120 120 120
120 120 120 120
116 116 116 116
120 120 120 120
112 112 120 120
120 120 120 120
120 120 120 120
113 113 113 113
86 86 86 86
89 89 90 90
69 69 69 69
119 119 120 120
119 119 119 119
118 118 118 118
119 119 119 119
118 118 118 118
116 116 116 116
116 116 116 116
115 115 115 115
119 119 119 119
120 120 120 120
120 120 120 120
120 120 120 120
120 120 120 120
120 120 120 120
120 120 120 120
120 120 120 120
120 120 120 120
120 120 120 120
120 120 120 120
120 120 120 120
120 120 120 120
120 120 120 120
120 120 120 120
120 120 120 120
120 120 120 120
120 120 120 120
120 120 120 120
120 120 120 120
120 120 120 120
120 120 120 120
120 120 120 120
120 120 120 120
120 120 120 120
120 120 120 120
120 120 120 120
120 120 120 120
120 120 120 120
120 120 120 120
120 120 120 120
120 120 120 120
120 120 120 120
120 120 120 120
120 120 120 120
120 120 120 120
120 120 120 120
120 120 120 120
120 120 120 120
120 120 120 120
120 120 120 120
120 120 120 120
120 120 120 120
120 120 120 120
120 120 120 120
120 120 120 120
120 120 120 120
120 120 120 120
120 120 120 120
120 120 120 120
120 120 120 120
120 120 120 120
120 120 120 120
120 120 120 120
120 120 120 120
120 120 120 120
120 120 120 120
120 120 120 120
120 120 120 120
120 120 120 120
120 120 120 120
120 120 120 120
120 120 120 120
120 120 120 120
120 120 120 120
120 120 120 120
120 120 120 120
120 120 120 120

110 110 110 110
86 86 86 86
120 120 120 120
84 84 85 85
100 100 100 100
120 120 120 120
120 120 120 120
120 120 120 120
66 66 65 65
20 20 21 21
116 116 116 116
40 40 40 40
114 114 114 114
81 81 81 81
105 105 105 105
113 113 113 113
109 109 109 109
120 120 120 120
76 76 76 76
90 90 91 91
116 116 116 116
114 114 114 114
120 120 120 120
66 66 66 66
118 118 118 118
120 120 120 120
111 111 111 111
120 120 120 120
120 120 120 120
118 118 118 118
119 119 119 119
120 120 120 120
118 118 118 118
119 119 119 119
119 119 119 119
120 120 120 120
120 120 120 120
119 119 119 119
120 120 120 120
120 120 120 120
120 120 120 120
120 120 120 120
120 120 120 120
115 115 115 115
120 120 120 120
112 112 120 120
120 120 120 120
120 120 120 120
114 114 114 114
84 84 84 84
88 88 89 89
57 57 57 57
119 119 120 120
119 119 119 119
118 118 118 118
119 119 119 119
118 118 118 118
116 116 116 116
116 116 116 116
115 115 115 115
119 119 119 119
117 117 119 119
117 117 119 119
117 117 119 119
120 120 120 120
120 120 120 120
120 120 120 120
120 120 120 120
120 120 120 120
120 120 120 120
120 120 120 120
120 120 120 120
120 120 120 120
120 120 120 120
120 120 120 120
120 120 120 120
120 120 120 120
120 120 120 120
120 120 120 120
120 120 120 120
120 120 120 120
120 120 120 120
120 120 120 120
120 120 120 120
120 120 120 120
120 120 120 120
120 120 120 120
120 120 120 120
120 120 120 120
120 120 120 120
120 120 120 120
120 120 120 120
120 120 120 120
120 120 120 120
120 120 120 120
120 120 120 120
120 120 120 120
120 120 120 120
120 120 120 120
120 120 120 120
120 120 120 120
120 120 120 120
120 120 120 120
120 120 120 120
120 120 120 120
120 120 120 120
120 120 120 120
120 120 120 120
120 120 120 120
120 120 120 120
120 120 120 120
120 120 120 120
120 120 120 120
120 120 120 120
120 120 120 120
120 120 120 120
120 120 120 120
120 120 120 120
120 120 120 120
120 120 120 120
120 120 120 120
120 120 120 120
120 120 120 120
120 120 120 120
120 120 120 120
120 120 120 120
120 120 120 120
120 120 120 120

110 110 110 110
82 82 82 82
120 120 120 120
90 90 91 91
97 97 97 97
120 120 120 120
120 120 120 120
120 120 120 120
68 68 67 67
21 21 22 22
116 116 116 116
44 44 44 44
114 114 114 114
79 79 79 79
105 105 105 105
113 113 113 113
107 107 107 107
120 120 120 120
82 82 82 82
82 82 83 83
116 116 116 116
112 112 112 112
120 120 120 120
63 63 63 63
118 118 118 118
120 120 120 120
111 111 111 111
120 120 120 120
118 118 118 118
119 119 119 119
117 117 117 117
120 120 120 120
118 118 118 118
119 119 119 119
119 119 119 119
120 120 120 120
120 120 120 120
119 119 119 119
120 120 120 120
120 120 120 120
120 120 120 120
120 120 120 120
120 120 120 120
114 114 114 114
120 120 120 120
112 112 120 120
120 120 120 120
120 120 120 120
117 117 117 117
82 82 82 82
87 87 88 88
50 50 50 50
119 119 120 120
119 119 119 119
118 118 118 118
119 119 119 119
118 118 118 118
116 116 116 116
116 116 116 116
115 115 115 115
119 119 119 119
115 115 118 118
115 115 118 118
115 115 118 118
117 117 117 117
118 118 118 118
118 118 118 118
118 118 118 118
119 119 119 119
119 119 119 119
119 119 119 119
118 118 118 118
118 118 118 118
117 117 117 117
118 118 118 118
119 119 119 119
120 120 120 120
120 120 120 120
120 120 120 120
120 120 120 120
120 120 120 120
120 120 120 120
120 120 120 120
120 120 120 120
120 120 120 120
120 120 120 120
120 120 120 120
120 120 120 120
120 120 120 120
120 120 120 120
120 120 120 120
120 120 120 120
120 120 120 120
120 120 120 120
120 120 120 120
120 120 120 120
120 120 120 120
120 120 120 120
120 120 120 120
120 120 120 120
120 120 120 120
120 120 120 120
120 120 120 120
120 120 120 120
120 120 120 120
120 120 120 120
120 120 120 120
120 120 120 120
120 120 120 120
120 120 120 120
120 120 120 120
120 120 120 120
120 120 120 120
120 120 120 120
120 120 120 120
120 120 120 120
120 120 120 120
120 120 120 120
120 120 120 120
120 120 120 120
120 120 120 120
120 120 120 120
120 120 120 120
120 120 120 120
120 120 120 120
120 120 120 120
120 120 120 120
120 120 120 120

110 110 110 110
80 80 80 80
120 120 120 120
94 94 95 95
97 97 97 97
120 120 120 120
120 120 120 120
120 120 120 120
75 75 74 74
24 24 24 24
116 116 116 116
47 47 47 47
115 115 115 115
79 79 79 79
102 102 102 102
113 113 113 113
107 107 107 107
120 120 120 120
83 83 83 83
74 74 75 75
116 116 116 116
112 112 112 112
120 120 120 120
62 62 62 62
118 118 118 118
120 120 120 120
113 113 113 113
120 120 120 120
112 112 112 112
119 119 119 119
116 116 116 116
120 120 120 120
118 118 118 118
119 119 119 119
119 119 119 119
120 120 120 120
120 120 120 120
119 119 119 119
120 120 120 120
120 120 120 120
120 120 120 120
120 120 120 120
119 119 119 119
113 113 113 113
120 120 120 120
111 111 120 120
120 120 120 120
120 120 120 120
118 118 118 118
82 82 82 82
87 87 88 88
51 51 51 51
119 119 120 120
119 119 119 119
118 118 118 118
119 119 119 119
118 118 118 118
116 116 116 116
116 116 116 116
115 115 115 115
119 119 119 119
114 114 117 117
114 114 117 117
114 114 117 117
115 115 115 115
117 117 117 117
118 118 118 118
118 118 118 118
119 119 119 119
119 119 119 119
116 116 116 116
117 117 117 117
109 109 109 109
105 105 105 105
117 117 117 117
118 118 118 118
118 118 118 118
118 118 118 118
119 119 119 119
118 118 118 118
115 115 115 115
113 113 113 113
117 117 117 117
116 116 116 116
119 119 119 119
119 119 119 119
118 118 118 118
120 120 120 120
120 120 120 120
120 120 120 120
120 120 120 120
120 120 120 120
120 120 120 120
120 120 120 120
120 120 120 120
120 120 120 120
120 120 120 120
120 120 120 120
120 120 120 120
120 120 120 120
120 120 120 120
120 120 120 120
120 120 120 120
120 120 120 120
120 120 120 120
120 120 120 120
120 120 120 120
120 120 120 120
120 120 120 120
120 120 120 120
120 120 120 120
120 120 120 120
120 120 120 120
120 120 120 120
120 120 120 120
120 120 120 120
120 120 120 120
120 120 120 120
120 120 120 120
120 120 120 120
120 120 120 120
120 120 120 120
120 120 120 120
120 120 120 120
120 120 120 120
120 120 120 120
120 120 120 120
120 120 120 120

112 112 112 112
74 74 74 74
120 120 120 120
102 102 103 103
97 97 97 97
120 120 120 120
120 120 120 120
120 120 120 120
84 84 83 83
28 28 28 28
116 116 116 116
49 49 49 49
115 115 115 115
81 81 81 81
102 102 102 102
113 113 113 113
108 108 108 108
120 120 120 120
85 85 85 85
68 68 69 69
117 117 117 117
113 113 113 113
120 120 120 120
69 69 69 69
118 118 118 118
120 120 120 120
117 117 117 117
120 120 120 120
106 106 106 106
119 119 119 119
115 115 115 115
120 120 120 120
118 118 118 118
119 119 119 119
119 119 119 119
120 120 120 120
120 120 120 120
119 119 119 119
120 120 120 120
120 120 120 120
120 120 120 120
120 120 120 120
118 118 118 118
111 111 111 111
120 120 120 120
112 112 120 120
120 120 120 120
120 120 120 120
119 119 119 119
90 90 90 90
98 98 98 98
62 62 62 62
120 120 120 120
119 119 119 119
118 118 118 118
119 119 119 119
118 118 118 118
116 116 116 116
116 116 116 116
115 115 115 115
119 119 119 119
113 113 116 116
113 113 116 116
113 113 116 116
115 115 115 115
116 116 116 116
118 118 118 118
118 118 118 118
119 119 119 119
119 119 119 119
115 115 115 115
116 116 116 116
100 100 100 100
93 93 93 93
117 117 117 117
118 118 118 118
118 118 118 118
117 117 117 117
119 119 119 119
118 118 118 118
111 111 111 111
107 107 107 107
111 111 111 111
116 116 116 116
118 118 118 118
118 118 118 118
118 118 118 118
119 119 119 119
120 120 120 120
120 120 120 120
120 120 120 120
120 120 120 120
120 120 120 120
120 120 120 120
120 120 120 120
120 120 120 120
120 120 120 120
120 120 120 120
120 120 120 120
120 120 120 120
120 120 120 120
120 120 120 120
120 120 120 120
120 120 120 120
120 120 120 120
120 120 120 120
120 120 120 120
120 120 120 120
120 120 120 120
120 120 120 120
120 120 120 120
120 120 120 120
120 120 120 120
120 120 120 120
120 120 120 120
120 120 120 120
120 120 120 120
120 120 120 120
120 120 120 120
120 120 120 120
120 120 120 120
120 120 120 120
120 120 120 120
120 120 120 120
120 120 120 120
120 120 120 120
120 120 120 120
120 120 120 120

114 114 114 114
68 68 68 68
120 120 120 120
108 108 109 109
95 95 95 95
120 120 120 120
120 120 120 120
120 120 120 120
85 85 84 84
33 33 33 33
116 116 116 116
54 54 54 54
115 115 115 115
84 84 84 84
102 102 102 102
113 113 113 113
108 108 108 108
120 120 120 120
90 90 90 90
61 61 62 62
118 118 118 118
113 113 113 113
120 120 120 120
74 74 74 74
118 118 118 118
120 120 120 120
118 118 118 118
120 120 120 120
103 103 103 103
119 119 119 119
113 113 113 113
120 120 120 120
118 118 118 118
119 119 119 119
119 119 119 119
120 120 120 120
120 120 120 120
119 119 119 119
120 120 120 120
120 120 120 120
120 120 120 120
120 120 120 120
116 116 116 116
110 110 110 110
120 120 120 120
116 116 120 120
120 120 120 120
120 120 120 120
120 120 120 120
94 94 94 94
103 103 103 103
70 70 70 70
120 120 120 120
120 120 120 120
118 118 118 118
119 119 119 119
118 118 118 118
116 116 116 116
116 116 116 116
115 115 115 115
118 118 118 118
113 113 116 116
113 113 116 116
113 113 116 116
114 114 114 114
114 114 114 114
118 118 118 118
118 118 118 118
119 119 119 119
119 119 119 119
114 114 114 114
116 116 116 116
95 95 95 95
83 83 83 83
117 117 117 117
118 118 118 118
118 118 118 118
116 116 116 116
119 119 119 119
118 118 118 118
111 111 111 111
107 107 107 107
107 107 107 107
116 116 116 116
117 117 116 116
117 117 117 117
118 118 118 118
118 118 118 118
119 119 119 119
120 120 120 120
120 120 120 120
120 120 120 120
120 120 120 120
120 120 120 120
120 120 120 120
120 120 120 120
120 120 120 120
120 120 120 120
120 120 120 120
120 120 120 120
120 120 120 120
120 120 120 120
120 120 120 120
120 120 120 120
120 120 120 120
120 120 120 120
120 120 120 120
120 120 120 120
120 120 120 120
120 120 120 120
120 120 120 120
120 120 120 120
120 120 120 120
120 120 120 120
120 120 120 120
120 120 120 120
120 120 120 120
120 120 120 120
120 120 120 120
120 120 120 120
120 120 120 120
120 120 120 120
120 120 120 120
120 120 120 120
120 120 120 120
120 120 120 120
120 120 120 120
120 120 120 120

115 115 115 115
62 62 62 62
120 120 120 120
111 111 112 112
94 94 94 94
120 120 120 120
120 120 120 120
120 120 120 120
83 83 82 82
38 38 38 38
116 116 116 116
54 54 54 54
115 115 115 115
86 86 86 86
102 102 102 102
113 113 113 113
108 108 108 108
120 120 120 120
90 90 90 90
54 54 55 55
119 119 119 119
113 113 113 113
120 120 120 120
79 79 79 79
118 118 118 118
120 120 120 120
118 118 118 118
120 120 120 120
98 98 98 98
119 119 119 119
109 109 109 109
120 120 120 120
118 118 118 118
119 119 119 119
119 119 119 119
120 120 120 120
120 120 120 120
119 119 119 119
118 118 118 118
120 120 120 120
120 120 120 120
120 120 120 120
116 116 116 116
109 109 109 109
120 120 120 120
116 116 120 120
120 120 120 120
120 120 120 120
120 120 120 120
98 98 98 98
105 105 105 105
77 77 77 77
120 120 120 120
120 120 120 120
118 118 118 118
119 119 119 119
118 118 118 118
116 116 116 116
116 116 116 116
115 115 115 115
118 118 118 118
113 113 116 116
113 113 116 116
113 113 116 116
108 108 108 108
112 112 112 112
116 116 116 116
116 116 116 116
118 118 118 118
119 119 119 119
112 112 112 112
116 116 116 116
90 90 90 90
82 82 82 82
117 117 117 117
118 118 118 118
118 118 118 118
115 115 115 115
119 119 119 119
118 118 118 118
111 111 111 111
107 107 107 107
107 107 107 107
116 116 116 116
117 117 116 116
116 116 116 116
118 118 118 118
117 117 117 117
118 118 118 118
114 114 114 114
117 117 117 117
119 119 119 119
119 119 119 119
119 119 119 119
118 118 118 118
116 116 116 116
116 116 116 116
118 118 118 118
117 117 117 117
114 114 115 115
119 119 119 119
118 118 118 118
119 119 119 119
119 119 119 119
119 119 119 119
120 120 120 120
120 120 120 120
120 120 120 120
120 120 120 120
120 120 120 120
120 120 120 120
120 120 120 120
120 120 120 120
120 120 120 120
120 120 120 120
120 120 120 120
120 120 120 120
120 120 120 120
120 120 120 120
120 120 120 120
120 120 120 120
120 120 120 120
120 120 120 120
120 120 120 120
120 120 120 120
120 120 120 120
120 120 120 120
120 120 120 120

116 116 116 116
60 60 60 60
120 120 120 120
114 114 114 114
102 102 102 102
120 120 120 120
120 120 120 120
120 120 120 120
84 84 83 83
43 43 43 43
117 117 117 117
58 58 58 58
117 117 117 117
89 89 89 89
108 108 108 108
117 117 117 117
108 108 108 108
120 120 120 120
90 90 90 90
55 55 56 56
120 120 120 120
115 115 115 115
120 120 120 120
81 81 81 81
120 120 120 120
120 120 120 120
120 120 120 120
120 120 120 120
90 90 90 90
119 119 119 119
108 108 108 108
120 120 120 120
120 120 120 120
120 120 120 120
120 120 120 120
120 120 120 120
120 120 120 120
120 120 120 120
117 117 117 117
120 120 120 120
120 120 120 120
120 120 120 120
116 116 116 116
109 109 109 109
120 120 120 120
117 117 120 120
120 120 120 120
120 120 120 120
120 120 120 120
100 100 100 100
106 106 106 106
82 82 82 82
120 120 120 120
120 120 120 120
120 120 120 120
120 120 120 120
120 120 120 120
117 117 117 117
115 115 115 115
117 117 117 117
118 118 118 118
113 113 116 116
113 113 116 116
113 113 116 116
104 104 104 104
111 111 111 111
116 116 116 116
115 115 115 115
118 118 118 118
119 119 119 119
112 112 112 112
116 116 116 116
84 84 84 84
81 81 81 81
117 117 117 117
118 118 118 118
118 118 118 118
115 115 115 115
119 119 119 119
118 118 118 118
111 111 111 111
107 107 107 107
107 107 107 107
116 116 116 116
117 117 116 116
116 116 116 116
118 118 118 118
117 117 117 117
117 117 117 117
107 107 107 107
117 117 117 117
119 119 119 119
119 119 119 119
118 118 118 118
114 114 114 114
111 111 111 111
107 107 107 107
110 110 110 110
113 113 113 113
109 109 110 110
116 116 116 116
116 116 116 116
117 117 117 117
117 117 117 117
112 112 112 112
119 119 119 119
116 116 117 117
118 118 118 118
119 119 119 119
118 118 118 118
119 119 119 119
119 119 119 119
119 119 119 119
119 119 119 119
120 120 120 120
120 120 120 120
120 120 120 120
120 120 120 120
120 120 120 120
120 120 120 120
120 120 120 120
120 120 120 120
120 120 120 120
120 120 120 120
120 120 120 120
120 120 120 120
120 120 120 120
120 120 120 120

116 116 116 116
66 66 66 66
120 120 120 120
104 104 104 104
104 104 104 104
119 119 119 119
119 119 119 119
120 120 120 120
83 83 83 83
48 48 48 48
118 118 118 118
59 59 59 59
118 118 118 118
91 91 91 91
111 111 111 111
118 118 118 118
108 108 108 108
120 120 120 120
93 93 93 93
60 60 61 61
120 120 120 120
116 116 116 116
120 120 120 120
81 81 81 81
120 120 120 120
120 120 120 120
119 119 119 119
120 120 120 120
81 81 81 81
119 119 119 119
106 106 106 106
120 120 120 120
120 120 120 120
120 120 120 120
120 120 120 120
120 120 120 120
120 120 120 120
120 120 120 120
116 116 116 116
120 120 120 120
120 120 120 120
120 120 120 120
116 116 116 116
109 109 109 109
120 120 120 120
117 117 120 120
120 120 120 120
120 120 120 120
120 120 120 120
101 101 101 101
107 107 107 107
88 88 88 88
120 120 120 120
120 120 120 120
120 120 120 120
120 120 120 120
119 119 119 119
118 118 118 118
113 113 113 113
118 118 118 118
118 118 118 118
113 113 116 116
113 113 116 116
113 113 116 116
100 100 100 100
110 110 110 110
116 116 116 116
113 113 113 113
117 117 117 117
119 119 119 119
112 112 112 112
116 116 116 116
79 79 79 79
81 81 80 80
117 117 117 117
118 118 118 118
118 118 118 118
115 115 115 115
119 119 119 119
118 118 118 118
111 111 111 111
107 107 107 107
107 107 107 107
116 116 116 116
117 117 116 116
116 116 116 116
118 118 118 118
117 117 117 117
116 116 116 116
107 107 107 107
117 117 117 117
119 119 119 119
119 119 119 119
116 116 116 116
109 109 109 109
108 108 108 108
98 98 98 98
98 98 98 98
110 110 110 110
104 104 105 105
112 112 112 112
112 112 112 112
117 117 117 117
116 116 116 116
103 103 103 103
118 118 118 118
111 111 112 112
118 118 118 118
118 118 118 118
109 109 109 109
119 119 119 119
118 118 118 118
118 118 118 118
119 119 119 119
117 117 117 117
113 113 115 115
120 120 120 120
120 120 120 120
120 120 120 120
120 120 120 120
120 120 120 120
120 120 120 120
120 120 120 120
120 120 120 120
120 120 120 120
120 120 120 120
120 120 120 120
120 120 120 120

116 116 116 116
63 63 63 63
120 120 120 120
97 97 97 97
103 103 103 103
118 118 118 118
118 118 118 118
120 120 120 120
88 88 88 88
53 53 53 53
119 119 119 119
61 61 61 61
120 120 120 120
93 93 93 93
106 106 106 106
119 119 119 119
109 109 109 109
120 120 120 120
92 92 92 92
66 66 67 67
119 119 119 119
116 116 116 116
120 120 120 120
86 86 86 86
120 120 120 120
120 120 120 120
119 119 119 119
120 120 120 120
76 76 76 76
119 119 119 119
105 105 105 105
120 120 120 120
120 120 120 120
120 120 120 120
120 120 120 120
120 120 120 120
120 120 120 120
120 120 120 120
115 115 115 115
120 120 120 120
120 120 120 120
120 120 120 120
116 116 116 116
112 112 112 112
120 120 120 120
118 118 120 120
120 120 120 120
120 120 120 120
120 120 120 120
106 106 106 106
110 110 110 110
95 95 95 95
120 120 120 120
120 120 120 120
120 120 120 120
120 120 120 120
118 118 118 118
119 119 119 119
114 114 114 114
119 119 119 119
118 118 118 118
113 113 116 116
113 113 116 116
113 113 116 116
99 99 99 99
110 110 110 110
116 116 116 116
113 113 113 113
117 117 117 117
119 119 119 119
112 112 112 112
116 116 116 116
74 74 74 74
81 81 80 80
117 117 117 117
118 118 118 118
118 118 118 118
115 115 115 115
119 119 119 119
118 118 118 118
111 111 111 111
107 107 107 107
107 107 107 107
116 116 116 116
117 117 116 116
116 116 116 116
118 118 118 118
117 117 117 117
116 116 116 116
107 107 107 107
117 117 117 117
119 119 119 119
119 119 119 119
116 116 116 116
108 108 108 108
108 108 108 108
90 90 90 90
86 86 86 86
110 110 110 110
100 100 101 101
110 110 110 110
110 110 110 110
117 117 117 117
115 115 115 115
96 96 96 96
117 117 117 117
107 107 108 108
118 118 118 118
117 117 117 117
103 103 103 103
119 119 119 119
117 117 117 117
117 117 117 117
119 119 119 119
114 114 114 114
107 107 109 109
119 119 119 119
120 120 120 120
120 120 120 120
120 120 120 120
120 120 120 120
120 120 120 120
120 120 120 120
120 120 120 120
120 120 120 120
120 120 120 120
120 120 120 120
120 120 120 120

116 116 116 116
58 58 58 58
120 120 120 120
92 92 92 92
102 102 102 102
117 117 117 117
117 117 117 117
120 120 120 120
89 89 89 89
53 53 53 53
120 120 120 120
62 62 62 62
120 120 120 120
95 95 95 95
104 104 104 104
120 120 120 120
108 108 108 108
120 120 120 120
91 91 91 91
70 70 70 70
118 118 118 118
116 116 116 116
120 120 120 120
89 89 89 89
120 120 120 120
120 120 120 120
119 119 119 119
120 120 120 120
76 76 76 76
120 120 120 120
105 105 105 105
120 120 120 120
120 120 120 120
120 120 120 120
120 120 120 120
120 120 120 120
120 120 120 120
120 120 120 120
114 114 114 114
120 120 120 120
120 120 120 120
120 120 120 120
116 116 116 116
113 113 113 113
120 120 120 120
118 118 120 120
120 120 120 120
119 119 119 119
120 120 120 120
108 108 108 108
116 116 116 116
101 101 101 101
120 120 120 120
120 120 120 120
120 120 120 120
120 120 120 120
117 117 117 117
120 120 120 120
112 112 112 112
120 120 120 120
119 119 119 119
113 113 116 116
113 113 116 116
113 113 116 116
98 98 98 98
110 110 110 110
116 116 116 116
113 113 113 113
117 117 117 117
119 119 119 119
112 112 112 112
116 116 116 116
73 73 73 73
81 81 80 80
117 117 117 117
118 118 118 118
118 118 118 118
115 115 115 115
119 119 119 119
118 118 118 118
111 111 111 111
107 107 107 107
107 107 107 107
116 116 116 116
117 117 116 116
116 116 116 116
118 118 118 118
117 117 117 117
116 116 116 116
107 107 107 107
117 117 117 117
119 119 119 119
119 119 119 119
116 116 116 116
107 107 107 107
108 108 108 108
87 87 87 87
76 76 76 76
110 110 110 110
97 97 98 98
110 110 110 110
108 108 108 108
117 117 117 117
114 114 114 114
91 91 91 91
116 116 116 116
104 104 105 105
118 118 118 118
116 116 116 116
103 103 103 103
119 119 119 119
116 116 116 116
116 116 116 116
119 119 119 119
112 112 112 112
104 104 106 106
118 118 118 118
120 120 120 120
120 120 120 120
120 120 120 120
120 120 120 120
120 120 120 120
120 120 120 120
120 120 120 120
120 120 120 120
120 120 120 120
120 120 120 120
120 120 120 120

117 117 117 117
56 56 56 56
120 120 120 120
87 87 87 87
102 102 102 102
116 116 116 116
116 116 116 116
120 120 120 120
89 89 89 89
58 58 58 58
120 120 120 120
67 67 67 67
112 112 112 112
97 97 97 97
101 101 101 101
120 120 120 120
107 107 107 107
120 120 120 120
95 95 95 95
79 79 79 79
117 117 117 117
116 116 116 116
120 120 120 120
92 92 92 92
120 120 120 120
120 120 120 120
117 117 117 117
120 120 120 120
76 76 76 76
120 120 120 120
102 102 102 102
119 119 119 119
118 118 118 118
118 118 118 118
119 119 119 119
120 120 120 120
120 120 120 120
118 118 118 118
112 112 112 112
120 120 120 120
120 120 120 120
120 120 120 120
116 116 116 116
114 114 114 114
120 120 120 120
117 117 120 120
120 120 120 120
119 119 119 119
120 120 120 120
109 109 109 109
117 117 117 117
113 113 113 113
120 120 120 120
120 120 120 120
120 120 120 120
119 119 119 119
116 116 116 116
120 120 120 120
112 112 112 112
120 120 120 120
119 119 119 119
116 116 117 117
116 116 117 117
116 116 117 117
98 98 98 98
110 110 110 110
116 116 116 116
113 113 113 113
117 117 117 117
119 119 119 119
112 112 112 112
116 116 116 116
72 72 72 72
81 81 80 80
117 117 117 117
118 118 118 118
118 118 118 118
115 115 115 115
119 119 119 119
118 118 118 118
111 111 111 111
107 107 107 107
107 107 107 107
116 116 116 116
117 117 116 116
116 116 116 116
118 118 118 118
117 117 117 117
116 116 116 116
107 107 107 107
117 117 117 117
119 119 119 119
119 119 119 119
116 116 116 116
106 106 106 106
108 108 108 108
83 83 83 83
71 71 71 71
110 110 110 110
94 94 95 95
108 108 108 108
107 107 107 107
117 117 117 117
114 114 114 114
87 87 87 87
116 116 116 116
102 102 103 103
118 118 118 118
116 116 116 116
103 103 103 103
119 119 119 119
116 116 116 116
116 116 116 116
119 119 119 119
110 110 110 110
104 104 106 106
117 117 117 117
119 119 119 119
119 119 119 119
119 119 119 119
118 118 118 118
119 119 119 119
119 119 119 119
120 120 120 120
120 120 120 120
120 120 120 120
120 120 120 120
120 120 120 120

118 118 118 118
58 58 58 58
120 120 120 120
84 84 84 84
104 104 104 104
116 116 116 116
116 116 116 116
120 120 120 120
88 88 88 88
60 60 60 60
120 120 120 120
69 69 69 69
108 108 108 108
98 98 98 98
89 89 89 89
120 120 120 120
108 108 108 108
120 120 120 120
96 96 96 96
83 83 83 83
116 116 116 116
118 118 118 118
120 120 120 120
97 97 97 97
120 120 120 120
120 120 120 120
117 117 117 117
120 120 120 120
72 72 72 72
120 120 120 120
103 103 103 103
118 118 118 118
118 118 118 118
117 117 117 117
118 118 118 118
120 120 120 120
120 120 120 120
117 117 117 117
110 110 110 110
120 120 120 120
120 120 120 120
120 120 120 120
116 116 116 116
115 115 115 115
120 120 120 120
117 117 120 120
120 120 120 120
119 119 119 119
120 120 120 120
111 111 111 111
118 118 118 118
120 120 120 120
120 120 120 120
120 120 120 120
120 120 120 120
119 119 119 119
114 114 114 114
120 120 120 120
112 112 112 112
120 120 120 120
119 119 119 119
118 118 118 118
118 118 118 118
118 118 118 118
101 101 101 101
112 112 112 112
118 118 118 118
115 115 115 115
118 118 118 118
120 120 120 120
113 113 113 113
118 118 118 118
74 74 74 74
84 84 83 83
119 119 119 119
119 119 119 119
118 118 118 118
115 115 115 115
119 119 119 119
118 118 118 118
111 111 111 111
107 107 107 107
107 107 107 107
116 116 116 116
117 117 116 116
116 116 116 116
118 118 118 118
117 117 117 117
116 116 116 116
107 107 107 107
117 117 117 117
119 119 119 119
119 119 119 119
116 116 116 116
106 106 106 106
108 108 108 108
80 80 80 80
71 71 71 71
110 110 110 110
93 93 94 94
107 107 107 107
107 107 107 107
117 117 117 117
114 114 114 114
85 85 85 85
116 116 116 116
100 100 101 101
118 118 118 118
116 116 116 116
103 103 103 103
119 119 119 119
116 116 116 116
116 116 116 116
119 119 119 119
109 109 109 109
104 104 106 106
115 115 115 115
118 118 118 118
118 118 118 118
118 118 118 118
117 117 117 117
119 119 119 119
119 119 119 119
115 115 115 115
114 114 117 117
118 118 118 118
120 120 120 120
120 120 120 120

119 119 119 119
58 58 58 58
120 120 120 120
84 84 84 84
104 104 104 104
116 116 116 116
116 116 116 116
120 120 120 120
86 86 86 86
60 60 60 60
120 120 120 120
71 71 71 71
106 106 106 106
98 98 98 98
81 81 81 81
120 120 120 120
107 107 107 107
120 120 120 120
95 95 95 95
86 86 86 86
116 116 116 116
118 118 118 118
120 120 120 120
101 101 101 101
120 120 120 120
120 120 120 120
117 117 117 117
120 120 120 120
72 72 72 72
120 120 120 120
104 104 104 104
117 117 117 117
118 118 118 118
117 117 117 117
118 118 118 118
120 120 120 120
120 120 120 120
117 117 117 117
108 108 108 108
120 120 120 120
120 120 120 120
119 119 119 119
117 117 117 117
116 116 116 116
120 120 120 120
118 118 120 120
120 120 120 120
119 119 119 119
120 120 120 120
113 113 113 113
119 119 119 119
120 120 120 120
120 120 120 120
120 120 120 120
120 120 120 120
119 119 119 119
114 114 114 114
120 120 120 120
111 111 111 111
120 120 120 120
119 119 119 119
119 119 119 119
119 119 119 119
119 119 119 119
103 103 103 103
113 113 113 113
118 118 118 118
115 115 115 115
118 118 118 118
120 120 120 120
116 116 116 116
119 119 119 119
83 83 83 83
96 96 95 95
120 120 120 120
120 120 120 120
120 120 120 120
117 117 117 117
120 120 120 120
120 120 120 120
116 116 116 116
114 114 114 114
110 110 110 110
120 120 120 120
118 118 117 117
117 117 117 117
120 120 120 120
117 117 117 117
116 116 116 116
107 107 107 107
117 117 117 117
119 119 119 119
119 119 119 119
116 116 116 116
105 105 105 105
108 108 108 108
75 75 75 75
70 70 70 70
109 109 109 109
92 92 93 93
104 104 104 104
106 106 106 106
117 117 117 117
114 114 114 114
80 80 80 80
116 116 116 116
98 98 99 99
118 118 118 118
116 116 116 116
103 103 103 103
119 119 119 119
116 116 116 116
116 116 116 116
119 119 119 119
109 109 109 109
104 104 106 106
115 115 115 115
117 117 117 117
118 118 118 118
118 118 118 118
117 117 117 117
119 119 119 119
119 119 119 119
111 111 111 111
114 114 117 117
118 118 118 118
120 120 120 120
120 120 120 120

120 120 120 120
64 64 64 64
120 120 120 120
84 84 84 84
105 105 105 105
116 116 116 116
116 116 116 116
120 120 120 120
84 84 84 84
61 61 61 61
120 120 120 120
74 74 74 74
104 104 104 104
98 98 98 98
78 78 78 78
120 120 120 120
106 106 106 106
120 120 120 120
96 96 96 96
88 88 88 88
116 116 116 116
118 118 118 118
120 120 120 120
104 104 104 104
120 120 120 120
120 120 120 120
117 117 117 117
120 120 120 120
76 76 76 76
120 120 120 120
105 105 105 105
116 116 116 116
118 118 118 118
117 117 117 117
118 118 118 118
120 120 120 120
120 120 120 120
117 117 117 117
107 107 107 107
120 120 120 120
120 120 120 120
111 111 111 111
118 118 118 118
118 118 118 118
120 120 120 120
119 119 120 120
120 120 120 120
119 119 119 119
120 120 120 120
112 112 112 112
120 120 120 120
120 120 120 120
120 120 120 120
120 120 120 120
120 120 120 120
119 119 119 119
114 114 114 114
120 120 120 120
110 110 110 110
120 120 120 120
119 119 119 119
120 120 120 120
120 120 120 120
120 120 120 120
103 103 103 103
114 114 114 114
118 118 118 118
115 115 115 115
118 118 118 118
120 120 120 120
117 117 117 117
120 120 120 120
92 92 92 92
108 108 107 107
120 120 120 120
120 120 120 120
120 120 120 120
118 118 118 118
120 120 120 120
120 120 120 120
120 120 120 120
120 120 120 120
116 116 116 116
120 120 120 120
119 119 118 118
118 118 118 118
120 120 120 120
118 118 118 118
116 116 116 116
107 107 107 107
117 117 117 117
119 119 119 119
119 119 119 119
116 116 116 116
104 104 104 104
108 108 108 108
73 73 73 73
64 64 64 64
109 109 109 109
91 91 92 92
104 104 104 104
104 104 104 104
116 116 116 116
114 114 114 114
76 76 76 76
116 116 116 116
96 96 97 97
118 118 118 118
116 116 116 116
103 103 103 103
119 119 119 119
116 116 116 116
116 116 116 116
119 119 119 119
109 109 109 109
104 104 106 106
115 115 115 115
116 116 116 116
118 118 118 118
118 118 118 118
117 117 117 117
119 119 119 119
119 119 119 119
110 110 110 110
114 114 117 117
118 118 118 118
119 119 119 119
120 120 120 120

