2 2 15 15

2 2 15 15

2 2 12 12

2 2 8 8

2 2 5 5

2 2 5 5

3 3 5 5

3 3 8 8

3 3 8 8

3 3 8 8

3 3 7 7

3 3 3 3

3 3 3 3

3 3 6 6

3 3 6 6

3 3 6 6

3 3 6 6

3 3 4 4

5 5 4 4

5 5 4 4

5 5 4 4

5 5 5 5

3 3 5 5

5 5 7 7

6 6 11 11

6 6 15 15

6 6 16 16

5 5 13 13

5 5 10 10

5 5 11 11

4 4 11 11

3 3 9 9

5 5 8 8

7 7 12 12

7 7 16 16

7 7 20 20

6 6 17 17

3 3 13 13

3 3 10 10

2 2 14 14

2 2 15 15

4 4 13 13

4 4 10 10

4 4 14 14

7 7 18 18

7 7 20 20

7 7 20 20

9 9 20 20

13 13 20 20

17 17 20 20

18 18 20 20

14 14 20 20

10 10 17 17

6 6 13 13

2 2 9 9

6 6 6 6

9 9 10 10

9 9 14 14

9 9 18 18

7 7 19 19

5 5 15 15

8 8 11 11

9 9 12 12

9 9 15 15

9 9 15 15

6 6 11 11

10 10 12 12

11 11 16 16

11 11 20 20

9 9 20 20

6 6 20 20

6 6 20 20

6 6 18 18

5 5 14 14

5 5 10 10

9 9 13 13

10 10 17 17

10 10 20 20

9 9 20 20

8 8 20 20

8 8 20 20

8 8 20 20

8 8 16 16

5 5 12 12

5 5 11 11

5 5 15 15

5 5 19 19

5 5 20 20

5 5 20 20

8 8 20 20

8 8 20 20

8 8 20 20

11 11 20 20

11 11 20 20

11 11 20 20

12 12 20 20

12 12 16 16

12 12 12 12

8 8 8 8

4 4 4 4

1 1 3 3

3 3 3 3

