0.4714045207910317 0.4714045207910317 0.0 0.0

0.45175395145262565 0.45175395145262565 7.0 7.0

0.4000000000000001 0.4000000000000001 5.185449728701348 5.185449728701348

0.4 0.4 2.8674417556808756 2.8674417556808756

0.4 0.4 1.7853571071357126 1.7853571071357126

0.4330127018922193 0.4330127018922193 1.7320508075688772 1.7320508075688772

0.82915619758885 0.82915619758885 1.8856180831641267 1.8856180831641267

0.7483314773547883 0.7483314773547883 2.8674417556808756 2.8674417556808756

0.8 0.8 3.5 3.5

0.82915619758885 0.82915619758885 0.0 0.0

0.7483314773547883 0.7483314773547883 2.0 2.0

0.816496580927726 0.816496580927726 0.0 0.0

0.9428090415820634 0.9428090415820634 0.0 0.0

0.816496580927726 0.816496580927726 1.5 1.5

1.0 1.0 1.8708286933869707 1.8708286933869707

0.8660254037844386 0.8660254037844386 2.0615528128088303 2.0615528128088303

0.8 0.8 1.920286436967152 1.920286436967152

0.8944271909999159 0.8944271909999159 1.019803902718557 1.019803902718557

1.5491933384829668 1.5491933384829668 1.3564659966250536 1.3564659966250536

1.4696938456699071 1.4696938456699071 1.224744871391589 1.224744871391589

1.4624940645653537 1.4624940645653537 1.0954451150103321 1.0954451150103321

1.32664991614216 1.32664991614216 1.4142135623730951 1.4142135623730951

0.8329931278350429 0.8329931278350429 1.3844373104863459 1.3844373104863459

1.3844373104863459 1.3844373104863459 1.920286436967152 1.920286436967152

1.8330302779823362 1.8330302779823362 3.7416573867739413 3.7416573867739413

1.8973665961010275 1.8973665961010275 6.377042156569663 6.377042156569663

2.2271057451320084 2.2271057451320084 7.0 7.0

1.6393596310755 1.6393596310755 3.5 3.5

1.674979270186815 1.674979270186815 0.5 0.5

1.7435595774162693 1.7435595774162693 3.0 3.0

1.2000000000000002 1.2000000000000002 5.0 5.0

0.7637626158259734 0.7637626158259734 2.5 2.5

1.5491933384829668 1.5491933384829668 1.5 1.5

2.48746859276655 2.48746859276655 5.5 5.5

2.277608394786075 2.277608394786075 0.0 0.0

2.277608394786075 2.277608394786075 0.0 0.0

1.9595917942265424 1.9595917942265424 7.5 7.5

0.7453559924999299 0.7453559924999299 3.5 3.5

0.74535599249993 0.74535599249993 0.5 0.5

0.5 0.5 4.5 4.5

0.5 0.5 6.377042156569663 6.377042156569663

1.0 1.0 3.5 3.5

1.0 1.0 0.5 0.5

1.2000000000000002 1.2000000000000002 4.5 4.5

2.29128784747792 2.29128784747792 8.5 8.5

2.244994432064365 2.244994432064365 0.0 0.0

2.384848003542364 2.384848003542364 0.0 0.0

3.39934634239519 3.39934634239519 0.0 0.0

5.2493385826745405 5.2493385826745405 0.0 0.0

8.0 8.0 0.0 0.0

0.0 0.0 0.0 0.0

6.0 6.0 0.0 0.0

4.0276819911981905 4.0276819911981905 8.0 8.0

2.160246899469287 2.160246899469287 6.0 6.0

0.4330127018922193 0.4330127018922193 3.559026084010437 3.559026084010437

2.160246899469287 2.160246899469287 2.160246899469287 2.160246899469287

4.0 4.0 4.242640687119285 4.242640687119285

3.7712361663282534 3.7712361663282534 0.0 0.0

3.2691742076555053 3.2691742076555053 0.0 0.0

2.598076211353316 2.598076211353316 0.0 0.0

1.6 1.6 5.5 5.5

2.947456530637899 2.947456530637899 1.5 1.5

2.0 2.0 2.5 2.5

3.39934634239519 3.39934634239519 6.0 6.0

3.0912061651652345 3.0912061651652345 5.5 5.5

1.247219128924647 1.247219128924647 1.5 1.5

3.8586123009300755 3.8586123009300755 2.5 2.5

4.320493798938574 4.320493798938574 6.5 6.5

4.205650960315181 4.205650960315181 0.0 0.0

3.418698582794336 3.418698582794336 0.0 0.0

2.039607805437114 2.039607805437114 0.0 0.0

2.227105745132009 2.227105745132009 0.0 0.0

2.0976176963403033 2.0976176963403033 8.5 8.5

1.4142135623730951 1.4142135623730951 4.5 4.5

1.299038105676658 1.299038105676658 0.5 0.5

2.9154759474226504 2.9154759474226504 3.5 3.5

3.5355339059327378 3.5355339059327378 7.5 7.5

3.559026084010437 3.559026084010437 0.0 0.0

2.6246692913372702 2.6246692913372702 0.0 0.0

2.0548046676563256 2.0548046676563256 0.0 0.0

2.692582403567252 2.692582403567252 0.0 0.0

2.638181191654584 2.638181191654584 0.0 0.0

2.6076809620810595 2.6076809620810595 6.5 6.5

1.5986105077709065 1.5986105077709065 2.5 2.5

1.4624940645653537 1.4624940645653537 1.5 1.5

1.49071198499986 1.49071198499986 5.5 5.5

1.2649110640673518 1.2649110640673518 0.0 0.0

1.3844373104863459 1.3844373104863459 0.0 0.0

1.0 1.0 0.0 0.0

2.0548046676563256 2.0548046676563256 0.0 0.0

1.699673171197595 1.699673171197595 0.0 0.0

2.8284271247461903 2.8284271247461903 0.0 0.0

2.0 2.0 0.0 0.0

3.559026084010437 3.559026084010437 0.0 0.0

1.5 1.5 0.0 0.0

2.5 2.5 0.0 0.0

4.784233364802441 4.784233364802441 6.5 6.5

5.185449728701348 5.185449728701348 4.784233364802441 4.784233364802441

3.031088913245535 3.031088913245535 2.692582403567252 2.692582403567252

1.299038105676658 1.299038105676658 1.16619037896906 1.16619037896906

0.0 0.0 0.7483314773547883 0.7483314773547883

0.9428090415820634 0.9428090415820634 0.7483314773547883 0.7483314773547883

