11 15752 11 9512

152 116765 10522 13195865

152 116765 11398 14311588

152 116765 11398 14311588

152 116765 11398 14311588

152 116765 11398 14311588

114 86410 11398 14311588

114 86410 5396 6757998

114 86410 5396 6757998

63 42272 1529 1884629

6 3358 28 22870

9 5437 53 41828

9 5437 53 41828

9 5437 53 41828

9 5437 53 41828

9 6257 53 41828

9 6257 18 16704

9 6257 45 35384

9 6564 45 35384

9 6564 45 35384

8 6564 45 35384

8 6564 45 35384

8 6564 5 3556

1 570 3 2991

2 1936 3 2991

2 1936 3 2991

2 1936 1 266

2 1936 1 266

2 1936 1 266

7 8834 732 919280

11 9597 732 919280

11 9597 732 919280

11 9597 732 919280

11 9597 732 919280

11 9597 694 869926

2 1757 0 0

6 8378 1 859

6 8378 1 859

6 8378 1 859

6 8378 1 859

6 8378 1 859

2 944 1 185

2 2346 1 185

2 2346 1 185

2 2346 1 185

2 2346 0 0

2 2346 0 0

1 570 0 0

1 570 0 0

1 570 0 0

2 928 0 0

2 1432 0 0

82 59978 1899 2352171

111 88763 6670 8357691

111 88763 8898 11192457

111 88763 8898 11192457

111 88763 8898 11192457

111 88763 8898 11192457

81 55981 8898 11192457

9 12114 1 859

9 12114 1 859

9 12114 1 859

9 12114 1 859

9 12114 6 5992

3 3927 6 5992

3 3927 6 5992

3 3927 6 5992

3 1904 6 5992

1 1374 0 0

1 1374 0 0

1 1374 0 0

1 1374 0 0

1 1374 1 185

1 666 1 185

1 666 1 185

1 666 1 185

3 2245 1 185

3 2245 0 0

3 2245 0 0

3 2245 0 0

3 2245 0 0

1 504 0 0

9 11858 1 860

9 11858 1 860

9 11858 1 860

9 11858 1 860

9 11858 1 860

2 1691 0 0

2 1691 0 0

2 1691 0 0

2 1691 0 0

2 1691 0 0

1 542 0 0

1 542 0 0

1 542 0 0

1 542 0 0

7 10024 1 860

103 85297 1951 2400351

103 85297 1951 2400351

103 85297 1951 2400351

103 85297 1951 2400351

103 85297 1951 2400351

