8 8 15 15

9 9 16 16

6 6 14 14

6 6 14 14

6 6 11 11

5 5 8 8

7 7 11 11

9 9 13 13

8 8 9 9

7 7 8 8

9 9 10 10

6 6 6 6

5 5 6 6

6 6 9 9

8 8 12 12

6 6 10 10

8 8 13 13

10 10 13 13

10 10 12 12

11 11 12 12

13 13 15 15

14 14 15 15

13 13 15 15

15 15 17 17

14 14 18 18

15 15 18 18

14 14 18 18

15 15 19 19

13 13 19 19

12 12 16 16

8 8 12 12

9 9 13 13

10 10 13 13

11 11 13 13

13 13 16 16

13 13 20 20

12 12 19 19

10 10 19 19

10 10 19 19

9 9 19 19

12 12 18 18

12 12 19 19

12 12 19 19

13 13 19 19

14 14 19 19

13 13 20 20

15 15 20 20

17 17 20 20

17 17 20 20

18 18 20 20

18 18 20 20

16 16 20 20

13 13 18 18

9 9 14 14

7 7 12 12

9 9 12 12

10 10 12 12

11 11 14 14

15 15 18 18

14 14 19 19

14 14 19 19

15 15 19 19

14 14 19 19

13 13 18 18

14 14 19 19

14 14 19 19

14 14 19 19

15 15 19 19

15 15 20 20

17 17 20 20

16 16 20 20

14 14 20 20

15 15 19 19

15 15 19 19

15 15 19 19

16 16 19 19

16 16 19 19

15 15 20 20

16 16 20 20

16 16 20 20

14 14 20 20

14 14 20 20

15 15 19 19

14 14 19 19

13 13 19 19

14 14 19 19

15 15 19 19

15 15 20 20

16 16 20 20

16 16 20 20

17 17 20 20

18 18 20 20

18 18 20 20

18 18 20 20

19 19 20 20

19 19 20 20

16 16 19 19

14 14 16 16

11 11 14 14

7 7 11 11

3 3 9 9

5 5 9 9

