2.5782746168707478 3426.468292571814 2.758622844826744 2311.2724114651646

34.11374356472769 26261.32041667936 2305.1331176311705 2890725.4835537616

42.603843723307406 33170.65252086549 4106.881511256442 5159300.320409209

42.57886799810441 33120.88515740484 4106.8815112564425 5159300.320409209

48.37899854275613 37614.64181841294 4094.6988643855116 5143634.702846948

47.213769178069235 36524.24613907178 4039.5928185895173 5075393.930043057

40.45849725335828 31506.121718485116 3680.4175293028925 4625776.54888567

33.17118478438779 25329.093062918768 1324.9767394184703 1658363.483778508

32.95493134570303 25273.367706490946 1323.740008460876 1657322.337518683

13.983829947478624 9595.66143355944 358.1202696022663 442738.96569790423

2.1118712081942874 822.1917659524449 10.214695296483395 8614.967822923078

2.8191310718020897 1505.1579452004364 13.907821540413869 11324.440662898101

2.74727137356323 1482.116506891412 13.907821540413869 11350.921087184954

2.80178514522438 1441.5492152541997 13.78577165050981 11178.709515301849

2.650943228362313 1473.6504198757586 12.342102738188496 9848.610274932196

3.0045798375147235 1854.5858135982817 12.5708989336483 10172.553703962445

2.268810260907686 1549.9913636856172 4.663421490708297 4313.189641958721

2.6095976701399772 1576.1382704255361 10.444496158264409 8508.714496767418

2.940663190506522 2007.4686074755937 10.427247959073384 8486.145327974298

2.9372606285449034 2016.3143325136584 10.440785411069415 8491.303450442694

2.471841418861655 1649.3079298602795 10.024345365159762 7980.763829985193

2.2242976419535228 1448.2697573311398 9.771770566279173 7694.183701179739

1.7349351572897478 1418.9369075120999 1.2439855304624725 978.5302959029932

0.4330127018922193 193.75967072639236 0.698212002188447 650.0541592821323

0.66332495807108 438.6384017616333 0.6782329983125264 651.0907847604662

0.653834841531101 440.56133511691644 0.6782329983125264 651.0907847604662

0.66332495807108 436.6332442680012 0.30000000000000004 72.59922520247717

0.6538348415311009 432.07891640301085 0.21794494717703364 57.97335594909096

0.6689544080129826 439.69865817398164 0.2179449471770336 57.97335594909096

1.6815171720800237 1987.7221756321985 159.50168494407825 200335.5680553194

2.7363296585024255 2736.515252561184 213.20644338293343 267690.5757589161

2.758622844826744 2746.3021843016477 213.22373226261658 267695.1706039727

2.7798381247835278 2750.030225288442 213.22373226261658 267695.1706039727

2.8000000000000007 2764.5767053927075 213.22373226261658 267695.17060397274

2.459166525471588 2083.5795377186837 150.90543396445338 189243.54046029542

0.5830951894845301 397.81484072367135 0.0 0.0

1.3453624047073711 1828.9102568196176 0.21794494717703367 187.21470962507192

1.32664991614216 1821.4116091647159 0.21794494717703364 187.21470962507192

1.32664991614216 1821.4116091647159 0.2179449471770336 187.21470962507195

1.3379088160259653 1816.2310590891238 0.21794494717703358 187.21470962507195

1.345362404707371 1809.6337329691883 0.30000000000000004 189.42138210877874

0.6708203932499369 261.27959640966986 0.21794494717703364 40.31981522775123

0.7399324293474371 540.3855938124184 0.2179449471770336 40.31981522775123

0.7416198487095663 542.9703030553328 0.21794494717703358 40.31981522775123

0.66332495807108 534.8814728516963 0.21794494717703355 40.31981522775123

0.6689544080129826 541.1161058405118 0.0 0.0

0.5567764362830021 520.296876792471 0.0 0.0

0.3570714214271425 158.67863750360348 0.0 0.0

0.35707142142714243 158.67863750360348 0.0 0.0

0.30000000000000004 157.06619623585456 0.0 0.0

0.4769696007084729 203.7483742266426 0.0 0.0

0.5361902647381804 366.9708980287129 0.0 0.0

17.800210672910588 13023.952583989241 413.8660411292524 512633.9650314345

29.436372059070052 23013.709345735642 1502.7063410726662 1881448.1359042986

32.57974831087558 24832.414097052668 2384.7384259075457 2995453.127467598

32.66018217952864 24863.122470588845 2384.7384259075457 2995453.127467598

32.68730640478044 24909.426518639484 2384.7384259075457 2995453.1274675983

29.36426399554397 22702.93884252653 2389.6849708695913 3002136.152493748

18.251780735040615 12978.511372553472 2013.5972108393462 2532873.98757895

2.2135943621178655 2682.7998714030086 0.21794494717703367 187.21470962507192

2.2135943621178655 2682.7998714030086 0.21794494717703364 187.21470962507192

2.2242976419535228 2685.405405148354 0.2179449471770336 187.21470962507195

2.2135943621178655 2736.0981086211073 0.2179449471770336 187.21470962507195

2.2422087324778666 2733.8773454564493 1.3143439428094916 1309.4872078412984

0.9219544457292888 922.2668865355623 1.3076696830622023 1305.9261234847854

0.9219544457292888 922.2668865355624 1.3076696830622025 1305.9261234847852

0.9219544457292888 922.2668865355624 1.307669683062203 1305.9261234847852

0.7262919523166976 432.1744873312167 1.3076696830622032 1305.9261234847852

0.4330127018922193 329.4643948896451 0.0 0.0

0.3570714214271425 313.1685608422403 0.0 0.0

0.4000000000000001 335.13225374469704 0.0 0.0

0.4582575694955839 356.92050585529546 0.0 0.0

0.4330127018922193 351.86833830283734 0.21794494717703367 40.31981522775123

0.4330127018922193 235.64976129841506 0.21794494717703364 40.31981522775123

0.4330127018922193 235.64976129841506 0.2179449471770336 40.31981522775123

0.4000000000000001 201.53347116546178 0.2179449471770336 40.31981522775123

0.714142842854285 494.3226072111208 0.21794494717703355 40.31981522775123

0.7262919523166975 497.5869371275737 0.0 0.0

0.714142842854285 492.62402245525954 0.0 0.0

0.714142842854285 492.62402245525965 0.0 0.0

0.7348469228349535 493.9123808936156 0.0 0.0

0.45825756949558394 170.90976420321923 0.0 0.0

1.9563997546513852 2573.6105882592256 0.21794494717703367 187.43265457224896

1.9519221295943134 2571.67381825534 0.21794494717703364 187.43265457224896

1.9461500456028564 2567.481791074671 0.2179449471770336 187.43265457224896

1.951922129594313 2571.4983156712356 0.21794494717703358 187.43265457224896

1.9563997546513852 2573.4943287289375 0.21794494717703355 187.43265457224896

0.5567764362830021 384.23670764256764 0.0 0.0

0.5361902647381804 385.5990923225831 0.0 0.0

0.5361902647381804 376.74273383835816 0.0 0.0

0.5099019513592785 377.55521450511037 0.0 0.0

0.47696960070847283 368.48915859221717 0.0 0.0

0.30000000000000004 122.09253662693719 0.0 0.0

0.30000000000000004 122.09253662693719 0.0 0.0

0.2179449471770336 118.1261613699522 0.0 0.0

0.2179449471770336 118.12616136995219 0.0 0.0

1.5329709716755893 2176.496346769275 0.21794494717703367 187.43265457224896

30.548158700648393 24326.33207534584 571.2300674859473 703662.6445928048

31.05040257387978 25118.87011446773 570.3769455368968 702871.2140094709

30.74975609659368 24988.036486036668 567.8344741207599 700026.403287724

30.26363329146056 24457.026693518983 567.4144957612557 699696.8146489217

30.333809520071828 24546.618902559672 567.3431501305008 699641.9720864005

