1 1 15 15

1 1 1 1

1 1 1 1

1 1 1 1

1 1 1 1

1 1 1 1

1 1 1 1

1 1 1 1

1 1 1 1

1 1 8 8

1 1 3 3

1 1 3 3

1 1 3 3

1 1 3 3

1 1 1 1

1 1 1 1

1 1 1 1

1 1 1 1

1 1 1 1

1 1 1 1

1 1 1 1

1 1 1 1

1 1 1 1

1 1 2 2

1 1 2 2

1 1 1 1

1 1 2 2

1 1 6 6

1 1 9 9

1 1 5 5

1 1 1 1

1 1 4 4

1 1 5 5

1 1 1 1

1 1 16 16

1 1 20 20

1 1 2 2

1 1 6 6

1 1 9 9

1 1 5 5

1 1 1 1

1 1 6 6

1 1 9 9

1 1 5 5

1 1 1 1

1 1 20 20

1 1 20 20

1 1 20 20

1 1 20 20

1 1 20 20

18 18 20 20

2 2 20 20

1 1 1 1

1 1 1 1

1 1 1 1

1 1 1 1

1 1 1 1

1 1 14 14

1 1 18 18

1 1 19 19

1 1 4 4

1 1 8 8

5 5 7 7

1 1 3 3

2 2 4 4

3 3 8 8

1 1 7 7

1 1 3 3

1 1 20 20

1 1 20 20

1 1 20 20

1 1 20 20

1 1 1 1

1 1 5 5

2 2 9 9

2 2 6 6

1 1 2 2

2 2 20 20

3 3 20 20

3 3 20 20

1 1 20 20

1 1 20 20

1 1 3 3

1 1 7 7

1 1 8 8

1 1 4 4

1 1 19 19

1 1 20 20

3 3 20 20

3 3 20 20

4 4 20 20

2 2 20 20

7 7 20 20

3 3 20 20

8 8 20 20

7 7 20 20

1 1 3 3

1 1 1 1

1 1 1 1

1 1 1 1

1 1 1 1

1 1 1 1

