1.55 1247.8 1.3 996.8

11.45 9150.15 614.9 770425.35

22.75 18447.8 2144.45 2693371.2

22.8 18545.3 2144.45 2693371.2

33.65 26518.35 2569.1 3224566.7

38.4 29854.35 2681.6 3363346.3

27.9 21722.6 2066.9 2593080.15

16.65 12481.1 537.2 670018.1

17.15 12607.35 540.3 672624.1

6.55 4039.55 119.85 144941.5

1.8 628.0 7.4 6172.1

2.95 1215.4 11.85 9701.65

3.05 1283.4 11.85 9668.85

2.5 1077.6 8.95 7113.85

1.85 911.2 4.85 3622.55

2.35 1233.6 5.85 4560.8

1.55 929.35 2.05 1623.25

1.7 865.45 4.25 3382.25

2.05 1131.3 4.35 3522.35

1.85 1098.75 4.3 3508.75

1.3 766.95 3.25 2560.3

0.95 487.1 2.75 2117.85

0.7 435.55 0.55 359.4

0.25 98.7 0.25 168.3

0.4 188.55 0.2 160.3

0.35 179.9 0.2 160.3

0.4 186.1 0.1 24.05

0.35 160.9 0.05 13.3

0.45 211.3 0.05 13.3

0.85 701.95 36.75 46037.95

1.75 1301.35 74.25 92621.4

1.7 1275.25 74.2 92608.1

1.65 1266.6 74.2 92608.1

1.6 1224.8 74.2 92608.1

1.05 645.1 37.5 46583.45

0.4 175.95 0.0 0.0

0.7 594.85 0.05 42.95

0.8 629.5 0.05 42.95

0.8 629.5 0.05 42.95

0.9 655.2 0.05 42.95

0.7 533.55 0.1 52.2

0.5 161.85 0.05 9.25

0.55 253.1 0.05 9.25

0.5 244.5 0.05 9.25

0.4 198.9 0.05 9.25

0.45 242.4 0.0 0.0

0.3 186.6 0.0 0.0

0.15 60.7 0.0 0.0

0.15 60.7 0.0 0.0

0.1 52.1 0.0 0.0

0.15 55.0 0.0 0.0

0.25 148.6 0.0 0.0

4.45 3242.7 95.0 117651.5

13.0 10308.5 525.95 656546.2

18.4 14305.75 1120.8 1404824.3

18.25 14250.75 1120.8 1404824.3

18.2 14165.75 1120.8 1404824.3

14.2 11230.25 1025.8 1287172.8

5.65 4164.45 594.85 748278.1

1.0 903.5 0.05 42.95

1.0 903.5 0.05 42.95

0.95 894.9 0.05 42.95

1.0 968.2 0.05 42.95

1.15 1063.4 0.35 342.55

0.5 374.3 0.3 299.6

0.5 374.3 0.3 299.6

0.5 374.3 0.3 299.6

0.35 176.25 0.3 299.6

0.25 149.75 0.0 0.0

0.15 102.55 0.0 0.0

0.2 135.85 0.0 0.0

0.3 193.55 0.0 0.0

0.25 168.35 0.05 9.25

0.25 125.7 0.05 9.25

0.25 125.7 0.05 9.25

0.2 92.4 0.05 9.25

0.3 155.6 0.05 9.25

0.35 179.2 0.0 0.0

0.3 153.15 0.0 0.0

0.3 153.15 0.0 0.0

0.4 184.6 0.0 0.0

0.3 97.55 0.0 0.0

0.65 658.2 0.05 43.0

0.7 666.85 0.05 43.0

0.75 692.05 0.05 43.0

0.7 669.25 0.05 43.0

0.65 659.8 0.05 43.0

0.3 151.45 0.0 0.0

0.25 142.8 0.0 0.0

0.25 126.25 0.0 0.0

0.2 117.6 0.0 0.0

0.15 93.2 0.0 0.0

0.1 35.75 0.0 0.0

0.1 35.75 0.0 0.0

0.05 27.1 0.0 0.0

0.05 27.1 0.0 0.0

0.5 560.55 0.05 43.0

11.1 9208.6 190.9 234782.6

13.65 11739.35 193.8 237390.45

15.55 13597.65 204.1 248787.45

16.75 14804.25 205.3 249732.95

16.6 14527.95 205.5 249888.05

