1.3333333333333333 1.3333333333333333 15.0 15.0

1.2857142857142858 1.2857142857142858 8.0 8.0

1.2 1.2 4.666666666666667 4.666666666666667

1.2 1.2 4.666666666666667 4.666666666666667

1.2 1.2 2.75 2.75

1.25 1.25 2.0 2.0

1.75 1.75 3.6666666666666665 3.6666666666666665

1.8 1.8 4.333333333333333 4.333333333333333

1.6 1.6 4.5 4.5

1.75 1.75 8.0 8.0

1.8 1.8 5.0 5.0

2.0 2.0 3.0 3.0

1.6666666666666667 1.6666666666666667 3.0 3.0

2.0 2.0 4.5 4.5

2.0 2.0 3.0 3.0

1.5 1.5 2.5 2.5

1.6 1.6 3.25 3.25

2.0 2.0 2.6 2.6

2.0 2.0 2.4 2.4

2.2 2.2 3.0 3.0

2.1666666666666665 2.1666666666666665 3.0 3.0

2.8 2.8 3.0 3.0

1.8571428571428572 1.8571428571428572 2.5 2.5

2.5 2.5 4.25 4.25

2.8 2.8 6.0 6.0

3.0 3.0 6.0 6.0

2.8 2.8 9.0 9.0

3.75 3.75 9.5 9.5

2.1666666666666665 2.1666666666666665 9.5 9.5

2.4 2.4 8.0 8.0

1.6 1.6 6.0 6.0

1.5 1.5 6.5 6.5

2.0 2.0 6.5 6.5

2.75 2.75 6.5 6.5

3.25 3.25 16.0 16.0

3.25 3.25 20.0 20.0

2.4 2.4 9.5 9.5

1.6666666666666667 1.6666666666666667 9.5 9.5

1.6666666666666667 1.6666666666666667 9.5 9.5

1.5 1.5 9.5 9.5

1.5 1.5 6.0 6.0

2.0 2.0 9.5 9.5

2.0 2.0 9.5 9.5

2.6 2.6 9.5 9.5

3.5 3.5 9.5 9.5

2.6 2.6 20.0 20.0

3.75 3.75 20.0 20.0

5.666666666666667 5.666666666666667 20.0 20.0

5.666666666666667 5.666666666666667 20.0 20.0

9.0 9.0 20.0 20.0

18.0 18.0 20.0 20.0

8.0 8.0 20.0 20.0

4.333333333333333 4.333333333333333 9.0 9.0

3.0 3.0 7.0 7.0

1.75 1.75 4.0 4.0

3.0 3.0 4.0 4.0

5.0 5.0 4.0 4.0

3.6666666666666665 3.6666666666666665 14.0 14.0

3.75 3.75 18.0 18.0

3.5 3.5 19.0 19.0

2.8 2.8 9.5 9.5

3.75 3.75 9.5 9.5

7.0 7.0 9.5 9.5

4.333333333333333 4.333333333333333 9.0 9.0

4.666666666666667 4.666666666666667 9.5 9.5

4.666666666666667 4.666666666666667 9.5 9.5

4.666666666666667 4.666666666666667 9.5 9.5

5.0 5.0 9.5 9.5

3.75 3.75 20.0 20.0

4.25 4.25 20.0 20.0

3.2 3.2 20.0 20.0

2.8 2.8 20.0 20.0

3.0 3.0 9.5 9.5

3.0 3.0 9.5 9.5

3.75 3.75 9.5 9.5

4.0 4.0 9.5 9.5

4.0 4.0 9.5 9.5

5.0 5.0 20.0 20.0

5.333333333333333 5.333333333333333 20.0 20.0

5.333333333333333 5.333333333333333 20.0 20.0

3.5 3.5 20.0 20.0

2.8 2.8 20.0 20.0

3.0 3.0 9.5 9.5

2.3333333333333335 2.3333333333333335 9.5 9.5

2.1666666666666665 2.1666666666666665 9.5 9.5

2.3333333333333335 2.3333333333333335 9.5 9.5

3.0 3.0 19.0 19.0

2.5 2.5 20.0 20.0

4.0 4.0 20.0 20.0

5.333333333333333 5.333333333333333 20.0 20.0

5.666666666666667 5.666666666666667 20.0 20.0

6.0 6.0 20.0 20.0

9.0 9.0 20.0 20.0

6.0 6.0 20.0 20.0

9.5 9.5 20.0 20.0

9.5 9.5 20.0 20.0

5.333333333333333 5.333333333333333 9.5 9.5

4.666666666666667 4.666666666666667 5.333333333333333 5.333333333333333

2.75 2.75 3.5 3.5

1.75 1.75 2.2 2.2

1.0 1.0 1.8 1.8

1.6666666666666667 1.6666666666666667 1.8 1.8

