31 24956 26 19936

229 183003 12298 15408507

455 368956 42889 53867424

456 370906 42889 53867424

673 530367 51382 64491334

768 597087 53632 67266926

558 434452 41338 51861603

333 249622 10744 13400362

343 252147 10806 13452482

131 80791 2397 2898830

36 12560 148 123442

59 24308 237 194033

61 25668 237 193377

50 21552 179 142277

37 18224 97 72451

47 24672 117 91216

31 18587 41 32465

34 17309 85 67645

41 22626 87 70447

37 21975 86 70175

26 15339 65 51206

19 9742 55 42357

14 8711 11 7188

5 1974 5 3366

8 3771 4 3206

7 3598 4 3206

8 3722 2 481

7 3218 1 266

9 4226 1 266

17 14039 735 920759

35 26027 1485 1852428

34 25505 1484 1852162

33 25332 1484 1852162

32 24496 1484 1852162

21 12902 750 931669

8 3519 0 0

14 11897 1 859

16 12590 1 859

16 12590 1 859

18 13104 1 859

14 10671 2 1044

10 3237 1 185

11 5062 1 185

10 4890 1 185

8 3978 1 185

9 4848 0 0

6 3732 0 0

3 1214 0 0

3 1214 0 0

2 1042 0 0

3 1100 0 0

5 2972 0 0

89 64854 1900 2353030

260 206170 10519 13130924

368 286115 22416 28096486

365 285015 22416 28096486

364 283315 22416 28096486

284 224605 20516 25743456

113 83289 11897 14965562

20 18070 1 859

20 18070 1 859

19 17898 1 859

20 19364 1 859

23 21268 7 6851

10 7486 6 5992

10 7486 6 5992

10 7486 6 5992

7 3525 6 5992

5 2995 0 0

3 2051 0 0

4 2717 0 0

6 3871 0 0

5 3367 1 185

5 2514 1 185

5 2514 1 185

4 1848 1 185

6 3112 1 185

7 3584 0 0

6 3063 0 0

6 3063 0 0

8 3692 0 0

6 1951 0 0

13 13164 1 860

14 13337 1 860

15 13841 1 860

14 13385 1 860

13 13196 1 860

6 3029 0 0

5 2856 0 0

5 2525 0 0

4 2352 0 0

3 1864 0 0

2 715 0 0

2 715 0 0

1 542 0 0

1 542 0 0

10 11211 1 860

222 184172 3818 4695652

273 234787 3876 4747809

311 271953 4082 4975749

335 296085 4106 4994659

332 290559 4110 4997761

