1.0 1.0 15.0 15.0

1.0 1.0 8.0 8.0

1.0 1.0 1.0 1.0

1.0 1.0 5.0 5.0

1.0 1.0 2.5 2.5

1.0 1.0 1.0 1.0

1.5 1.5 5.0 5.0

2.0 2.0 4.0 4.0

1.0 1.0 4.5 4.5

1.5 1.5 8.0 8.0

2.0 2.0 5.0 5.0

2.0 2.0 3.0 3.0

1.0 1.0 3.0 3.0

2.0 2.0 4.5 4.5

2.0 2.0 2.5 2.5

1.0 1.0 1.5 1.5

1.0 1.0 3.0 3.0

2.0 2.0 3.0 3.0

1.0 1.0 2.0 2.0

2.0 2.0 3.5 3.5

1.5 1.5 3.0 3.0

3.0 3.0 3.0 3.0

2.0 2.0 2.5 2.5

2.5 2.5 4.0 4.0

3.0 3.0 5.0 5.0

3.0 3.0 2.0 2.0

1.0 1.0 9.0 9.0

4.5 4.5 9.5 9.5

1.0 1.0 9.5 9.5

1.0 1.0 8.0 8.0

1.0 1.0 6.0 6.0

1.0 1.0 6.5 6.5

1.0 1.0 6.5 6.5

1.5 1.5 6.5 6.5

2.5 2.5 16.0 16.0

2.5 2.5 20.0 20.0

1.0 1.0 9.5 9.5

1.5 1.5 9.5 9.5

1.5 1.5 9.5 9.5

1.5 1.5 9.5 9.5

1.5 1.5 2.0 2.0

2.0 2.0 9.5 9.5

2.0 2.0 9.5 9.5

2.0 2.0 9.5 9.5

3.0 3.0 9.5 9.5

2.0 2.0 20.0 20.0

3.5 3.5 20.0 20.0

7.0 7.0 20.0 20.0

3.0 3.0 20.0 20.0

9.0 9.0 20.0 20.0

18.0 18.0 20.0 20.0

8.0 8.0 20.0 20.0

2.0 2.0 9.0 9.0

2.0 2.0 7.0 7.0

2.0 2.0 2.0 2.0

2.0 2.0 5.0 5.0

5.0 5.0 1.0 1.0

1.0 1.0 14.0 14.0

2.5 2.5 18.0 18.0

3.0 3.0 19.0 19.0

3.0 3.0 9.5 9.5

3.0 3.0 9.5 9.5

7.0 7.0 9.5 9.5

3.0 3.0 9.0 9.0

3.0 3.0 9.5 9.5

5.0 5.0 9.5 9.5

3.0 3.0 9.5 9.5

3.0 3.0 9.5 9.5

1.5 1.5 20.0 20.0

3.5 3.5 20.0 20.0

3.0 3.0 20.0 20.0

1.0 1.0 20.0 20.0

2.0 2.0 9.5 9.5

3.0 3.0 9.5 9.5

4.0 4.0 9.5 9.5

2.5 2.5 9.5 9.5

2.5 2.5 9.5 9.5

3.0 3.0 20.0 20.0

4.0 4.0 20.0 20.0

5.0 5.0 20.0 20.0

2.5 2.5 20.0 20.0

2.0 2.0 20.0 20.0

2.0 2.0 9.5 9.5

1.5 1.5 9.5 9.5

1.5 1.5 9.5 9.5

2.0 2.0 9.5 9.5

3.0 3.0 19.0 19.0

2.5 2.5 20.0 20.0

4.0 4.0 20.0 20.0

5.0 5.0 20.0 20.0

5.0 5.0 20.0 20.0

8.0 8.0 20.0 20.0

9.0 9.0 20.0 20.0

4.0 4.0 20.0 20.0

9.5 9.5 20.0 20.0

9.5 9.5 20.0 20.0

3.0 3.0 9.5 9.5

1.0 1.0 3.0 3.0

1.0 1.0 2.5 2.5

1.0 1.0 2.0 2.0

1.0 1.0 2.0 2.0

1.0 1.0 2.0 2.0

