28.25 28.25 28.25 28.25
1.1176470588235294 1.1176470588235294 1.1176470588235294 1.1176470588235294
1.0555555555555556 1.0555555555555556 1.0810810810810811 1.0810810810810811
1.0833333333333333 1.0833333333333333 1.0833333333333333 1.0833333333333333
1.3142857142857143 1.3142857142857143 1.3428571428571427 1.3428571428571427
4.761904761904762 4.761904761904762 4.761904761904762 4.761904761904762
2.064516129032258 2.064516129032258 2.0 2.0
7.066666666666666 7.066666666666666 7.066666666666666 7.066666666666666
2.2580645161290325 2.2580645161290325 2.2580645161290325 2.2580645161290325
39.0 39.0 39.0 39.0
14.125 14.125 120.0 120.0
39.333333333333336 39.333333333333336 39.333333333333336 39.333333333333336
57.5 57.5 57.5 57.5
39.0 39.0 59.5 59.5
120.0 120.0 59.5 59.5
59.5 59.5 59.5 59.5
9.0 9.0 120.0 120.0
39.0 39.0 39.0 39.0
4.666666666666667 4.666666666666667 4.714285714285714 4.714285714285714
19.0 19.0 19.166666666666668 19.166666666666668
13.375 13.375 13.625 13.625
59.5 59.5 59.5 59.5
38.333333333333336 38.333333333333336 38.333333333333336 38.333333333333336
13.875 13.875 13.875 13.875
16.285714285714285 16.285714285714285 16.285714285714285 16.285714285714285
59.0 59.0 59.0 59.0
29.25 29.25 29.25 29.25
22.2 22.2 22.2 22.2
59.5 59.5 59.5 59.5
59.0 59.0 59.0 59.0
120.0 120.0 59.5 59.5
120.0 120.0 59.5 59.5
120.0 120.0 59.5 59.5
19.166666666666668 19.166666666666668 120.0 120.0
59.5 59.5 59.5 59.5
120.0 120.0 59.5 59.5
59.5 59.5 120.0 120.0
120.0 120.0 59.5 59.5
59.5 59.5 59.5 59.5
11.88888888888889 11.88888888888889 11.88888888888889 11.88888888888889
59.5 59.5 59.5 59.5
39.0 39.0 39.0 39.0
38.666666666666664 38.666666666666664 38.666666666666664 38.666666666666664
59.5 59.5 59.5 59.5
38.0 38.0 38.0 38.0
21.0 21.0 21.0 21.0
59.5 59.5 59.5 59.5
38.666666666666664 38.666666666666664 38.666666666666664 38.666666666666664
59.5 59.5 59.5 59.5
59.5 59.5 59.5 59.5
12.875 12.875 13.0 13.0
59.0 59.0 59.0 59.0
7.153846153846154 7.153846153846154 7.153846153846154 7.153846153846154
59.5 59.5 59.5 59.5
59.0 59.0 59.0 59.0
59.0 59.0 59.0 59.0
59.0 59.0 59.0 59.0
59.5 59.5 59.5 59.5
59.5 59.5 59.5 59.5
58.5 58.5 58.5 58.5
59.0 59.0 59.0 59.0
39.333333333333336 39.333333333333336 39.333333333333336 39.333333333333336
39.0 39.0 39.0 39.0
39.333333333333336 39.333333333333336 39.333333333333336 39.333333333333336
59.5 59.5 39.333333333333336 39.333333333333336
6.125 6.125 5.588235294117647 5.588235294117647
5.333333333333333 5.333333333333333 5.333333333333333 5.333333333333333
14.125 14.125 14.125 14.125
29.25 29.25 29.25 29.25
38.333333333333336 38.333333333333336 38.333333333333336 38.333333333333336
59.0 59.0 59.0 59.0
29.0 29.0 29.0 29.0
8.307692307692308 8.307692307692308 8.307692307692308 8.307692307692308
38.666666666666664 38.666666666666664 38.666666666666664 38.666666666666664
59.0 59.0 59.0 59.0
57.5 57.5 57.5 57.5
59.5 59.5 59.5 59.5
59.0 59.0 59.0 59.0
59.5 59.5 59.5 59.5
39.333333333333336 39.333333333333336 39.333333333333336 39.333333333333336
37.0 37.0 37.0 37.0
59.0 59.0 59.0 59.0
39.0 39.0 39.0 39.0
59.5 59.5 59.5 59.5
59.0 59.0 59.0 59.0
120.0 120.0 120.0 120.0
120.0 120.0 120.0 120.0
120.0 120.0 120.0 120.0
120.0 120.0 120.0 120.0

28.75 28.75 28.75 28.75
1.125 1.125 1.125 1.125
1.0555555555555556 1.0555555555555556 1.0810810810810811 1.0810810810810811
1.0810810810810811 1.0810810810810811 1.0810810810810811 1.0810810810810811
1.4 1.4 1.4285714285714286 1.4285714285714286
4.761904761904762 4.761904761904762 4.761904761904762 4.761904761904762
2.2666666666666666 2.2666666666666666 2.1875 2.1875
7.571428571428571 7.571428571428571 7.571428571428571 7.571428571428571
2.2903225806451615 2.2903225806451615 2.2903225806451615 2.2903225806451615
59.5 59.5 59.5 59.5
14.125 14.125 120.0 120.0
59.5 59.5 59.5 59.5
120.0 120.0 120.0 120.0
59.0 59.0 59.5 59.5
120.0 120.0 120.0 120.0
120.0 120.0 120.0 120.0
8.25 8.25 120.0 120.0
59.0 59.0 59.0 59.0
4.714285714285714 4.714285714285714 4.714285714285714 4.714285714285714
23.2 23.2 23.2 23.2
10.4 10.4 10.5 10.5
120.0 120.0 120.0 120.0
38.0 38.0 38.0 38.0
14.0 14.0 14.0 14.0
16.142857142857142 16.142857142857142 16.142857142857142 16.142857142857142
120.0 120.0 120.0 120.0
39.0 39.0 39.0 39.0
21.6 21.6 21.6 21.6
59.5 59.5 59.5 59.5
59.0 59.0 59.0 59.0
120.0 120.0 59.5 59.5
120.0 120.0 59.5 59.5
120.0 120.0 59.5 59.5
19.166666666666668 19.166666666666668 120.0 120.0
59.5 59.5 59.5 59.5
120.0 120.0 59.5 59.5
59.5 59.5 120.0 120.0
120.0 120.0 59.5 59.5
59.5 59.5 59.5 59.5
11.88888888888889 11.88888888888889 11.88888888888889 11.88888888888889
59.5 59.5 59.5 59.5
39.0 39.0 39.0 39.0
38.666666666666664 38.666666666666664 38.666666666666664 38.666666666666664
59.5 59.5 59.5 59.5
38.0 38.0 38.0 38.0
20.25 20.25 20.25 20.25
59.5 59.5 59.5 59.5
38.666666666666664 38.666666666666664 38.666666666666664 38.666666666666664
59.5 59.5 59.5 59.5
59.5 59.5 59.5 59.5
11.333333333333334 11.333333333333334 11.444444444444445 11.444444444444445
59.0 59.0 59.0 59.0
5.4375 5.4375 5.4375 5.4375
59.5 59.5 59.5 59.5
59.0 59.0 59.0 59.0
59.0 59.0 59.0 59.0
59.0 59.0 59.0 59.0
59.5 59.5 59.5 59.5
59.5 59.5 59.5 59.5
58.5 58.5 58.5 58.5
59.0 59.0 59.0 59.0
39.333333333333336 39.333333333333336 39.333333333333336 39.333333333333336
29.0 29.0 29.0 29.0
39.333333333333336 39.333333333333336 39.333333333333336 39.333333333333336
59.5 59.5 39.333333333333336 39.333333333333336
4.947368421052632 4.947368421052632 4.55 4.55
5.333333333333333 5.333333333333333 5.333333333333333 5.333333333333333
14.125 14.125 14.125 14.125
29.25 29.25 29.25 29.25
38.333333333333336 38.333333333333336 38.333333333333336 38.333333333333336
59.0 59.0 59.0 59.0
29.0 29.0 29.0 29.0
6.375 6.375 6.375 6.375
38.666666666666664 38.666666666666664 38.666666666666664 38.666666666666664
59.0 59.0 59.0 59.0
57.5 57.5 57.5 57.5
59.5 59.5 59.5 59.5
59.0 59.0 59.0 59.0
59.5 59.5 59.5 59.5
28.25 28.25 28.25 28.25
37.0 37.0 37.0 37.0
59.0 59.0 59.0 59.0
39.0 39.0 39.0 39.0
59.5 59.5 59.5 59.5
59.0 59.0 59.0 59.0
113.0 113.0 113.0 113.0
118.0 118.0 118.0 118.0
118.0 118.0 118.0 118.0
120.0 120.0 120.0 120.0

117.0 117.0 117.0 117.0
1.1333333333333333 1.1333333333333333 1.2 1.2
1.054054054054054 1.054054054054054 1.0789473684210527 1.0789473684210527
1.088235294117647 1.088235294117647 1.088235294117647 1.088235294117647
1.4857142857142858 1.4857142857142858 1.542857142857143 1.542857142857143
4.761904761904762 4.761904761904762 4.761904761904762 4.761904761904762
2.6296296296296298 2.6296296296296298 2.5172413793103448 2.5172413793103448
7.066666666666666 7.066666666666666 7.066666666666666 7.066666666666666
2.193548387096774 2.193548387096774 2.193548387096774 2.193548387096774
120.0 120.0 120.0 120.0
14.125 14.125 120.0 120.0
120.0 120.0 120.0 120.0
120.0 120.0 120.0 120.0
120.0 120.0 120.0 120.0
120.0 120.0 120.0 120.0
120.0 120.0 120.0 120.0
9.9 9.9 120.0 120.0
59.0 59.0 59.0 59.0
4.666666666666667 4.666666666666667 4.666666666666667 4.666666666666667
19.166666666666668 19.166666666666668 19.166666666666668 19.166666666666668
7.769230769230769 7.769230769230769 7.846153846153846 7.846153846153846
120.0 120.0 120.0 120.0
38.333333333333336 38.333333333333336 38.333333333333336 38.333333333333336
14.0 14.0 14.0 14.0
13.875 13.875 13.875 13.875
120.0 120.0 120.0 120.0
39.333333333333336 39.333333333333336 39.333333333333336 39.333333333333336
38.0 38.0 38.0 38.0
120.0 120.0 120.0 120.0
120.0 120.0 120.0 120.0
120.0 120.0 120.0 120.0
120.0 120.0 120.0 120.0
120.0 120.0 120.0 120.0
19.166666666666668 19.166666666666668 120.0 120.0
120.0 120.0 120.0 120.0
120.0 120.0 120.0 120.0
59.5 59.5 120.0 120.0
120.0 120.0 120.0 120.0
120.0 120.0 120.0 120.0
13.375 13.375 13.375 13.375
119.0 119.0 119.0 119.0
58.5 58.5 58.5 58.5
58.0 58.0 58.0 58.0
119.0 119.0 119.0 119.0
38.0 38.0 38.0 38.0
14.0 14.0 14.0 14.0
59.5 59.5 59.5 59.5
38.666666666666664 38.666666666666664 38.666666666666664 38.666666666666664
59.5 59.5 59.5 59.5
59.5 59.5 59.5 59.5
9.9 9.9 10.0 10.0
59.0 59.0 59.0 59.0
5.4375 5.4375 5.4375 5.4375
59.5 59.5 59.5 59.5
59.0 59.0 59.0 59.0
59.0 59.0 59.0 59.0
59.0 59.0 59.0 59.0
59.5 59.5 59.5 59.5
59.5 59.5 59.5 59.5
58.5 58.5 58.5 58.5
59.0 59.0 59.0 59.0
29.25 29.25 39.0 39.0
29.0 29.0 29.0 29.0
39.333333333333336 39.333333333333336 39.333333333333336 39.333333333333336
39.333333333333336 39.333333333333336 29.25 29.25
3.9130434782608696 3.9130434782608696 3.625 3.625
5.333333333333333 5.333333333333333 5.333333333333333 5.333333333333333
14.125 14.125 14.125 14.125
29.25 29.25 29.25 29.25
38.333333333333336 38.333333333333336 38.333333333333336 38.333333333333336
59.0 59.0 59.0 59.0
29.0 29.0 29.0 29.0
6.0 6.0 6.0 6.0
38.666666666666664 38.666666666666664 38.666666666666664 38.666666666666664
59.0 59.0 59.0 59.0
57.5 57.5 57.5 57.5
59.5 59.5 59.5 59.5
59.0 59.0 59.0 59.0
59.5 59.5 59.5 59.5
22.6 22.6 22.6 22.6
37.0 37.0 37.0 37.0
59.0 59.0 59.0 59.0
39.0 39.0 39.0 39.0
39.0 39.0 39.0 39.0
59.0 59.0 59.0 59.0
101.0 101.0 101.0 101.0
59.0 59.0 59.0 59.0
58.5 58.5 58.5 58.5
59.0 59.0 59.0 59.0

