1 1 1 1
1 1 1 1
1 1 1 1
1 1 1 1
1 1 1 1
1 1 1 1
1 1 1 1
1 1 1 1
1 1 1 1
2 2 2 2
2 2 120 120
3 3 3 3
4 4 4 4
4 4 17 17
120 120 5 5
5 5 5 5
1 1 120 120
6 6 6 6
2 2 2 2
2 2 2 2
6 6 7 7
7 7 7 7
7 7 7 7
3 3 3 3
10 10 10 10
10 10 10 10
12 12 12 12
2 2 2 2
15 15 15 15
16 16 16 16
120 120 16 16
120 120 16 16
120 120 16 16
3 3 120 120
17 17 17 17
120 120 18 18
18 18 120 120
120 120 19 19
20 20 20 20
1 1 1 1
24 24 24 24
1 1 1 1
6 6 6 6
24 24 24 24
2 2 2 2
9 9 9 9
26 26 26 26
26 26 26 26
26 26 26 26
26 26 26 26
1 1 1 1
26 26 26 26
2 2 2 2
26 26 26 26
27 27 27 27
28 28 28 28
28 28 28 28
29 29 29 29
29 29 29 29
31 31 31 31
40 40 40 40
26 26 26 26
30 30 30 30
1 1 1 1
50 50 24 24
1 1 1 1
1 1 1 1
2 2 2 2
5 5 5 5
10 10 10 10
51 51 51 51
1 1 1 1
1 1 1 1
2 2 2 2
40 40 40 40
37 37 37 37
35 35 35 35
30 30 30 30
27 27 27 27
8 8 8 8
1 1 1 1
23 23 23 23
1 1 1 1
9 9 9 9
8 8 8 8
120 120 120 120
120 120 120 120
120 120 120 120
120 120 120 120

1 1 1 1
1 1 1 1
1 1 1 1
1 1 1 1
1 1 1 1
1 1 1 1
1 1 1 1
1 1 1 1
1 1 1 1
3 3 3 3
2 2 120 120
3 3 3 3
120 120 120 120
4 4 5 5
120 120 120 120
120 120 120 120
1 1 120 120
24 24 24 24
2 2 2 2
5 5 5 5
1 1 1 1
120 120 120 120
4 4 4 4
3 3 3 3
10 10 10 10
120 120 120 120
27 27 27 27
2 2 2 2
3 3 3 3
4 4 4 4
120 120 4 4
120 120 4 4
120 120 4 4
4 4 120 120
5 5 5 5
120 120 6 6
6 6 120 120
120 120 7 7
8 8 8 8
1 1 1 1
12 12 12 12
1 1 1 1
6 6 6 6
12 12 12 12
2 2 2 2
9 9 9 9
14 14 14 14
14 14 14 14
14 14 14 14
14 14 14 14
1 1 1 1
14 14 14 14
1 1 1 1
14 14 14 14
15 15 15 15
16 16 16 16
16 16 16 16
17 17 17 17
17 17 17 17
19 19 19 19
28 28 28 28
32 32 32 32
1 1 1 1
1 1 1 1
38 38 24 24
1 1 1 1
1 1 1 1
2 2 2 2
5 5 5 5
10 10 10 10
55 55 55 55
1 1 1 1
1 1 1 1
2 2 2 2
52 52 52 52
49 49 49 49
47 47 47 47
42 42 42 42
39 39 39 39
1 1 1 1
1 1 1 1
35 35 35 35
1 1 1 1
21 21 21 21
20 20 20 20
113 113 113 113
118 118 118 118
118 118 118 118
120 120 120 120

117 117 117 117
1 1 1 1
1 1 1 1
1 1 1 1
1 1 1 1
1 1 1 1
1 1 1 1
1 1 1 1
1 1 1 1
120 120 120 120
2 2 120 120
120 120 120 120
120 120 120 120
120 120 120 120
120 120 120 120
120 120 120 120
1 1 120 120
12 12 12 12
2 2 2 2
3 3 3 3
1 1 1 1
120 120 120 120
4 4 4 4
3 3 3 3
1 1 1 1
120 120 120 120
21 21 21 21
12 12 12 12
120 120 120 120
120 120 120 120
120 120 120 120
120 120 120 120
120 120 120 120
2 2 120 120
120 120 120 120
120 120 120 120
5 5 120 120
120 120 120 120
120 120 120 120
1 1 1 1
119 119 119 119
1 1 1 1
6 6 6 6
119 119 119 119
1 1 1 1
1 1 1 1
2 2 2 2
2 2 2 2
2 2 2 2
2 2 2 2
1 1 1 1
2 2 2 2
1 1 1 1
2 2 2 2
3 3 3 3
4 4 4 4
4 4 4 4
5 5 5 5
5 5 5 5
7 7 7 7
16 16 16 16
1 1 20 20
13 13 13 13
1 1 1 1
5 5 5 5
1 1 1 1
1 1 1 1
2 2 2 2
5 5 5 5
10 10 10 10
43 43 43 43
1 1 1 1
1 1 1 1
2 2 2 2
54 54 54 54
54 54 54 54
59 59 59 59
54 54 54 54
51 51 51 51
1 1 1 1
1 1 1 1
47 47 47 47
1 1 1 1
4 4 4 4
32 32 32 32
101 101 101 101
12 12 12 12
11 11 11 11
4 4 4 4

