0.011517684231984507 0.011517684231984507 0.011475576317660201 0.011475576317660201
0.0019366017735195189 0.0019366017735195189 0.0019295216817304763 0.0019295216817304763
0.0038732035470390377 0.0038732035470390377 0.004062150908906266 0.004062150908906266
0.0039751299561716445 0.0039751299561716445 0.003960597136183609 0.003960597136183609
0.004688614820099888 0.004688614820099888 0.004773027317964863 0.004773027317964863
0.010192640913260626 0.010192640913260626 0.010155377272265665 0.010155377272265665
0.0065232901844868 0.0065232901844868 0.006702548999695339 0.006702548999695339
0.010804199368056263 0.010804199368056263 0.010764699908601605 0.010764699908601605
0.007134848639282438 0.007134848639282438 0.007108764090585965 0.007108764090585965
0.011925389868514932 0.011925389868514932 0.011881791408550828 0.011881791408550828
0.011517684231984507 0.011517684231984507 0.012186452726718798 0.012186452726718798
0.012027316277647538 0.012027316277647538 0.011983345181273483 0.011983345181273483
0.01172153705024972 0.01172153705024972 0.011678683863105515 0.011678683863105515
0.011925389868514932 0.011925389868514932 0.012084898953996141 0.012084898953996141
0.012231169095912752 0.012231169095912752 0.012084898953996141 0.012084898953996141
0.012129242686780145 0.012129242686780145 0.012084898953996141 0.012084898953996141
0.01009071450412802 0.01009071450412802 0.012186452726718798 0.012186452726718798
0.011925389868514932 0.011925389868514932 0.011881791408550828 0.011881791408550828
0.009988788094995413 0.009988788094995413 0.010053823499543008 0.010053823499543008
0.011619610641117113 0.011619610641117113 0.011678683863105515 0.011678683863105515
0.01090612577718887 0.01090612577718887 0.011069361226769575 0.011069361226769575
0.012129242686780145 0.012129242686780145 0.012084898953996141 0.012084898953996141
0.01172153705024972 0.01172153705024972 0.011678683863105515 0.011678683863105515
0.011313831413719295 0.011313831413719295 0.011272468772214888 0.011272468772214888
0.011619610641117113 0.011619610641117113 0.011577130090382857 0.011577130090382857
0.012027316277647538 0.012027316277647538 0.011983345181273483 0.011983345181273483
0.011925389868514932 0.011925389868514932 0.011881791408550828 0.011881791408550828
0.011313831413719295 0.011313831413719295 0.011272468772214888 0.011272468772214888
0.012129242686780145 0.012129242686780145 0.012084898953996141 0.012084898953996141
0.012027316277647538 0.012027316277647538 0.011983345181273483 0.011983345181273483
0.012231169095912752 0.012231169095912752 0.012084898953996141 0.012084898953996141
0.012231169095912752 0.012231169095912752 0.012084898953996141 0.012084898953996141
0.012231169095912752 0.012231169095912752 0.012084898953996141 0.012084898953996141
0.01172153705024972 0.01172153705024972 0.012186452726718798 0.012186452726718798
0.012129242686780145 0.012129242686780145 0.012084898953996141 0.012084898953996141
0.012231169095912752 0.012231169095912752 0.012084898953996141 0.012084898953996141
0.012129242686780145 0.012129242686780145 0.012186452726718798 0.012186452726718798
0.012231169095912752 0.012231169095912752 0.012084898953996141 0.012084898953996141
0.012129242686780145 0.012129242686780145 0.012084898953996141 0.012084898953996141
0.01090612577718887 0.01090612577718887 0.010866253681324262 0.010866253681324262
0.012129242686780145 0.012129242686780145 0.012084898953996141 0.012084898953996141
0.011925389868514932 0.011925389868514932 0.011881791408550828 0.011881791408550828
0.011823463459382327 0.011823463459382327 0.01178023763582817 0.01178023763582817
0.012129242686780145 0.012129242686780145 0.012084898953996141 0.012084898953996141
0.011619610641117113 0.011619610641117113 0.011577130090382857 0.011577130090382857
0.008561818367138926 0.008561818367138926 0.008530516908703158 0.008530516908703158
0.012129242686780145 0.012129242686780145 0.012084898953996141 0.012084898953996141
0.011823463459382327 0.011823463459382327 0.01178023763582817 0.01178023763582817
0.012129242686780145 0.012129242686780145 0.012084898953996141 0.012084898953996141
0.012129242686780145 0.012129242686780145 0.012084898953996141 0.012084898953996141
0.010498420140658445 0.010498420140658445 0.010561592363156291 0.010561592363156291
0.012027316277647538 0.012027316277647538 0.011983345181273483 0.011983345181273483
0.009479156049332383 0.009479156049332383 0.009444500863207068 0.009444500863207068
0.012129242686780145 0.012129242686780145 0.012084898953996141 0.012084898953996141
0.012027316277647538 0.012027316277647538 0.011983345181273483 0.011983345181273483
0.012027316277647538 0.012027316277647538 0.011983345181273483 0.011983345181273483
0.012027316277647538 0.012027316277647538 0.011983345181273483 0.011983345181273483
0.012129242686780145 0.012129242686780145 0.012084898953996141 0.012084898953996141
0.012129242686780145 0.012129242686780145 0.012084898953996141 0.012084898953996141
0.011925389868514932 0.011925389868514932 0.011881791408550828 0.011881791408550828
0.012027316277647538 0.012027316277647538 0.011983345181273483 0.011983345181273483
0.012027316277647538 0.012027316277647538 0.011983345181273483 0.011983345181273483
0.011925389868514932 0.011925389868514932 0.011881791408550828 0.011881791408550828
0.012027316277647538 0.012027316277647538 0.011983345181273483 0.011983345181273483
0.012129242686780145 0.012129242686780145 0.011983345181273483 0.011983345181273483
0.009988788094995413 0.009988788094995413 0.009647608408652381 0.009647608408652381
0.009784935276730201 0.009784935276730201 0.009749162181375039 0.009749162181375039
0.011517684231984507 0.011517684231984507 0.011475576317660201 0.011475576317660201
0.011925389868514932 0.011925389868514932 0.011881791408550828 0.011881791408550828
0.01172153705024972 0.01172153705024972 0.011678683863105515 0.011678683863105515
0.012027316277647538 0.012027316277647538 0.011983345181273483 0.011983345181273483
0.011823463459382327 0.011823463459382327 0.01178023763582817 0.01178023763582817
0.011008052186321476 0.011008052186321476 0.010967807454046918 0.010967807454046918
0.011823463459382327 0.011823463459382327 0.01178023763582817 0.01178023763582817
0.012027316277647538 0.012027316277647538 0.011983345181273483 0.011983345181273483
0.01172153705024972 0.01172153705024972 0.011678683863105515 0.011678683863105515
0.012129242686780145 0.012129242686780145 0.012084898953996141 0.012084898953996141
0.012027316277647538 0.012027316277647538 0.011983345181273483 0.011983345181273483
0.012129242686780145 0.012129242686780145 0.012084898953996141 0.012084898953996141
0.012027316277647538 0.012027316277647538 0.011983345181273483 0.011983345181273483
0.011313831413719295 0.011313831413719295 0.011272468772214888 0.011272468772214888
0.012027316277647538 0.012027316277647538 0.011983345181273483 0.011983345181273483
0.011925389868514932 0.011925389868514932 0.011881791408550828 0.011881791408550828
0.012129242686780145 0.012129242686780145 0.012084898953996141 0.012084898953996141
0.012027316277647538 0.012027316277647538 0.011983345181273483 0.011983345181273483
0.012231169095912752 0.012231169095912752 0.012186452726718798 0.012186452726718798
0.012231169095912752 0.012231169095912752 0.012186452726718798 0.012186452726718798
0.012231169095912752 0.012231169095912752 0.012186452726718798 0.012186452726718798
0.012231169095912752 0.012231169095912752 0.012186452726718798 0.012186452726718798

0.011741882785378804 0.011741882785378804 0.011702452426986873 0.011702452426986873
0.001837859914233204 0.001837859914233204 0.0018316882059631627 0.0018316882059631627
0.003879926485603431 0.003879926485603431 0.0040704182354736945 0.0040704182354736945
0.004084133142740453 0.004084133142740453 0.0040704182354736945 0.0040704182354736945
0.005003063099857055 0.005003063099857055 0.005088022794342118 0.005088022794342118
0.010210332856851132 0.010210332856851132 0.010176045588684237 0.010176045588684237
0.006943026342658771 0.006943026342658771 0.007123231912078966 0.007123231912078966
0.010822952828262202 0.010822952828262202 0.010786608324005291 0.010786608324005291
0.007249336328364305 0.007249336328364305 0.007224992367965808 0.007224992367965808
0.012150296099652848 0.012150296099652848 0.012109494250534243 0.012109494250534243
0.01153767612824178 0.01153767612824178 0.012211254706421084 0.012211254706421084
0.012150296099652848 0.012150296099652848 0.012109494250534243 0.012109494250534243
0.01225239942822136 0.01225239942822136 0.012211254706421084 0.012211254706421084
0.012048192771084338 0.012048192771084338 0.012109494250534243 0.012109494250534243
0.01225239942822136 0.01225239942822136 0.012211254706421084 0.012211254706421084
0.01225239942822136 0.01225239942822136 0.012211254706421084 0.012211254706421084
0.010108229528282622 0.010108229528282622 0.012211254706421084 0.012211254706421084
0.012048192771084338 0.012048192771084338 0.0120077337946474 0.0120077337946474
0.010108229528282622 0.010108229528282622 0.010074285132797395 0.010074285132797395
0.011843986113947314 0.011843986113947314 0.011804212882873715 0.011804212882873715
0.010618746171125178 0.010618746171125178 0.01068484786811845 0.01068484786811845
0.01225239942822136 0.01225239942822136 0.012211254706421084 0.012211254706421084
0.011639779456810292 0.011639779456810292 0.01160069197110003 0.01160069197110003
0.01143557279967327 0.01143557279967327 0.011397171059326345 0.011397171059326345
0.01153767612824178 0.01153767612824178 0.011498931515213189 0.011498931515213189
0.01225239942822136 0.01225239942822136 0.012211254706421084 0.012211254706421084
0.011946089442515826 0.011946089442515826 0.011905973338760558 0.011905973338760558
0.011027159485399224 0.011027159485399224 0.010990129235778976 0.010990129235778976
0.012150296099652848 0.012150296099652848 0.012109494250534243 0.012109494250534243
0.012048192771084338 0.012048192771084338 0.0120077337946474 0.0120077337946474
0.01225239942822136 0.01225239942822136 0.012109494250534243 0.012109494250534243
0.01225239942822136 0.01225239942822136 0.012109494250534243 0.012109494250534243
0.01225239942822136 0.01225239942822136 0.012109494250534243 0.012109494250534243
0.011741882785378804 0.011741882785378804 0.012211254706421084 0.012211254706421084
0.012150296099652848 0.012150296099652848 0.012109494250534243 0.012109494250534243
0.01225239942822136 0.01225239942822136 0.012109494250534243 0.012109494250534243
0.012150296099652848 0.012150296099652848 0.012211254706421084 0.012211254706421084
0.01225239942822136 0.01225239942822136 0.012109494250534243 0.012109494250534243
0.012150296099652848 0.012150296099652848 0.012109494250534243 0.012109494250534243
0.010925056156830712 0.010925056156830712 0.010888368779892134 0.010888368779892134
0.012150296099652848 0.012150296099652848 0.012109494250534243 0.012109494250534243
0.011946089442515826 0.011946089442515826 0.011905973338760558 0.011905973338760558
0.011843986113947314 0.011843986113947314 0.011804212882873715 0.011804212882873715
0.012150296099652848 0.012150296099652848 0.012109494250534243 0.012109494250534243
0.011639779456810292 0.011639779456810292 0.01160069197110003 0.01160069197110003
0.008270369614049419 0.008270369614049419 0.008242596926834232 0.008242596926834232
0.012150296099652848 0.012150296099652848 0.012109494250534243 0.012109494250534243
0.011843986113947314 0.011843986113947314 0.011804212882873715 0.011804212882873715
0.012150296099652848 0.012150296099652848 0.012109494250534243 0.012109494250534243
0.012150296099652848 0.012150296099652848 0.012109494250534243 0.012109494250534243
0.010414539513988156 0.010414539513988156 0.010481326956344765 0.010481326956344765
0.012048192771084338 0.012048192771084338 0.0120077337946474 0.0120077337946474
0.008882989585460487 0.008882989585460487 0.008853159662155287 0.008853159662155287
0.012150296099652848 0.012150296099652848 0.012109494250534243 0.012109494250534243
0.012048192771084338 0.012048192771084338 0.0120077337946474 0.0120077337946474
0.012048192771084338 0.012048192771084338 0.0120077337946474 0.0120077337946474
0.012048192771084338 0.012048192771084338 0.0120077337946474 0.0120077337946474
0.012150296099652848 0.012150296099652848 0.012109494250534243 0.012109494250534243
0.012150296099652848 0.012150296099652848 0.012109494250534243 0.012109494250534243
0.011946089442515826 0.011946089442515826 0.011905973338760558 0.011905973338760558
0.012048192771084338 0.012048192771084338 0.0120077337946474 0.0120077337946474
0.012048192771084338 0.012048192771084338 0.0120077337946474 0.0120077337946474
0.011843986113947314 0.011843986113947314 0.011804212882873715 0.011804212882873715
0.012048192771084338 0.012048192771084338 0.0120077337946474 0.0120077337946474
0.012150296099652848 0.012150296099652848 0.0120077337946474 0.0120077337946474
0.009597712885440065 0.009597712885440065 0.009260201485702656 0.009260201485702656
0.009801919542577088 0.009801919542577088 0.009769003765136867 0.009769003765136867
0.01153767612824178 0.01153767612824178 0.011498931515213189 0.011498931515213189
0.011946089442515826 0.011946089442515826 0.011905973338760558 0.011905973338760558
0.011741882785378804 0.011741882785378804 0.011702452426986873 0.011702452426986873
0.012048192771084338 0.012048192771084338 0.0120077337946474 0.0120077337946474
0.011843986113947314 0.011843986113947314 0.011804212882873715 0.011804212882873715
0.010414539513988156 0.010414539513988156 0.010379566500457921 0.010379566500457921
0.011843986113947314 0.011843986113947314 0.011804212882873715 0.011804212882873715
0.012048192771084338 0.012048192771084338 0.0120077337946474 0.0120077337946474
0.011741882785378804 0.011741882785378804 0.011702452426986873 0.011702452426986873
0.012150296099652848 0.012150296099652848 0.012109494250534243 0.012109494250534243
0.012048192771084338 0.012048192771084338 0.0120077337946474 0.0120077337946474
0.012150296099652848 0.012150296099652848 0.012109494250534243 0.012109494250534243
0.01153767612824178 0.01153767612824178 0.011498931515213189 0.011498931515213189
0.011333469471104758 0.011333469471104758 0.011295410603439504 0.011295410603439504
0.012048192771084338 0.012048192771084338 0.0120077337946474 0.0120077337946474
0.011946089442515826 0.011946089442515826 0.011905973338760558 0.011905973338760558
0.012150296099652848 0.012150296099652848 0.012109494250534243 0.012109494250534243
0.012048192771084338 0.012048192771084338 0.0120077337946474 0.0120077337946474
0.01153767612824178 0.01153767612824178 0.011498931515213189 0.011498931515213189
0.012048192771084338 0.012048192771084338 0.0120077337946474 0.0120077337946474
0.012048192771084338 0.012048192771084338 0.0120077337946474 0.0120077337946474
0.01225239942822136 0.01225239942822136 0.012211254706421084 0.012211254706421084

0.011976660866004709 0.011976660866004709 0.011929037520391516 0.011929037520391516
0.0017401985873682056 0.0017401985873682056 0.001835236541598695 0.001835236541598695
0.003992220288668236 0.003992220288668236 0.0041802610114192494 0.0041802610114192494
0.0037874910430955064 0.0037874910430955064 0.0037724306688417617 0.0037724306688417617
0.005322960384890982 0.005322960384890982 0.005505709624796085 0.005505709624796085
0.010236462278636503 0.010236462278636503 0.010195758564437194 0.010195758564437194
0.0072678882178319176 0.0072678882178319176 0.007442903752039151 0.007442903752039151
0.010850650015354693 0.010850650015354693 0.010807504078303425 0.010807504078303425
0.006960794349472822 0.006960794349472822 0.006933115823817292 0.006933115823817292
0.012283754734363803 0.012283754734363803 0.012234910277324634 0.012234910277324634
0.011567202374859248 0.011567202374859248 0.012234910277324634 0.012234910277324634
0.012283754734363803 0.012283754734363803 0.012234910277324634 0.012234910277324634
0.012283754734363803 0.012283754734363803 0.012234910277324634 0.012234910277324634
0.012283754734363803 0.012283754734363803 0.012234910277324634 0.012234910277324634
0.012283754734363803 0.012283754734363803 0.012234910277324634 0.012234910277324634
0.012283754734363803 0.012283754734363803 0.012234910277324634 0.012234910277324634
0.010134097655850138 0.010134097655850138 0.012234910277324634 0.012234910277324634
0.012079025488791074 0.012079025488791074 0.01203099510603589 0.01203099510603589
0.010031733033063773 0.010031733033063773 0.00999184339314845 0.00999184339314845
0.01177193162043198 0.01177193162043198 0.011725122349102774 0.011725122349102774
0.010338826901422868 0.010338826901422868 0.010399673735725938 0.010399673735725938
0.012283754734363803 0.012283754734363803 0.012234910277324634 0.012234910277324634
0.01177193162043198 0.01177193162043198 0.011725122349102774 0.011725122349102774
0.011464837752072883 0.011464837752072883 0.011419249592169658 0.011419249592169658
0.011362473129286519 0.011362473129286519 0.011317292006525285 0.011317292006525285
0.012283754734363803 0.012283754734363803 0.012234910277324634 0.012234910277324634
0.012079025488791074 0.012079025488791074 0.01203099510603589 0.01203099510603589
0.011669566997645613 0.011669566997645613 0.0116231647634584 0.0116231647634584
0.012283754734363803 0.012283754734363803 0.012234910277324634 0.012234910277324634
0.012283754734363803 0.012283754734363803 0.012234910277324634 0.012234910277324634
0.012283754734363803 0.012283754734363803 0.012234910277324634 0.012234910277324634
0.012283754734363803 0.012283754734363803 0.012234910277324634 0.012234910277324634
0.012283754734363803 0.012283754734363803 0.012234910277324634 0.012234910277324634
0.01177193162043198 0.01177193162043198 0.012234910277324634 0.012234910277324634
0.012283754734363803 0.012283754734363803 0.012234910277324634 0.012234910277324634
0.012283754734363803 0.012283754734363803 0.012234910277324634 0.012234910277324634
0.012181390111577439 0.012181390111577439 0.012234910277324634 0.012234910277324634
0.012283754734363803 0.012283754734363803 0.012234910277324634 0.012234910277324634
0.012283754734363803 0.012283754734363803 0.012234910277324634 0.012234910277324634
0.010953014638141058 0.010953014638141058 0.010909461663947798 0.010909461663947798
0.012181390111577439 0.012181390111577439 0.01213295269168026 0.01213295269168026
0.011976660866004709 0.011976660866004709 0.011929037520391516 0.011929037520391516
0.011874296243218344 0.011874296243218344 0.011827079934747145 0.011827079934747145
0.012181390111577439 0.012181390111577439 0.01213295269168026 0.01213295269168026
0.011669566997645613 0.011669566997645613 0.0116231647634584 0.0116231647634584
0.007165523595045552 0.007165523595045552 0.007137030995106036 0.007137030995106036
0.012181390111577439 0.012181390111577439 0.01213295269168026 0.01213295269168026
0.011874296243218344 0.011874296243218344 0.011827079934747145 0.011827079934747145
0.012181390111577439 0.012181390111577439 0.01213295269168026 0.01213295269168026
0.012181390111577439 0.012181390111577439 0.01213295269168026 0.01213295269168026
0.010134097655850138 0.010134097655850138 0.010195758564437194 0.010195758564437194
0.012079025488791074 0.012079025488791074 0.01203099510603589 0.01203099510603589
0.008905722182413757 0.008905722182413757 0.008870309951060359 0.008870309951060359
0.012181390111577439 0.012181390111577439 0.01213295269168026 0.01213295269168026
0.012079025488791074 0.012079025488791074 0.01203099510603589 0.01203099510603589
0.012079025488791074 0.012079025488791074 0.01203099510603589 0.01203099510603589
0.012079025488791074 0.012079025488791074 0.01203099510603589 0.01203099510603589
0.012181390111577439 0.012181390111577439 0.01213295269168026 0.01213295269168026
0.012181390111577439 0.012181390111577439 0.01213295269168026 0.01213295269168026
0.011976660866004709 0.011976660866004709 0.011929037520391516 0.011929037520391516
0.012079025488791074 0.012079025488791074 0.01203099510603589 0.01203099510603589
0.011976660866004709 0.011976660866004709 0.011929037520391516 0.011929037520391516
0.011874296243218344 0.011874296243218344 0.011827079934747145 0.011827079934747145
0.012079025488791074 0.012079025488791074 0.01203099510603589 0.01203099510603589
0.012079025488791074 0.012079025488791074 0.011929037520391516 0.011929037520391516
0.009212816050772853 0.009212816050772853 0.008870309951060359 0.008870309951060359
0.009827003787491044 0.009827003787491044 0.009787928221859706 0.009787928221859706
0.011567202374859248 0.011567202374859248 0.01152120717781403 0.01152120717781403
0.011976660866004709 0.011976660866004709 0.011929037520391516 0.011929037520391516
0.01177193162043198 0.01177193162043198 0.011725122349102774 0.011725122349102774
0.012079025488791074 0.012079025488791074 0.01203099510603589 0.01203099510603589
0.011874296243218344 0.011874296243218344 0.011827079934747145 0.011827079934747145
0.010441191524209234 0.010441191524209234 0.010399673735725938 0.010399673735725938
0.011874296243218344 0.011874296243218344 0.011827079934747145 0.011827079934747145
0.012079025488791074 0.012079025488791074 0.01203099510603589 0.01203099510603589
0.01177193162043198 0.01177193162043198 0.011725122349102774 0.011725122349102774
0.012181390111577439 0.012181390111577439 0.01213295269168026 0.01213295269168026
0.012079025488791074 0.012079025488791074 0.01203099510603589 0.01203099510603589
0.012181390111577439 0.012181390111577439 0.01213295269168026 0.01213295269168026
0.011567202374859248 0.011567202374859248 0.01152120717781403 0.01152120717781403
0.011362473129286519 0.011362473129286519 0.011317292006525285 0.011317292006525285
0.012079025488791074 0.012079025488791074 0.01203099510603589 0.01203099510603589
0.011976660866004709 0.011976660866004709 0.011929037520391516 0.011929037520391516
0.011976660866004709 0.011976660866004709 0.011929037520391516 0.011929037520391516
0.012079025488791074 0.012079025488791074 0.01203099510603589 0.01203099510603589
0.010338826901422868 0.010338826901422868 0.010297716150081565 0.010297716150081565
0.012079025488791074 0.012079025488791074 0.01203099510603589 0.01203099510603589
0.011976660866004709 0.011976660866004709 0.011929037520391516 0.011929037520391516
0.012079025488791074 0.012079025488791074 0.01203099510603589 0.01203099510603589

