113 113 113 113
19 19 19 19
38 38 40 40
39 39 39 39
46 46 47 47
100 100 100 100
64 64 66 66
106 106 106 106
70 70 70 70
117 117 117 117
113 113 120 120
118 118 118 118
115 115 115 115
117 117 119 119
120 120 119 119
119 119 119 119
99 99 120 120
117 117 117 117
98 98 99 99
114 114 115 115
107 107 109 109
119 119 119 119
115 115 115 115
111 111 111 111
114 114 114 114
118 118 118 118
117 117 117 117
111 111 111 111
119 119 119 119
118 118 118 118
120 120 119 119
120 120 119 119
120 120 119 119
115 115 120 120
119 119 119 119
120 120 119 119
119 119 120 120
120 120 119 119
119 119 119 119
107 107 107 107
119 119 119 119
117 117 117 117
116 116 116 116
119 119 119 119
114 114 114 114
84 84 84 84
119 119 119 119
116 116 116 116
119 119 119 119
119 119 119 119
103 103 104 104
118 118 118 118
93 93 93 93
119 119 119 119
118 118 118 118
118 118 118 118
118 118 118 118
119 119 119 119
119 119 119 119
117 117 117 117
118 118 118 118
118 118 118 118
117 117 117 117
118 118 118 118
119 119 118 118
98 98 95 95
96 96 96 96
113 113 113 113
117 117 117 117
115 115 115 115
118 118 118 118
116 116 116 116
108 108 108 108
116 116 116 116
118 118 118 118
115 115 115 115
119 119 119 119
118 118 118 118
119 119 119 119
118 118 118 118
111 111 111 111
118 118 118 118
117 117 117 117
119 119 119 119
118 118 118 118
120 120 120 120
120 120 120 120
120 120 120 120
120 120 120 120

115 115 115 115
18 18 18 18
38 38 40 40
40 40 40 40
49 49 50 50
100 100 100 100
68 68 70 70
106 106 106 106
71 71 71 71
119 119 119 119
113 113 120 120
119 119 119 119
120 120 120 120
118 118 119 119
120 120 120 120
120 120 120 120
99 99 120 120
118 118 118 118
99 99 99 99
116 116 116 116
104 104 105 105
120 120 120 120
114 114 114 114
112 112 112 112
113 113 113 113
120 120 120 120
117 117 117 117
108 108 108 108
119 119 119 119
118 118 118 118
120 120 119 119
120 120 119 119
120 120 119 119
115 115 120 120
119 119 119 119
120 120 119 119
119 119 120 120
120 120 119 119
119 119 119 119
107 107 107 107
119 119 119 119
117 117 117 117
116 116 116 116
119 119 119 119
114 114 114 114
81 81 81 81
119 119 119 119
116 116 116 116
119 119 119 119
119 119 119 119
102 102 103 103
118 118 118 118
87 87 87 87
119 119 119 119
118 118 118 118
118 118 118 118
118 118 118 118
119 119 119 119
119 119 119 119
117 117 117 117
118 118 118 118
118 118 118 118
116 116 116 116
118 118 118 118
119 119 118 118
94 94 91 91
96 96 96 96
113 113 113 113
117 117 117 117
115 115 115 115
118 118 118 118
116 116 116 116
102 102 102 102
116 116 116 116
118 118 118 118
115 115 115 115
119 119 119 119
118 118 118 118
119 119 119 119
113 113 113 113
111 111 111 111
118 118 118 118
117 117 117 117
119 119 119 119
118 118 118 118
113 113 113 113
118 118 118 118
118 118 118 118
120 120 120 120

117 117 117 117
17 17 18 18
39 39 41 41
37 37 37 37
52 52 54 54
100 100 100 100
71 71 73 73
106 106 106 106
68 68 68 68
120 120 120 120
113 113 120 120
120 120 120 120
120 120 120 120
120 120 120 120
120 120 120 120
120 120 120 120
99 99 120 120
118 118 118 118
98 98 98 98
115 115 115 115
101 101 102 102
120 120 120 120
115 115 115 115
112 112 112 112
111 111 111 111
120 120 120 120
118 118 118 118
114 114 114 114
120 120 120 120
120 120 120 120
120 120 120 120
120 120 120 120
120 120 120 120
115 115 120 120
120 120 120 120
120 120 120 120
119 119 120 120
120 120 120 120
120 120 120 120
107 107 107 107
119 119 119 119
117 117 117 117
116 116 116 116
119 119 119 119
114 114 114 114
70 70 70 70
119 119 119 119
116 116 116 116
119 119 119 119
119 119 119 119
99 99 100 100
118 118 118 118
87 87 87 87
119 119 119 119
118 118 118 118
118 118 118 118
118 118 118 118
119 119 119 119
119 119 119 119
117 117 117 117
118 118 118 118
117 117 117 117
116 116 116 116
118 118 118 118
118 118 117 117
90 90 87 87
96 96 96 96
113 113 113 113
117 117 117 117
115 115 115 115
118 118 118 118
116 116 116 116
102 102 102 102
116 116 116 116
118 118 118 118
115 115 115 115
119 119 119 119
118 118 118 118
119 119 119 119
113 113 113 113
111 111 111 111
118 118 118 118
117 117 117 117
117 117 117 117
118 118 118 118
101 101 101 101
118 118 118 118
117 117 117 117
118 118 118 118

