68 29664 65 27849
1018 212127 1746 1145681
299 64289 317 16951
310 17556 314 17885
232 19639 222 27274
20 1110 30 1580
172 11192 158 25381
14 599 15 780
130 6791 181 19250
12 1068 8 881
9 444 0 0
12 958 8 1613
56 23849 54 28412
3 120 2 111
0 0 1 40
2 80 2 157
57 22891 0 0
39 14022 42 32570
52 3972 52 4012
55 32178 36 13467
45 2834 34 5242
16 2400 17 12986
35 5200 46 12057
90 16501 105 55730
87 40407 108 70650
15 4865 12 5428
72 13071 126 127233
35 5318 35 17867
2 80 2 111
28 10071 22 12813
0 0 1 40
0 0 1 40
0 0 1 40
5 160 0 0
2 80 2 111
0 0 1 40
1 238 0 0
0 0 1 40
2 80 1 40
264 98952 442 356905
17 6400 18 15274
23 7371 28 18826
20 2897 16 7653
8 3189 10 9123
196 23824 997 1193595
8930 637803 67185 85561241
26 6130 29 8082
48 7574 45 16244
28 5910 48 50210
15 4499 14 8272
153 30825 126 48535
30 5951 36 14546
103 16482 98 34024
1 40 3 215
29 8498 32 22814
51 20404 48 20838
22 4825 30 16372
10 3948 9 1261
1 40 3 215
33 12195 36 17988
18 7672 17 8095
2 82 2 104
20 3888 22 13612
15 3197 12 7398
11 1754 12 3617
198 100685 204 95356
47 3009 50 17362
21 1678 24 8695
16 2163 21 6715
47 18104 49 13382
57 3523 110 142928
90 15032 127 67635
97 40707 102 39937
48 10163 46 28030
29 4909 38 4869
78 20147 75 43693
9 1772 11 6568
37 6905 48 50847
79 7953 242 298675
21 4975 18 8073
172 42260 211 142647
29 2641 33 35167
67 10233 101 104171
13 3556 16 11687
26 4123 30 18272
0 0 0 0
0 0 0 0
0 0 0 0
0 0 0 0

51 23249 48 25084
822 182449 892 174910
292 64194 310 16596
305 17266 309 17470
224 20289 212 27747
20 1110 30 1580
151 9761 140 21893
14 599 15 780
126 6553 173 18469
4 160 2 80
9 444 0 0
4 160 2 80
0 0 0 0
2 80 2 111
0 0 0 0
0 0 0 0
57 22891 0 0
19 6932 21 16254
47 3480 48 3780
34 15631 24 11953
96 5415 81 10051
0 0 0 0
36 6521 46 12259
87 16357 103 55626
87 40412 108 69927
0 0 0 0
72 13071 126 127233
48 6861 48 26255
2 80 2 111
28 10071 22 12813
0 0 1 40
0 0 1 40
0 0 1 40
5 160 0 0
2 80 2 111
0 0 1 40
1 238 0 0
0 0 1 40
2 80 1 40
264 98952 442 356905
17 6400 18 15274
23 7371 28 18826
20 2897 16 7653
8 3189 10 9123
196 23824 997 1193595
10618 756837 79750 101564746
26 6130 29 8082
48 7574 45 16244
28 5910 48 50210
15 4499 14 8272
165 33234 136 52531
30 5951 36 14546
121 19086 113 37423
1 40 3 215
29 8498 32 22814
51 20404 48 20838
22 4825 30 16372
10 3948 9 1261
1 40 3 215
33 12195 36 17988
18 7672 17 8095
2 82 2 104
40 6919 42 26759
15 3197 12 7398
11 1754 12 3617
214 105558 222 101502
47 3009 50 17362
21 1678 24 8695
16 2163 21 6715
47 18104 49 13382
57 3523 110 142928
90 15032 127 67635
133 55991 141 43051
48 10163 46 28030
29 4909 38 4869
78 20147 75 43693
9 1772 11 6568
37 6905 48 50847
79 7953 242 298675
65 16391 57 25107
172 42260 211 142647
29 2641 33 35167
67 10233 101 104171
13 3556 16 11687
26 4123 30 18272
96 29088 101 34654
28 4833 34 4685
32 11818 28 16330
0 0 0 0

36 16504 32 16425
846 196376 918 167842
292 62822 309 16556
311 17646 314 17754
208 19209 194 29106
20 1110 30 1580
146 9411 135 20765
14 599 15 780
131 6807 179 19316
0 0 0 0
9 444 0 0
0 0 0 0
0 0 0 0
0 0 0 0
0 0 0 0
0 0 0 0
57 22891 0 0
19 6932 21 16254
49 3630 50 3932
37 15775 26 12057
148 8024 125 13465
0 0 0 0
40 10868 46 12308
87 16357 103 55626
99 47316 122 79533
0 0 0 0
63 10634 114 121117
23 2954 23 15599
0 0 0 0
0 0 0 0
0 0 0 0
0 0 0 0
0 0 0 0
5 160 0 0
0 0 0 0
0 0 0 0
1 229 0 0
0 0 0 0
0 0 0 0
264 98952 442 356905
17 6400 18 15274
23 7371 28 18826
20 2897 16 7653
8 3189 10 9123
196 23824 997 1193595
13560 969243 99801 127118245
26 6130 29 8082
48 7574 45 16244
28 5910 48 50210
15 4499 14 8272
188 37977 155 60528
30 5951 36 14546
121 19086 113 37423
1 40 3 215
29 8498 32 22814
51 20404 48 20838
22 4825 30 16372
10 3948 9 1261
1 40 3 215
33 12195 36 17988
18 7672 17 8095
3 123 3 156
40 6919 42 26759
15 3197 12 7398
35 5346 30 10562
223 106198 231 102183
47 3009 50 17362
21 1678 24 8695
16 2163 21 6715
47 18104 49 13382
57 3523 110 142928
90 15032 127 67635
133 55991 141 43051
48 10163 46 28030
29 4909 38 4869
78 20147 75 43693
9 1772 11 6568
37 6905 48 50847
79 7953 242 298675
65 16391 57 25107
172 42260 211 142647
29 2641 33 35167
67 10233 101 104171
263 25705 1760 2221071
26 4123 30 18272
153 36871 158 41044
28 4833 34 4685
40 17004 34 16681
31 10326 31 16537

