346 19483 436 4791723
10 706 10 1545
1 40 1 40
38 2608 38 5388
64 26902 71 22773
3 197 3 120
3 197 3 120
3 197 3 120
114 21168 118 106054
27 14916 32 2560
3 183 3 120
26 33009 32 9782
156 33076 191 1444562
21 5973 23 2442
55 21245 310 405279
53 6848 54 56678
23 5752 27 5632
1 40 1 40
57 26558 59 90524
11 958 11 1742
4 223 4 160
2 108 2 104
5 307 5 352
9 2309 11 3234
62 7437 72 1782643
49 5291 48 556980
12 2553 13 1966
46 8524 51 329725
8 1208 6 1722
1 76 1 76
14 1899 13 14058
27 5351 28 18198
47 5941 56 70648
3 1587 4 2234
7 3328 9 4008
4 2934 8 2773
11 2452 11 7380
6 2091 8 2856
9 3370 20 20697
29 5250 64 62611
291 23188 379 4072807
24 4586 25 6623
13 5558 15 4444
23 5066 24 3852
5 307 5 393
1 73 0 0
0 0 1 40
0 0 0 0
0 0 0 0
0 0 0 0
0 0 0 0
0 0 0 0
0 0 0 0
0 0 0 0
0 0 0 0
0 0 0 0
0 0 0 0
0 0 0 0
0 0 0 0
0 0 0 0
0 0 0 0
0 0 0 0
0 0 0 0
0 0 0 0
0 0 0 0
0 0 0 0
0 0 0 0
0 0 0 0
0 0 0 0
0 0 0 0
0 0 0 0
0 0 0 0
0 0 0 0
0 0 0 0
0 0 0 0
0 0 0 0
0 0 0 0
0 0 0 0
0 0 0 0
0 0 0 0
0 0 0 0
0 0 0 0
0 0 0 0
0 0 0 0
0 0 0 0
0 0 0 0
0 0 0 0
0 0 0 0
0 0 0 0
0 0 0 0
0 0 0 0
0 0 0 0
0 0 0 0
0 0 0 0
0 0 0 0
0 0 0 0
0 0 0 0
0 0 0 0
0 0 0 0
0 0 0 0
0 0 0 0
0 0 0 0
0 0 0 0
0 0 0 0
0 0 0 0
0 0 0 0
0 0 0 0
0 0 0 0
0 0 0 0
0 0 0 0
0 0 0 0
0 0 0 0
0 0 0 0
0 0 0 0
0 0 0 0
0 0 0 0
0 0 0 0
0 0 0 0
0 0 0 0
0 0 0 0
0 0 0 0
0 0 0 0
0 0 0 0
0 0 0 0
0 0 0 0
0 0 0 0
0 0 0 0
0 0 0 0

346 19483 436 4791723
10 706 10 1545
0 0 0 0
38 2608 38 5388
64 26902 71 22773
0 0 0 0
0 0 0 0
0 0 0 0
57 21168 63 106054
27 14916 32 2560
3 183 3 120
736 34468 1341 35183817
156 33076 191 1444562
5 263 6 264
55 21245 310 405279
53 6848 54 56678
23 5384 24 5632
0 0 0 0
57 26558 59 90524
11 958 11 1742
4 223 4 160
1 68 2 104
0 0 0 0
10 2327 11 3234
62 7437 72 1782643
49 5291 48 556980
12 2553 13 1966
46 8524 51 329725
8 1208 6 1722
1 76 1 76
14 1899 13 14058
27 5351 28 18198
47 5941 56 70648
3 1587 4 2234
7 3328 9 4008
4 2934 8 2773
11 2452 11 7380
6 2091 8 2856
9 3370 20 20697
29 5250 64 62611
291 23188 379 4072807
24 4586 25 6623
13 5558 15 4444
23 5066 24 3852
5 307 5 393
1 73 0 0
0 0 1 40
5 307 5 393
0 0 0 0
0 0 0 0
0 0 0 0
0 0 0 0
0 0 0 0
0 0 0 0
0 0 0 0
0 0 0 0
0 0 0 0
0 0 0 0
0 0 0 0
0 0 0 0
0 0 0 0
0 0 0 0
0 0 0 0
0 0 0 0
0 0 0 0
0 0 0 0
0 0 0 0
0 0 0 0
0 0 0 0
0 0 0 0
0 0 0 0
0 0 0 0
0 0 0 0
0 0 0 0
0 0 0 0
0 0 0 0
0 0 0 0
0 0 0 0
0 0 0 0
0 0 0 0
0 0 0 0
0 0 0 0
0 0 0 0
0 0 0 0
0 0 0 0
0 0 0 0
0 0 0 0
0 0 0 0
0 0 0 0
0 0 0 0
0 0 0 0
0 0 0 0
0 0 0 0
0 0 0 0
0 0 0 0
0 0 0 0
0 0 0 0
0 0 0 0
0 0 0 0
0 0 0 0
0 0 0 0
0 0 0 0
0 0 0 0
0 0 0 0
0 0 0 0
0 0 0 0
0 0 0 0
0 0 0 0
0 0 0 0
0 0 0 0
0 0 0 0
0 0 0 0
0 0 0 0
0 0 0 0
0 0 0 0
0 0 0 0
0 0 0 0
0 0 0 0
0 0 0 0
0 0 0 0
0 0 0 0
0 0 0 0
0 0 0 0
0 0 0 0
0 0 0 0
0 0 0 0
0 0 0 0
0 0 0 0

346 19483 436 4791723
10 651 10 1545
0 0 0 0
38 2608 38 5388
64 26902 71 21687
0 0 0 0
0 0 0 0
0 0 0 0
57 21168 63 106054
24 14727 29 2415
0 0 0 0
736 34468 1341 35183817
156 33076 191 1444562
5 263 6 264
55 21245 310 405279
36 3339 37 50212
23 5384 24 5632
0 0 0 0
57 26558 59 90524
11 958 11 1742
4 223 4 160
1 68 2 104
0 0 0 0
10 2327 11 3234
60 5735 72 1782643
45 3343 48 556980
12 2553 13 1966
46 8524 51 329725
8 1208 6 1722
1 76 1 76
14 1899 13 14058
27 5351 28 18198
47 5941 56 70648
3 1587 4 2234
7 3328 9 4008
4 2934 8 2773
11 2452 11 7380
6 2091 8 2856
9 3370 20 20697
29 5250 64 62611
291 23188 379 4072807
24 4586 25 6623
13 5558 15 4444
23 5066 24 3852
5 307 5 393
1 73 0 0
0 0 1 40
5 307 5 393
72 7707 81 269276
0 0 0 0
0 0 0 0
0 0 0 0
0 0 0 0
0 0 0 0
0 0 0 0
0 0 0 0
0 0 0 0
0 0 0 0
0 0 0 0
0 0 0 0
0 0 0 0
0 0 0 0
0 0 0 0
0 0 0 0
0 0 0 0
0 0 0 0
0 0 0 0
0 0 0 0
0 0 0 0
0 0 0 0
0 0 0 0
0 0 0 0
0 0 0 0
0 0 0 0
0 0 0 0
0 0 0 0
0 0 0 0
0 0 0 0
0 0 0 0
0 0 0 0
0 0 0 0
0 0 0 0
0 0 0 0
0 0 0 0
0 0 0 0
0 0 0 0
0 0 0 0
0 0 0 0
0 0 0 0
0 0 0 0
0 0 0 0
0 0 0 0
0 0 0 0
0 0 0 0
0 0 0 0
0 0 0 0
0 0 0 0
0 0 0 0
0 0 0 0
0 0 0 0
0 0 0 0
0 0 0 0
0 0 0 0
0 0 0 0
0 0 0 0
0 0 0 0
0 0 0 0
0 0 0 0
0 0 0 0
0 0 0 0
0 0 0 0
0 0 0 0
0 0 0 0
0 0 0 0
0 0 0 0
0 0 0 0
0 0 0 0
0 0 0 0
0 0 0 0
0 0 0 0
0 0 0 0
0 0 0 0
0 0 0 0
0 0 0 0
0 0 0 0
0 0 0 0
0 0 0 0
0 0 0 0

346 19483 436 4791723
10 588 10 878
0 0 0 0
38 2608 38 5388
4 223 4 160
0 0 0 0
0 0 0 0
0 0 0 0
43 19951 48 106054
24 14727 29 2415
0 0 0 0
736 34468 1341 35183817
156 33076 191 1444562
5 263 6 264
55 21245 310 405279
4 238 4 238
23 5384 24 5632
0 0 0 0
57 26558 59 90524
11 958 11 1742
0 0 0 0
1 68 2 104
0 0 0 0
42 11997 50 15721
4 223 4 160
4 223 4 160
12 2553 13 1966
5 2770 6 279
6 240 6 240
1 76 1 76
14 1899 13 14058
27 5351 28 18198
47 5941 56 70648
3 1587 4 2234
7 3328 9 4008
4 2934 8 2773
11 2452 11 7380
6 2091 8 2856
9 3370 20 20697
29 5250 64 62611
291 23188 379 4072807
24 4586 25 6623
13 5558 15 4444
23 5066 24 3852
5 307 5 393
1 73 0 0
0 0 1 40
5 307 5 393
72 7707 81 648912
0 0 0 0
0 0 0 0
0 0 0 0
0 0 0 0
0 0 0 0
0 0 0 0
0 0 0 0
0 0 0 0
0 0 0 0
0 0 0 0
0 0 0 0
0 0 0 0
0 0 0 0
0 0 0 0
0 0 0 0
0 0 0 0
0 0 0 0
0 0 0 0
0 0 0 0
0 0 0 0
0 0 0 0
0 0 0 0
0 0 0 0
0 0 0 0
0 0 0 0
0 0 0 0
0 0 0 0
0 0 0 0
0 0 0 0
0 0 0 0
0 0 0 0
0 0 0 0
0 0 0 0
0 0 0 0
0 0 0 0
0 0 0 0
0 0 0 0
0 0 0 0
0 0 0 0
0 0 0 0
0 0 0 0
0 0 0 0
0 0 0 0
0 0 0 0
0 0 0 0
0 0 0 0
0 0 0 0
0 0 0 0
0 0 0 0
0 0 0 0
0 0 0 0
0 0 0 0
0 0 0 0
0 0 0 0
0 0 0 0
0 0 0 0
0 0 0 0
0 0 0 0
0 0 0 0
0 0 0 0
0 0 0 0
0 0 0 0
0 0 0 0
0 0 0 0
0 0 0 0
0 0 0 0
0 0 0 0
0 0 0 0
0 0 0 0
0 0 0 0
0 0 0 0
0 0 0 0
0 0 0 0
0 0 0 0
0 0 0 0
0 0 0 0
0 0 0 0
0 0 0 0
0 0 0 0

346 19483 436 4791723
10 588 10 878
0 0 0 0
38 2608 38 5388
12 4180 12 1924
0 0 0 0
0 0 0 0
0 0 0 0
43 14357 48 106054
24 14727 29 2415
0 0 0 0
736 34468 1341 35183817
99 28454 139 1054248
2 149 2 151
55 21245 310 405279
4 238 4 238
20 5605 22 2889
0 0 0 0
39 26558 48 90524
11 958 11 1742
0 0 0 0
1 68 2 104
0 0 0 0
84 11997 84 306331
4 223 4 160
4 223 4 160
15 3938 15 2050
5 263 6 279
6 240 6 240
1 76 1 76
14 1899 13 14058
0 0 0 0
47 5941 56 70648
0 0 0 0
5 2197 4 840
3 1372 4 349
2 334 3 211
4 463 4 310
9 1846 16 17715
29 5250 64 62611
291 23188 379 4072807
24 4586 25 6623
13 5558 15 4444
23 5066 24 3852
5 307 5 393
1 73 0 0
0 0 1 40
5 307 5 393
72 7707 81 648912
170 16472 197 1622250
131 32324 147 174641
16 3658 16 5151
0 0 0 0
0 0 0 0
0 0 0 0
0 0 0 0
0 0 0 0
0 0 0 0
0 0 0 0
0 0 0 0
0 0 0 0
0 0 0 0
0 0 0 0
0 0 0 0
0 0 0 0
0 0 0 0
0 0 0 0
0 0 0 0
0 0 0 0
0 0 0 0
0 0 0 0
0 0 0 0
0 0 0 0
0 0 0 0
0 0 0 0
0 0 0 0
0 0 0 0
0 0 0 0
0 0 0 0
0 0 0 0
0 0 0 0
0 0 0 0
0 0 0 0
0 0 0 0
0 0 0 0
0 0 0 0
0 0 0 0
0 0 0 0
0 0 0 0
0 0 0 0
0 0 0 0
0 0 0 0
0 0 0 0
0 0 0 0
0 0 0 0
0 0 0 0
0 0 0 0
0 0 0 0
0 0 0 0
0 0 0 0
0 0 0 0
0 0 0 0
0 0 0 0
0 0 0 0
0 0 0 0
0 0 0 0
0 0 0 0
0 0 0 0
0 0 0 0
0 0 0 0
0 0 0 0
0 0 0 0
0 0 0 0
0 0 0 0
0 0 0 0
0 0 0 0
0 0 0 0
0 0 0 0
0 0 0 0
0 0 0 0
0 0 0 0
0 0 0 0
0 0 0 0
0 0 0 0
0 0 0 0
0 0 0 0
0 0 0 0
0 0 0 0

346 19483 436 4791723
10 588 10 878
0 0 0 0
27 2191 27 4040
12 4180 12 1924
0 0 0 0
0 0 0 0
0 0 0 0
43 14357 48 106054
59 30563 65 7906
0 0 0 0
736 34468 1341 35183817
5 1855 8 3246
18 3759 18 5256
4 223 4 160
4 223 4 160
20 5605 22 2889
0 0 0 0
39 26558 48 121283
6 575 6 853
9 2107 10 1431
3 464 3 2533
0 0 0 0
109 48482 117 830405
4 223 4 160
4 223 4 160
36 7658 38 5858
5 263 6 279
0 0 0 0
1 76 1 76
0 0 0 0
0 0 0 0
0 0 0 0
0 0 0 0
0 0 0 0
0 0 0 0
0 0 0 0
0 0 0 0
0 0 0 0
0 0 0 0
4 223 4 160
3 183 3 120
3 183 3 120
23 5066 24 3852
5 307 5 393
2 292 0 0
0 0 1 40
5 307 5 393
72 7707 81 648912
170 16472 197 1622250
134 32324 191 1204778
98 18330 128 202586
3 234 0 0
0 0 0 0
0 0 0 0
0 0 0 0
0 0 0 0
0 0 0 0
0 0 0 0
0 0 0 0
0 0 0 0
0 0 0 0
0 0 0 0
0 0 0 0
0 0 0 0
0 0 0 0
0 0 0 0
0 0 0 0
0 0 0 0
0 0 0 0
0 0 0 0
0 0 0 0
0 0 0 0
0 0 0 0
0 0 0 0
0 0 0 0
0 0 0 0
0 0 0 0
0 0 0 0
0 0 0 0
0 0 0 0
0 0 0 0
0 0 0 0
0 0 0 0
0 0 0 0
0 0 0 0
0 0 0 0
0 0 0 0
0 0 0 0
0 0 0 0
0 0 0 0
0 0 0 0
0 0 0 0
0 0 0 0
0 0 0 0
0 0 0 0
0 0 0 0
0 0 0 0
0 0 0 0
0 0 0 0
0 0 0 0
0 0 0 0
0 0 0 0
0 0 0 0
0 0 0 0
0 0 0 0
0 0 0 0
0 0 0 0
0 0 0 0
0 0 0 0
0 0 0 0
0 0 0 0
0 0 0 0
0 0 0 0
0 0 0 0
0 0 0 0
0 0 0 0
0 0 0 0
0 0 0 0
0 0 0 0
0 0 0 0
0 0 0 0
0 0 0 0
0 0 0 0
0 0 0 0
0 0 0 0
0 0 0 0
0 0 0 0

346 19483 436 4791723
10 588 10 878
0 0 0 0
27 2191 27 4040
12 4180 12 1924
0 0 0 0
0 0 0 0
0 0 0 0
26 14357 35 18019
59 30563 65 7906
0 0 0 0
736 34468 1341 35183817
5 1855 8 3246
18 3759 18 5256
4 223 4 160
0 0 0 0
20 5605 22 2889
0 0 0 0
82 835732 596 121283
6 575 6 853
9 2107 10 1431
3 464 3 2533
0 0 0 0
109 48482 117 830405
0 0 0 0
0 0 0 0
36 7658 38 5858
0 0 0 0
0 0 0 0
1 76 1 76
0 0 0 0
0 0 0 0
0 0 0 0
0 0 0 0
0 0 0 0
0 0 0 0
0 0 0 0
0 0 0 0
0 0 0 0
0 0 0 0
4 223 4 160
3 183 3 120
3 183 3 120
0 0 0 0
0 0 0 0
2 292 0 0
0 0 1 40
5 307 5 393
72 7707 81 648912
170 16472 197 1622250
345 85151 475 1204778
98 18330 128 202586
3 234 0 0
5 307 5 393
0 0 0 0
0 0 0 0
0 0 0 0
0 0 0 0
0 0 0 0
0 0 0 0
0 0 0 0
0 0 0 0
0 0 0 0
0 0 0 0
0 0 0 0
0 0 0 0
0 0 0 0
0 0 0 0
0 0 0 0
0 0 0 0
0 0 0 0
0 0 0 0
0 0 0 0
0 0 0 0
0 0 0 0
0 0 0 0
0 0 0 0
0 0 0 0
0 0 0 0
0 0 0 0
0 0 0 0
0 0 0 0
0 0 0 0
0 0 0 0
0 0 0 0
0 0 0 0
0 0 0 0
0 0 0 0
0 0 0 0
0 0 0 0
0 0 0 0
0 0 0 0
0 0 0 0
0 0 0 0
0 0 0 0
0 0 0 0
0 0 0 0
0 0 0 0
0 0 0 0
0 0 0 0
0 0 0 0
0 0 0 0
0 0 0 0
0 0 0 0
0 0 0 0
0 0 0 0
0 0 0 0
0 0 0 0
0 0 0 0
0 0 0 0
0 0 0 0
0 0 0 0
0 0 0 0
0 0 0 0
0 0 0 0
0 0 0 0
0 0 0 0
0 0 0 0
0 0 0 0
0 0 0 0
0 0 0 0
0 0 0 0
0 0 0 0
0 0 0 0
0 0 0 0
0 0 0 0
0 0 0 0
0 0 0 0

346 19483 436 4791723
10 588 10 878
0 0 0 0
27 2191 27 4040
12 4180 12 1924
0 0 0 0
0 0 0 0
0 0 0 0
18 5884 18 18019
59 30563 65 7906
0 0 0 0
736 34468 1341 35183817
5 1855 8 3246
18 3759 18 5256
0 0 0 0
0 0 0 0
20 5605 22 2889
0 0 0 0
82 835732 596 121283
6 575 6 853
9 2107 10 1431
3 464 3 2533
0 0 0 0
173 127429 239 830405
0 0 0 0
0 0 0 0
36 7658 38 5858
0 0 0 0
0 0 0 0
1 76 1 76
0 0 0 0
0 0 0 0
0 0 0 0
0 0 0 0
0 0 0 0
0 0 0 0
0 0 0 0
0 0 0 0
0 0 0 0
0 0 0 0
4 223 4 160
0 0 0 0
3 183 3 120
0 0 0 0
0 0 0 0
2 292 0 0
0 0 1 40
5 307 5 393
72 7707 81 648912
170 16472 197 1919776
345 85151 475 1204778
98 18330 128 202586
3 234 0 0
5 307 5 393
0 0 0 0
0 0 0 0
0 0 0 0
0 0 0 0
0 0 0 0
0 0 0 0
0 0 0 0
0 0 0 0
0 0 0 0
0 0 0 0
0 0 0 0
0 0 0 0
0 0 0 0
0 0 0 0
0 0 0 0
0 0 0 0
0 0 0 0
0 0 0 0
0 0 0 0
0 0 0 0
0 0 0 0
0 0 0 0
0 0 0 0
0 0 0 0
0 0 0 0
0 0 0 0
0 0 0 0
0 0 0 0
0 0 0 0
0 0 0 0
0 0 0 0
0 0 0 0
0 0 0 0
0 0 0 0
0 0 0 0
0 0 0 0
0 0 0 0
0 0 0 0
0 0 0 0
0 0 0 0
0 0 0 0
0 0 0 0
0 0 0 0
0 0 0 0
0 0 0 0
0 0 0 0
0 0 0 0
0 0 0 0
0 0 0 0
0 0 0 0
0 0 0 0
0 0 0 0
0 0 0 0
0 0 0 0
0 0 0 0
0 0 0 0
0 0 0 0
0 0 0 0
0 0 0 0
0 0 0 0
0 0 0 0
0 0 0 0
0 0 0 0
0 0 0 0
0 0 0 0
0 0 0 0
0 0 0 0
0 0 0 0
0 0 0 0
0 0 0 0
0 0 0 0
0 0 0 0
0 0 0 0
0 0 0 0

346 19483 436 4791723
22 2118 28 152506
0 0 0 0
27 2191 27 4040
288 27128 339 2734119
0 0 0 0
0 0 0 0
0 0 0 0
18 5884 18 18019
59 30563 65 7906
9 1802 8 1154
736 34468 1341 35183817
117 37593 513 648949
18 3759 18 5256
14 4278 20 15677
49 6038 54 37222
20 5605 22 2889
0 0 0 0
82 835732 596 121283
9 692 9 1250
9 2107 10 1431
3 464 3 2533
0 0 0 0
173 127429 239 830405
10 2322 12 13481
0 0 0 0
36 7658 38 5858
0 0 0 0
0 0 0 0
1 76 1 76
6 2027 7 3527
0 0 0 0
4 1952 6 2936
3 1587 5 2385
6 3785 9 4010
0 0 0 0
0 0 0 0
11 6501 17 6921
0 0 0 0
0 0 0 0
0 0 0 0
0 0 0 0
0 0 0 0
0 0 0 0
0 0 0 0
2 292 0 0
0 0 1 40
5 307 5 393
72 7707 81 648912
170 16472 197 1919776
345 85151 475 1204778
98 18330 128 202586
3 234 0 0
5 307 5 393
2 100 2 80
23 3868 26 14884
40 4596 78 100344
9 2126 9 2440
15 1845 16 60180
19 2197 19 111977
0 0 0 0
0 0 0 0
0 0 0 0
0 0 0 0
0 0 0 0
0 0 0 0
0 0 0 0
0 0 0 0
0 0 0 0
0 0 0 0
0 0 0 0
0 0 0 0
0 0 0 0
0 0 0 0
0 0 0 0
0 0 0 0
0 0 0 0
0 0 0 0
0 0 0 0
0 0 0 0
0 0 0 0
0 0 0 0
0 0 0 0
0 0 0 0
0 0 0 0
0 0 0 0
0 0 0 0
0 0 0 0
0 0 0 0
0 0 0 0
0 0 0 0
0 0 0 0
0 0 0 0
0 0 0 0
0 0 0 0
0 0 0 0
0 0 0 0
0 0 0 0
0 0 0 0
0 0 0 0
0 0 0 0
0 0 0 0
0 0 0 0
0 0 0 0
0 0 0 0
0 0 0 0
0 0 0 0
0 0 0 0
0 0 0 0
0 0 0 0
0 0 0 0
0 0 0 0
0 0 0 0
0 0 0 0
0 0 0 0
0 0 0 0
0 0 0 0
0 0 0 0
0 0 0 0
0 0 0 0
0 0 0 0
0 0 0 0
0 0 0 0
0 0 0 0
0 0 0 0
0 0 0 0
0 0 0 0
0 0 0 0

346 19483 436 4791723
22 2118 28 152506
0 0 0 0
27 2191 27 4040
288 27128 339 2734119
0 0 0 0
0 0 0 0
0 0 0 0
18 5884 18 18019
59 30563 65 7906
9 1802 8 1154
736 34468 1341 35183817
117 37593 513 648949
18 3759 18 5256
14 4278 20 15677
49 6038 54 37222
20 5605 22 2889
0 0 0 0
82 835732 596 121283
9 692 9 1250
9 2107 10 1431
3 464 3 2987
0 0 0 0
173 127429 239 830405
10 2322 12 13481
0 0 0 0
36 7658 38 5858
0 0 0 0
0 0 0 0
1 76 1 76
6 2027 7 3527
0 0 0 0
4 1952 6 2936
3 1587 5 2385
6 3785 9 4010
0 0 0 0
0 0 0 0
11 6501 17 6921
0 0 0 0
0 0 0 0
0 0 0 0
0 0 0 0
0 0 0 0
0 0 0 0
0 0 0 0
2 292 0 0
0 0 0 0
5 307 5 393
72 7707 81 648912
170 16472 197 1919776
345 85151 475 1204778
98 18330 128 202586
3 234 0 0
5 307 5 393
2 100 2 80
23 3868 26 14884
40 4596 78 100344
9 2126 9 2440
15 1845 16 60180
19 2197 19 111977
0 0 0 0
0 0 0 0
0 0 0 0
0 0 0 0
0 0 0 0
0 0 0 0
0 0 0 0
0 0 0 0
0 0 0 0
0 0 0 0
0 0 0 0
0 0 0 0
0 0 0 0
0 0 0 0
0 0 0 0
0 0 0 0
0 0 0 0
0 0 0 0
0 0 0 0
0 0 0 0
0 0 0 0
0 0 0 0
0 0 0 0
0 0 0 0
0 0 0 0
0 0 0 0
0 0 0 0
0 0 0 0
0 0 0 0
0 0 0 0
0 0 0 0
0 0 0 0
0 0 0 0
0 0 0 0
0 0 0 0
0 0 0 0
0 0 0 0
0 0 0 0
0 0 0 0
0 0 0 0
0 0 0 0
0 0 0 0
0 0 0 0
0 0 0 0
0 0 0 0
0 0 0 0
0 0 0 0
0 0 0 0
0 0 0 0
0 0 0 0
0 0 0 0
0 0 0 0
0 0 0 0
0 0 0 0
0 0 0 0
0 0 0 0
0 0 0 0
0 0 0 0
0 0 0 0
0 0 0 0
0 0 0 0
0 0 0 0
0 0 0 0
0 0 0 0
0 0 0 0
0 0 0 0
0 0 0 0
0 0 0 0

91 6987 192 4619857
22 2118 28 152506
0 0 0 0
27 2191 27 4040
288 27128 339 2734119
0 0 0 0
0 0 0 0
0 0 0 0
18 5884 18 18019
59 30563 65 7906
9 1802 8 1154
736 34468 1341 35183817
117 37593 513 648949
18 3759 18 5256
14 4278 20 15677
49 6038 54 37222
20 5605 22 2889
0 0 0 0
82 835732 596 121283
9 692 9 1250
9 2107 10 1431
3 464 3 2987
0 0 0 0
173 127429 239 830405
10 2322 12 13481
0 0 0 0
36 7658 38 5858
0 0 0 0
0 0 0 0
1 76 1 76
6 2027 7 3527
0 0 0 0
4 1952 6 2936
3 1587 5 2385
6 3785 9 4010
0 0 0 0
0 0 0 0
11 6501 17 6921
0 0 0 0
0 0 0 0
0 0 0 0
0 0 0 0
0 0 0 0
39 7778 43 6058
0 0 0 0
2 292 0 0
0 0 0 0
5 307 5 393
72 7707 81 648912
170 16472 197 1919776
345 85151 475 1204778
98 18330 128 202586
3 234 0 0
5 307 5 393
2 100 2 80
23 3868 26 14884
40 4596 78 100344
9 2126 9 2440
15 1845 16 60180
19 2197 19 111977
0 0 0 0
0 0 0 0
0 0 0 0
0 0 0 0
0 0 0 0
0 0 0 0
0 0 0 0
0 0 0 0
0 0 0 0
0 0 0 0
0 0 0 0
0 0 0 0
0 0 0 0
0 0 0 0
0 0 0 0
0 0 0 0
0 0 0 0
0 0 0 0
0 0 0 0
0 0 0 0
0 0 0 0
0 0 0 0
0 0 0 0
0 0 0 0
0 0 0 0
0 0 0 0
0 0 0 0
0 0 0 0
0 0 0 0
0 0 0 0
0 0 0 0
0 0 0 0
0 0 0 0
0 0 0 0
0 0 0 0
0 0 0 0
0 0 0 0
0 0 0 0
0 0 0 0
0 0 0 0
0 0 0 0
0 0 0 0
0 0 0 0
0 0 0 0
0 0 0 0
0 0 0 0
0 0 0 0
0 0 0 0
0 0 0 0
0 0 0 0
0 0 0 0
0 0 0 0
0 0 0 0
0 0 0 0
0 0 0 0
0 0 0 0
0 0 0 0
0 0 0 0
0 0 0 0
0 0 0 0
0 0 0 0
0 0 0 0
0 0 0 0
0 0 0 0
0 0 0 0
0 0 0 0
0 0 0 0
0 0 0 0

11 1606 15 267148
22 2118 28 152506
0 0 0 0
27 2191 27 4040
288 27128 339 2734119
0 0 0 0
0 0 0 0
0 0 0 0
18 5884 18 18019
59 30563 65 7906
9 1802 8 1154
76 6422 108 830019
117 37593 513 648949
18 3759 18 5256
14 4278 20 15677
49 6038 54 37222
20 5605 22 2889
0 0 0 0
82 835732 596 121283
9 692 9 1250
9 2107 10 1431
3 464 3 2987
0 0 0 0
173 127429 239 830405
10 2322 12 13481
0 0 0 0
36 7658 38 5858
0 0 0 0
0 0 0 0
1 76 1 76
6 2027 7 3527
0 0 0 0
4 1952 6 2936
3 1587 5 2385
6 3785 9 4010
0 0 0 0
0 0 0 0
11 6501 17 6921
0 0 0 0
0 0 0 0
0 0 0 0
0 0 0 0
0 0 0 0
39 7778 43 6058
0 0 0 0
2 292 0 0
0 0 0 0
0 0 0 0
72 7707 81 648912
170 16472 197 1919776
345 85151 475 1204778
98 18330 128 202586
3 234 0 0
5 307 5 393
2 100 2 80
23 3868 26 14884
40 4596 78 100344
9 2126 9 2440
15 1845 16 60180
19 2197 19 111977
5 307 5 393
0 0 0 0
0 0 0 0
0 0 0 0
0 0 0 0
0 0 0 0
0 0 0 0
0 0 0 0
0 0 0 0
0 0 0 0
0 0 0 0
0 0 0 0
0 0 0 0
0 0 0 0
0 0 0 0
0 0 0 0
0 0 0 0
0 0 0 0
0 0 0 0
0 0 0 0
0 0 0 0
0 0 0 0
0 0 0 0
0 0 0 0
0 0 0 0
0 0 0 0
0 0 0 0
0 0 0 0
0 0 0 0
0 0 0 0
0 0 0 0
0 0 0 0
0 0 0 0
0 0 0 0
0 0 0 0
0 0 0 0
0 0 0 0
0 0 0 0
0 0 0 0
0 0 0 0
0 0 0 0
0 0 0 0
0 0 0 0
0 0 0 0
0 0 0 0
0 0 0 0
0 0 0 0
0 0 0 0
0 0 0 0
0 0 0 0
0 0 0 0
0 0 0 0
0 0 0 0
0 0 0 0
0 0 0 0
0 0 0 0
0 0 0 0
0 0 0 0
0 0 0 0
0 0 0 0
0 0 0 0
0 0 0 0
0 0 0 0
0 0 0 0
0 0 0 0
0 0 0 0
0 0 0 0
0 0 0 0

26 4895 33 47016
22 2118 28 152506
0 0 0 0
27 2191 27 4040
288 27128 339 2734119
0 0 0 0
0 0 0 0
0 0 0 0
18 6223 20 18019
59 30563 65 7906
9 1802 8 1154
204 23136 295 5383818
117 37593 513 648949
18 3759 18 5256
14 4278 20 15677
49 6038 54 37222
20 5605 22 2927
0 0 0 0
82 835732 596 121283
9 702 9 1250
9 2107 10 1431
3 464 3 2987
0 0 0 0
173 127429 239 830405
10 2322 12 13481
0 0 0 0
36 7658 38 5858
0 0 0 0
0 0 0 0
1 76 1 76
6 2027 7 3527
0 0 0 0
4 1952 6 2936
3 1587 5 2385
6 3785 9 4010
0 0 0 0
0 0 0 0
11 6501 17 6921
0 0 0 0
0 0 0 0
0 0 0 0
0 0 0 0
0 0 0 0
39 7778 43 6058
0 0 0 0
2 292 0 0
0 0 0 0
0 0 0 0
46 2453 55 648912
170 16472 197 1919776
345 85151 475 1204778
98 18330 128 202586
3 234 0 0
5 307 5 393
2 100 2 80
23 3868 26 14884
40 4596 78 100344
9 2126 9 2440
15 1845 16 60180
19 2197 19 111977
5 307 5 393
17 11562 12 6828
75 14342 75 179321
35 12380 29 73480
0 0 0 0
0 0 0 0
0 0 0 0
0 0 0 0
0 0 0 0
0 0 0 0
0 0 0 0
0 0 0 0
0 0 0 0
0 0 0 0
0 0 0 0
0 0 0 0
0 0 0 0
0 0 0 0
0 0 0 0
0 0 0 0
0 0 0 0
0 0 0 0
0 0 0 0
0 0 0 0
0 0 0 0
0 0 0 0
0 0 0 0
0 0 0 0
0 0 0 0
0 0 0 0
0 0 0 0
0 0 0 0
0 0 0 0
0 0 0 0
0 0 0 0
0 0 0 0
0 0 0 0
0 0 0 0
0 0 0 0
0 0 0 0
0 0 0 0
0 0 0 0
0 0 0 0
0 0 0 0
0 0 0 0
0 0 0 0
0 0 0 0
0 0 0 0
0 0 0 0
0 0 0 0
0 0 0 0
0 0 0 0
0 0 0 0
0 0 0 0
0 0 0 0
0 0 0 0
0 0 0 0
0 0 0 0
0 0 0 0
0 0 0 0
0 0 0 0
0 0 0 0
0 0 0 0
0 0 0 0
0 0 0 0
0 0 0 0
0 0 0 0
0 0 0 0

26 4895 33 47016
22 2118 28 152506
0 0 0 0
27 2191 27 4040
288 27128 339 2734119
0 0 0 0
0 0 0 0
0 0 0 0
18 6223 20 18019
59 30563 65 7906
9 1802 8 1154
204 23136 295 5383818
117 37593 513 648949
18 3759 18 5256
14 4278 20 15677
49 6038 54 37222
20 5605 22 2927
0 0 0 0
82 835732 596 144493
18 1393 18 2828
9 2107 10 1431
3 464 3 2987
0 0 0 0
173 127429 239 830405
10 2322 12 13481
0 0 0 0
36 7658 38 5858
0 0 0 0
4 604 3 861
1 76 1 76
8 2060 7 3556
0 0 0 0
4 1952 6 2936
3 1587 5 2385
6 3785 9 4010
0 0 0 0
0 0 0 0
11 6501 17 6921
0 0 0 0
0 0 0 0
0 0 0 0
0 0 0 0
0 0 0 0
39 7778 43 6058
0 0 0 0
2 292 0 0
0 0 0 0
0 0 0 0
5 277 6 271
170 16472 197 1919776
345 85151 475 1204778
98 18330 128 202586
3 234 0 0
5 307 5 393
2 100 2 80
23 3868 26 14884
40 4596 78 100344
9 2126 9 2440
15 1845 16 60180
19 2197 19 111977
5 307 5 393
17 11562 12 6828
75 14342 75 179321
35 12380 29 73480
109 28810 511 667616
36 5332 44 70171
7 2121 8 3037
36 5598 72 98536
3 1586 4 2234
4 2341 8 2774
4 1971 8 2768
22 15457 22 31644
127 12759 142 512883
62 51387 82 28305
10 1997 11 4482
3 144 3 180
0 0 0 0
0 0 0 0
0 0 0 0
0 0 0 0
0 0 0 0
0 0 0 0
0 0 0 0
0 0 0 0
0 0 0 0
0 0 0 0
0 0 0 0
0 0 0 0
0 0 0 0
0 0 0 0
0 0 0 0
0 0 0 0
0 0 0 0
0 0 0 0
0 0 0 0
0 0 0 0
0 0 0 0
0 0 0 0
0 0 0 0
0 0 0 0
0 0 0 0
0 0 0 0
0 0 0 0
0 0 0 0
0 0 0 0
0 0 0 0
0 0 0 0
0 0 0 0
0 0 0 0
0 0 0 0
0 0 0 0
0 0 0 0
0 0 0 0
0 0 0 0
0 0 0 0
0 0 0 0
0 0 0 0
0 0 0 0
0 0 0 0
0 0 0 0
0 0 0 0
0 0 0 0
0 0 0 0
0 0 0 0
0 0 0 0
0 0 0 0
0 0 0 0
0 0 0 0

26 4895 33 47016
22 2118 28 152506
0 0 0 0
26 2018 26 3498
288 27128 339 2734119
0 0 0 0
0 0 0 0
0 0 0 0
18 6223 20 6892
59 30563 65 7906
9 1802 8 1154
204 23136 295 5383818
117 37593 513 648949
18 3759 18 5256
23 4278 26 15677
49 6038 54 37222
15 4954 17 2927
0 0 0 0
82 835732 596 144493
27 2155 27 4302
9 2107 10 1431
3 464 3 2987
0 0 0 0
173 127429 239 830405
10 2322 12 13481
0 0 0 0
36 7658 38 5858
0 0 0 0
4 604 3 861
1 76 1 76
8 2060 7 3556
0 0 0 0
4 1952 6 2936
3 1587 5 2385
6 3785 9 4010
0 0 0 0
0 0 0 0
11 6501 17 6921
0 0 0 0
0 0 0 0
0 0 0 0
0 0 0 0
26 5473 29 19349
39 7778 43 6058
0 0 0 0
2 292 0 0
0 0 0 0
0 0 0 0
5 277 6 271
114 14571 146 1919776
345 85151 475 1204778
98 18330 128 202586
3 234 0 0
5 307 5 393
2 100 2 80
23 3868 26 14884
40 4596 78 100344
9 2126 9 2440
15 1845 16 60180
19 2197 19 111977
5 307 5 393
17 11562 12 6828
75 14342 75 179321
35 12380 29 73480
109 28810 511 667616
36 5332 44 70171
7 2121 8 3037
36 5598 72 98536
3 1586 4 2234
4 2341 8 2774
91 16227 98 48055
22 15457 22 31644
180 19928 249 3532830
206 1145653 901 178027
10 1997 11 4482
3 144 3 180
14 2420 14 25282
17 2989 18 11846
20 2716 20 10364
9 1687 9 5637
49 9677 44 34688
20 2980 15 11092
12 1818 9 2475
38 7495 40 20226
13 2904 14 6259
12 2770 14 6860
7 1081 6 6046
0 0 0 0
0 0 0 0
0 0 0 0
0 0 0 0
0 0 0 0
0 0 0 0
0 0 0 0
0 0 0 0
0 0 0 0
0 0 0 0
0 0 0 0
0 0 0 0
0 0 0 0
0 0 0 0
0 0 0 0
0 0 0 0
0 0 0 0
0 0 0 0
0 0 0 0
0 0 0 0
0 0 0 0
0 0 0 0
0 0 0 0
0 0 0 0
0 0 0 0
0 0 0 0
0 0 0 0
0 0 0 0
0 0 0 0
0 0 0 0
0 0 0 0
0 0 0 0
0 0 0 0
0 0 0 0
0 0 0 0
0 0 0 0
0 0 0 0
0 0 0 0
0 0 0 0
0 0 0 0
0 0 0 0

26 4895 33 47016
22 2118 28 152506
0 0 0 0
26 2018 26 3498
288 27128 339 2734119
0 0 0 0
0 0 0 0
0 0 0 0
15 6223 20 2116
32 20069 46 2657
9 1802 8 1154
204 23136 295 5383818
117 37593 513 648949
5 298 5 302
23 4278 26 15677
49 6038 54 37222
15 4954 17 2927
0 0 0 0
82 835732 596 144493
27 2155 27 4302
4 223 4 160
3 464 3 2987
0 0 0 0
173 127429 239 421649
10 2322 12 13481
0 0 0 0
16 2713 15 2182
0 0 0 0
4 604 3 861
1 76 1 76
8 2060 7 3556
0 0 0 0
4 1952 6 2936
3 1587 5 2385
6 3785 9 4010
0 0 0 0
0 0 0 0
11 6501 17 6921
0 0 0 0
0 0 0 0
0 0 0 0
0 0 0 0
26 5473 29 19349
39 7778 43 6058
0 0 0 0
1 146 0 0
0 0 0 0
0 0 0 0
5 277 6 271
93 8915 127 1919776
345 85151 475 731173
20 1259 22 15936
0 0 0 0
5 307 5 393
2 100 2 80
23 3868 26 14884
40 4596 78 100344
9 2126 9 2440
15 1845 16 60180
19 2197 19 111977
5 307 5 393
17 11562 12 6828
75 14342 75 179321
35 12380 29 73480
109 28810 511 667616
36 5332 44 70171
7 2121 8 3037
36 5598 72 98536
3 1586 4 2234
4 2341 8 2774
91 16227 98 48055
22 15457 22 31644
283 19928 323 3532830
206 1145653 901 178027
10 1997 11 4482
3 144 3 180
14 2420 14 25282
17 2989 18 11846
20 2716 20 10364
9 1687 9 5637
49 9677 44 34688
20 2980 15 11092
12 1818 9 2475
38 7495 40 20226
13 2904 14 6259
12 2770 14 6860
7 1081 6 6046
285 14884 464 10575159
0 0 0 0
0 0 0 0
0 0 0 0
0 0 0 0
0 0 0 0
0 0 0 0
0 0 0 0
0 0 0 0
0 0 0 0
0 0 0 0
0 0 0 0
0 0 0 0
0 0 0 0
0 0 0 0
0 0 0 0
0 0 0 0
0 0 0 0
0 0 0 0
0 0 0 0
0 0 0 0
0 0 0 0
0 0 0 0
0 0 0 0
0 0 0 0
0 0 0 0
0 0 0 0
0 0 0 0
0 0 0 0
0 0 0 0
0 0 0 0
0 0 0 0
0 0 0 0
0 0 0 0
0 0 0 0
0 0 0 0
0 0 0 0
0 0 0 0
0 0 0 0
0 0 0 0
0 0 0 0

26 4895 33 47016
22 2118 28 152506
0 0 0 0
26 2018 26 3498
288 27128 339 2734119
0 0 0 0
0 0 0 0
0 0 0 0
15 6223 20 2116
32 20069 46 2657
9 1802 8 1154
204 23136 295 5383818
117 37593 513 648949
5 298 5 302
23 4278 26 15677
49 6038 54 37222
26 5598 29 6705
0 0 0 0
46 21603 47 144493
27 2155 27 4302
4 223 4 160
3 464 3 2987
0 0 0 0
173 127429 239 202947
10 2322 12 13481
0 0 0 0
16 2713 15 2046
0 0 0 0
4 604 3 861
1 76 1 76
8 2060 7 3556
0 0 0 0
4 1952 6 2936
3 1587 5 2385
6 3785 9 4010
0 0 0 0
0 0 0 0
11 6501 17 6921
0 0 0 0
0 0 0 0
0 0 0 0
0 0 0 0
26 5473 29 19349
39 7778 43 6058
0 0 0 0
1 146 0 0
0 0 0 0
0 0 0 0
0 0 0 0
93 8915 127 1919776
93 20234 108 731173
20 1259 22 15936
0 0 0 0
0 0 0 0
2 100 2 80
23 3868 26 14884
40 4596 78 100344
9 2126 9 2440
15 1845 16 60180
19 2197 19 111977
5 307 5 393
17 11562 12 6828
75 14342 75 179321
35 12380 29 73480
109 28810 511 667616
36 5332 44 70171
7 2121 8 3037
36 5598 72 98536
3 1586 4 2234
4 2341 8 2774
91 16227 98 48055
22 15457 22 31644
283 19928 323 3532830
206 1145653 901 178027
10 1997 11 4482
3 144 3 180
14 2420 14 25282
17 2989 18 11846
20 2716 20 10364
9 1687 9 5637
49 9677 44 34688
20 2980 15 11092
12 1818 9 2475
38 7495 40 20226
13 2904 14 6259
12 2770 14 6860
7 1081 6 6046
285 14884 464 10575159
10 1352 9 5456
0 0 0 0
0 0 0 0
0 0 0 0
0 0 0 0
0 0 0 0
0 0 0 0
0 0 0 0
0 0 0 0
0 0 0 0
0 0 0 0
0 0 0 0
0 0 0 0
0 0 0 0
0 0 0 0
0 0 0 0
0 0 0 0
0 0 0 0
0 0 0 0
0 0 0 0
0 0 0 0
0 0 0 0
0 0 0 0
0 0 0 0
0 0 0 0
0 0 0 0
0 0 0 0
0 0 0 0
0 0 0 0
0 0 0 0
0 0 0 0
0 0 0 0
0 0 0 0
0 0 0 0
0 0 0 0
0 0 0 0
0 0 0 0
0 0 0 0
0 0 0 0
0 0 0 0

26 4895 33 47016
22 2118 28 152506
0 0 0 0
26 2018 26 3498
288 27128 339 2734119
0 0 0 0
0 0 0 0
0 0 0 0
15 6223 20 2116
28 20069 46 2657
9 1802 8 1154
204 23136 295 5383818
117 37593 513 648949
5 298 5 302
23 4278 26 15677
49 6038 54 37222
26 5598 29 6705
0 0 0 0
46 21603 47 144493
27 2155 27 4302
4 223 4 160
3 464 3 2987
0 0 0 0
54 49059 73 131470
10 2322 12 13481
0 0 0 0
16 2713 15 2046
0 0 0 0
13 2316 12 4906
1 76 1 76
50 5529 203 429837
0 0 0 0
4 1952 6 2936
3 1587 5 2385
6 3785 9 4010
0 0 0 0
0 0 0 0
11 6501 17 6921
28 3366 28 65224
0 0 0 0
0 0 0 0
0 0 0 0
26 5473 29 19349
39 7778 43 6058
0 0 0 0
1 146 0 0
0 0 0 0
0 0 0 0
0 0 0 0
93 8915 127 1374085
93 20234 108 731173
20 1256 22 15936
0 0 0 0
0 0 0 0
2 100 2 80
23 3868 26 14884
40 4596 78 100344
9 2126 9 2440
15 1845 16 60180
19 2197 19 111977
5 307 5 393
17 11562 12 6828
75 14342 75 179321
35 12380 29 73480
112 35086 526 684206
36 5332 44 70171
7 2121 8 4025
36 5598 72 98536
3 1586 4 2234
4 2341 8 2774
91 16227 98 48055
22 15457 22 31644
283 19928 323 3532830
206 1145653 901 178027
10 1997 11 4482
3 144 3 180
14 2420 14 25282
17 2989 18 11846
20 2716 20 10364
9 1687 9 5637
49 9677 44 34688
20 2980 15 11092
12 1818 9 2475
38 7495 40 20226
13 2904 14 6259
12 2770 14 6860
7 1081 6 6046
285 14884 464 10575159
10 1352 9 5456
4 603 3 1012
15 2997 17 6973
6 2087 8 2763
8 3323 20 20772
8 1864 7 1145
14 2019 13 32300
4 615 3 1196
46 9240 47 19855
7 1058 6 5196
24 4834 27 11119
331 21906 360 2122162
17 4106 18 9759
31 3012 32 235017
34 4117 35 113514
11 1703 11 4326
67 23856 63 21733
0 0 0 0
0 0 0 0
0 0 0 0
0 0 0 0
0 0 0 0
0 0 0 0
0 0 0 0
0 0 0 0
0 0 0 0
0 0 0 0
0 0 0 0
0 0 0 0
0 0 0 0
0 0 0 0
0 0 0 0
0 0 0 0
0 0 0 0
0 0 0 0
0 0 0 0
0 0 0 0
0 0 0 0
0 0 0 0
0 0 0 0

26 4895 33 47016
7 280 7 1193
0 0 0 0
17 1331 17 2385
11 3610 11 2223
0 0 0 0
0 0 0 0
0 0 0 0
15 6223 20 2116
28 20069 46 2657
4 223 4 160
204 23136 295 5383818
4 223 4 160
4 298 5 302
23 3658 26 10420
4 223 4 160
26 5598 29 6705
0 0 0 0
46 21603 47 144493
27 2155 27 4302
0 0 0 0
3 464 3 2987
0 0 0 0
54 49059 73 131470
0 0 0 0
0 0 0 0
0 0 0 0
0 0 0 0
13 2316 12 4906
1 76 1 76
50 5529 203 429837
0 0 0 0
0 0 0 0
0 0 0 0
0 0 0 0
0 0 0 0
0 0 0 0
0 0 0 0
28 3366 28 65224
0 0 0 0
0 0 0 0
0 0 0 0
26 5473 29 19349
39 7778 43 6058
0 0 0 0
1 146 0 0
0 0 0 0
0 0 0 0
0 0 0 0
93 8915 127 1374085
93 20234 108 731173
20 1256 22 15936
0 0 0 0
0 0 0 0
0 0 0 0
0 0 0 0
0 0 0 0
4 223 4 160
8 1283 9 4627
4 223 4 160
5 307 5 393
17 11562 12 6828
75 14342 75 179321
35 12380 29 73480
112 35086 526 684206
36 5332 44 70171
7 2121 8 4025
36 5598 72 98536
3 1586 4 2234
4 2341 8 2774
91 16227 98 48055
22 15457 22 31644
283 19928 323 3532830
206 1145653 901 178027
10 1997 11 4482
3 144 3 180
14 2420 14 25282
17 2989 18 11846
20 2716 20 10364
9 1687 9 5637
49 9677 44 34688
20 2980 15 11092
12 1818 9 2475
38 7495 40 20226
13 2904 14 6259
12 2770 14 6860
7 1081 6 6046
285 14884 464 10575159
10 1352 9 5456
4 603 3 1012
15 2997 17 6973
6 2087 8 2763
8 3323 20 20772
8 1864 7 1145
14 5599 13 37870
4 615 3 1196
49 19344 47 26177
112 13974 107 616597
24 4834 27 11119
331 21906 360 2122162
17 4106 18 9759
31 3012 32 235017
34 4117 62 113514
11 1703 11 4326
67 28517 63 21733
17 14706 23 7063
9 5887 12 5159
33 60027 54 9589
32 2713 31 140612
14 2715 12 5313
98 11495 150 400089
30 3885 28 20799
19 2661 19 13485
5 888 4 3084
0 0 0 0
0 0 0 0
0 0 0 0
0 0 0 0
0 0 0 0
0 0 0 0
0 0 0 0
0 0 0 0
0 0 0 0
0 0 0 0
0 0 0 0
0 0 0 0
0 0 0 0
0 0 0 0

26 4895 33 47016
7 280 7 1193
0 0 0 0
135 9084 135 17918
11 3610 11 2223
12 1309 14 11217
9 1538 9 1667
0 0 0 0
15 6223 20 2116
28 20069 46 2657
4 223 4 160
204 23136 295 5383818
4 223 4 160
4 298 5 302
23 3658 26 10420
4 223 4 160
26 70799 57 6705
0 0 0 0
46 21603 47 144493
27 2155 27 4302
0 0 0 0
2 424 2 1340
0 0 0 0
54 49059 73 131470
0 0 0 0
0 0 0 0
13 2592 12 1926
0 0 0 0
13 2316 12 4906
1 76 1 76
50 5529 203 429837
0 0 0 0
0 0 0 0
0 0 0 0
0 0 0 0
0 0 0 0
0 0 0 0
0 0 0 0
28 3366 28 65224
0 0 0 0
0 0 0 0
0 0 0 0
26 5473 29 19349
39 7778 43 6058
0 0 0 0
1 146 0 0
0 0 0 0
0 0 0 0
0 0 0 0
93 8915 127 1374085
93 20234 108 731173
20 1256 22 15936
0 0 0 0
0 0 0 0
0 0 0 0
0 0 0 0
9 1317 8 5610
4 223 4 160
33 3813 31 60247
4 223 4 160
5 307 5 393
17 11562 12 6828
75 14342 75 179321
35 12380 29 73480
112 35086 526 684206
36 5332 44 70171
7 2121 8 4025
36 5598 72 98536
21 3324 26 18270
4 2341 8 2774
91 16227 98 48055
22 15457 22 31644
283 19928 323 3532830
206 1145653 901 178027
10 1997 11 4482
3 144 3 180
14 2420 14 25282
17 2989 18 11846
20 2716 20 10364
9 1687 9 5637
49 9677 44 34688
20 2980 15 11092
12 1818 9 2475
38 7495 40 20226
13 2904 14 6259
12 2770 14 6860
7 1081 6 6046
285 14884 464 10575159
10 1352 9 5456
4 603 3 1012
15 2997 17 6973
6 2087 8 2763
8 3323 20 20772
8 1864 7 1145
14 5609 13 37870
4 615 3 1196
56 19344 56 43509
112 13974 107 616597
24 4834 27 11119
331 21906 360 2122162
17 4682 18 9759
31 3012 32 235017
34 4117 62 113514
11 1703 11 4326
67 28517 63 21733
17 14706 23 7063
12 6824 14 5159
33 60027 54 9589
32 2713 31 140612
14 2715 12 5313
98 11495 150 400089
30 3885 28 20799
19 2661 19 13485
5 888 4 3084
47 3810 47 709061
219 19520 371 11245809
0 0 0 0
0 0 0 0
0 0 0 0
0 0 0 0
0 0 0 0
0 0 0 0
0 0 0 0
0 0 0 0
0 0 0 0
0 0 0 0
0 0 0 0
0 0 0 0

26 4895 33 47016
7 280 7 1193
0 0 0 0
135 9084 135 17918
11 3610 11 2223
12 1309 14 11217
9 1538 9 1667
0 0 0 0
15 6223 20 2116
28 20069 46 2657
4 223 4 160
204 23136 295 5383818
0 0 0 0
4 298 5 302
23 3658 26 10420
4 223 4 160
26 70799 57 6705
0 0 0 0
46 21603 47 144493
27 2155 27 4302
9 2107 10 1431
2 424 2 1340
0 0 0 0
51 49059 73 62641
0 0 0 0
0 0 0 0
13 2592 12 1926
0 0 0 0
13 2316 12 4906
1 76 1 76
50 5529 203 429837
0 0 0 0
0 0 0 0
0 0 0 0
0 0 0 0
0 0 0 0
0 0 0 0
0 0 0 0
28 3366 28 65224
0 0 0 0
0 0 0 0
0 0 0 0
26 5473 29 19349
14 2774 14 5956
0 0 0 0
1 146 0 0
0 0 0 0
0 0 0 0
0 0 0 0
68 8915 96 167681
93 20234 108 731173
20 1256 22 15936
0 0 0 0
0 0 0 0
0 0 0 0
0 0 0 0
9 1317 8 5610
4 223 4 160
33 3813 31 60247
4 223 4 160
5 307 5 393
17 11562 12 6828
75 14342 75 179321
35 12380 29 73480
112 35086 526 684206
36 5332 44 70171
7 2121 8 4025
36 5598 72 98536
21 3324 26 18270
4 2341 8 2774
91 16227 98 48055
22 15457 22 31644
283 19928 323 3532830
206 1145653 901 178027
10 1997 11 4482
3 144 3 180
14 2420 14 25282
17 2989 18 11846
20 2716 20 10364
9 1687 9 5637
49 9677 44 34688
20 2980 15 11092
12 1818 9 2475
38 7495 40 20226
13 2904 14 6259
12 2770 14 6860
7 1081 6 6046
285 14884 464 10575159
10 1352 9 5456
4 603 3 1012
15 2997 17 6973
6 2087 8 2763
8 3323 20 20772
8 1864 7 1145
14 5609 13 37870
4 615 3 1196
96 31337 105 47211
112 13974 107 616597
24 4834 27 11119
331 21906 360 2122162
17 4682 18 9759
31 3012 32 235017
34 4117 62 113514
11 1703 11 4326
67 28517 63 21733
17 14706 23 7063
14 6824 14 49078
33 60027 54 9589
32 2713 31 140612
14 2715 12 5313
98 11495 150 400089
30 3885 28 20799
19 2661 19 13485
5 888 4 3084
47 3810 47 709061
219 19520 371 11245809
11 2010 12 6766
0 0 0 0
0 0 0 0
0 0 0 0
0 0 0 0
0 0 0 0
0 0 0 0
0 0 0 0
0 0 0 0
0 0 0 0
0 0 0 0
0 0 0 0

26 4895 33 47016
9 404 9 1193
0 0 0 0
135 9084 135 17918
11 3610 11 2223
12 1309 14 11217
9 1538 9 1667
0 0 0 0
15 6223 20 2116
28 20069 46 2657
0 0 0 0
204 23136 295 5383818
0 0 0 0
4 298 5 302
23 3658 26 10420
0 0 0 0
26 70799 57 6705
0 0 0 0
46 21603 47 144493
27 2155 27 4302
9 2107 10 1431
2 424 2 1340
0 0 0 0
12 10390 14 12878
0 0 0 0
0 0 0 0
13 2592 12 1926
0 0 0 0
13 2316 12 4906
0 0 0 0
50 5529 203 429837
0 0 0 0
0 0 0 0
0 0 0 0
0 0 0 0
0 0 0 0
0 0 0 0
0 0 0 0
28 3366 28 65224
0 0 0 0
0 0 0 0
0 0 0 0
26 5473 29 19349
14 2774 14 5956
0 0 0 0
1 146 0 0
0 0 0 0
5 307 5 393
0 0 0 0
15 1770 15 5800
5 494 6 1582
20 1256 22 15936
0 0 0 0
0 0 0 0
0 0 0 0
0 0 0 0
9 1317 8 5610
0 0 0 0
33 3813 31 60247
0 0 0 0
5 307 5 393
17 11562 12 6828
75 14342 75 179321
35 12380 29 73480
112 35086 526 684206
36 5332 44 70171
7 2121 8 4025
36 5598 72 98536
21 3324 26 18270
4 2341 8 2774
91 16227 98 48055
22 15457 22 31644
283 19928 323 3532830
206 1145653 901 178027
10 1997 11 4482
3 144 3 180
14 2420 14 25282
17 2989 18 11846
20 2716 20 10364
9 1687 9 5637
49 9677 44 34688
20 2980 15 11092
12 1818 9 2475
38 7495 40 20226
13 2904 14 6259
12 2770 14 6860
7 1081 6 6046
285 14884 464 10575159
10 1352 9 5456
4 603 3 1012
15 2997 17 6973
6 2087 8 2763
8 3323 20 20772
8 1864 7 1145
14 5609 13 37870
4 615 3 1196
96 31337 105 47211
112 13974 107 616597
24 4834 27 11119
331 21906 360 2122162
17 4682 18 9759
31 3012 32 235017
34 4117 62 113514
11 1703 11 4326
67 28517 63 21733
17 14706 23 7063
14 6824 14 49078
33 60027 54 9589
32 2713 31 140612
14 2715 12 5313
98 11495 150 400089
30 3885 28 20799
19 2661 19 13485
5 888 4 3084
47 3810 47 709061
219 19520 371 11245809
11 2010 12 6766
0 0 0 0
0 0 0 0
0 0 0 0
0 0 0 0
0 0 0 0
0 0 0 0
0 0 0 0
0 0 0 0
0 0 0 0
0 0 0 0
0 0 0 0

4 223 5 239
9 404 9 1193
0 0 0 0
135 9084 135 17918
11 3610 11 2223
12 1309 14 11217
9 1538 9 1667
0 0 0 0
8 2605 8 3776
9 6688 13 645
0 0 0 0
70 7766 104 1364248
122 35252 706 915942
4 298 5 302
23 3658 26 10420
0 0 0 0
26 70799 57 6705
0 0 0 0
46 5159 47 144493
27 2155 27 4302
9 2107 10 1431
2 424 2 1340
0 0 0 0
12 10390 14 12878
0 0 0 0
0 0 0 0
13 2592 12 1926
0 0 0 0
13 2316 12 4906
0 0 0 0
50 5529 203 429837
18 3953 17 8192
3 1587 5 2385
119 16879 801 1080749
5 3715 9 4013
0 0 0 0
0 0 0 0
26 4305 29 14330
28 5098 28 65224
0 0 0 0
0 0 0 0
0 0 0 0
26 5473 29 19349
14 2774 14 5956
0 0 0 0
1 146 0 0
0 0 0 0
5 307 5 393
0 0 0 0
15 1770 15 5800
5 263 6 279
20 1256 22 15936
0 0 0 0
0 0 0 0
0 0 0 0
48 8505 52 56873
9 1317 8 5610
0 0 0 0
33 3813 31 60247
0 0 0 0
5 307 5 393
5 2770 6 279
5 2770 6 279
5 2770 6 279
112 35086 526 684206
36 5332 44 70171
7 2121 8 4025
36 5598 72 98536
21 3324 26 18270
4 2341 8 2774
91 16227 98 48055
22 15457 22 31644
283 19928 323 3532830
206 1145653 901 178027
10 1997 11 4482
3 144 3 180
14 2420 14 25282
17 2989 18 11846
20 2716 20 10364
9 1687 9 5637
49 9677 44 34688
20 2980 15 11092
12 1818 9 2475
38 7495 40 20226
13 2904 14 6259
12 2770 14 6860
7 1081 6 6046
285 14884 464 10575159
10 1352 9 5456
4 603 3 1012
15 2997 17 6973
6 2087 8 2763
8 3323 20 20772
8 1864 7 1145
14 5609 13 37870
4 615 3 1196
96 31337 105 47211
112 13974 107 616597
24 4834 27 11119
331 21906 360 2122162
17 4682 18 9759
31 3012 32 235017
34 4117 62 113514
11 1703 11 4326
67 28517 63 21733
17 14706 23 7063
14 6824 14 49078
33 60027 54 9589
32 2713 31 140612
14 2715 12 5313
98 11495 150 400089
30 3885 28 20799
19 2661 19 13485
5 888 4 3084
47 3810 47 709061
219 19520 371 11245809
11 2010 12 6766
55 7723 56 33703
10 3531 10 3027
6 2092 8 2856
26 3996 25 17633
23 3880 23 13488
12 1444 11 5771
0 0 0 0
0 0 0 0
0 0 0 0
0 0 0 0
0 0 0 0

4 223 5 239
9 404 9 1193
0 0 0 0
135 9084 135 17918
11 3610 11 2223
12 1309 14 11217
9 1538 9 1667
0 0 0 0
8 2605 8 3776
8 6130 9 461
0 0 0 0
6 335 7 332
208 39199 792 1042943
2 149 2 221
23 3658 26 10420
0 0 0 0
26 70799 57 6705
0 0 0 0
8 3312 8 1670
27 2155 27 4302
9 2107 10 1431
1 68 2 104
0 0 0 0
9 2708 12 4522
0 0 0 0
0 0 0 0
13 2592 12 1926
0 0 0 0
13 2316 12 4906
0 0 0 0
50 5529 203 429837
18 3953 17 8192
3 1587 5 2385
119 16879 801 1080749
5 3715 9 4013
0 0 0 0
0 0 0 0
26 4305 29 14330
28 5098 28 65224
0 0 0 0
0 0 0 0
0 0 0 0
26 5473 29 19349
14 2774 14 5956
0 0 0 0
1 146 0 0
0 0 0 0
5 307 5 393
0 0 0 0
11 1770 10 5800
5 263 6 279
0 0 0 0
0 0 0 0
0 0 0 0
0 0 0 0
48 8505 52 56873
28 11863 22 51639
0 0 0 0
33 3813 31 60247
0 0 0 0
5 307 5 393
5 263 6 279
5 263 6 279
5 263 6 279
112 35086 526 684206
32 5130 31 45457
3 1586 6 4025
13 5575 12 3432
21 3324 26 18270
0 0 0 0
91 16227 98 48055
4 237 5 277
283 19928 323 3532830
206 1145653 901 178027
3 197 4 237
1 48 1 60
14 2420 14 25282
17 2989 18 11846
20 2716 20 10364
9 1687 9 5637
49 9677 44 34688
20 2980 15 11092
12 1818 9 2475
38 7495 40 20226
13 2904 14 6259
12 2770 14 6860
7 1081 6 6046
285 14884 464 10575159
10 1352 9 5456
4 603 3 1012
15 2997 17 6973
6 2087 8 2763
8 3323 20 20772
8 1864 7 1145
14 5609 13 37870
4 615 3 1196
96 31337 105 47211
112 13974 107 616597
24 4834 27 11119
331 21906 360 2122162
17 4682 18 9759
31 3012 32 235017
34 4117 62 113514
11 1703 11 4326
67 28517 63 21733
17 14706 23 7063
14 6824 14 49078
33 60027 54 9589
32 2713 31 140612
14 2715 12 5313
98 11495 150 400089
30 3885 28 20799
19 2661 19 13485
5 888 4 3084
47 3810 47 709061
219 19520 371 11245809
11 2010 12 6766
55 7723 56 33703
10 3531 10 3027
6 2092 8 2856
26 3996 25 17633
23 3880 23 13488
12 1444 11 5771
105 13637 106 539167
49 14749 41 63339
13 1895 11 4600
0 0 0 0
0 0 0 0

4 223 5 239
9 404 9 1193
0 0 0 0
135 9084 135 17918
11 3610 11 2223
12 1309 14 11217
9 1538 9 1667
0 0 0 0
8 2605 8 3776
8 6130 9 461
0 0 0 0
6 335 7 332
208 39199 792 1042943
2 149 2 221
17 2767 13 3377
0 0 0 0
26 70799 57 6705
0 0 0 0
8 3357 9 2135
25 1943 25 3666
9 2107 10 1431
1 68 2 104
0 0 0 0
9 2708 9 3868
0 0 0 0
0 0 0 0
13 2592 12 1926
0 0 0 0
13 2316 12 4906
0 0 0 0
50 5529 203 429837
18 3953 17 8192
3 1587 5 2385
119 16879 801 1080749
5 3715 9 4013
0 0 0 0
0 0 0 0
26 4305 29 14330
28 5098 47 65224
0 0 0 0
0 0 0 0
23 4417 21 6173
4 223 4 160
14 2774 14 5956
0 0 0 0
1 146 0 0
0 0 0 0
5 307 5 393
0 0 0 0
11 1770 10 5800
5 263 6 279
0 0 0 0
0 0 0 0
0 0 0 0
0 0 0 0
48 8505 52 56873
28 11863 22 51639
0 0 0 0
33 3813 31 191362
0 0 0 0
5 307 5 393
5 263 6 279
5 263 6 279
5 263 6 279
112 35086 526 684206
32 5130 31 45457
3 1586 6 4025
13 5575 12 3432
21 3324 26 18270
0 0 0 0
6 2096 8 2856
4 237 5 277
283 19259 323 2764220
163 613971 529 78654
0 0 0 0
0 0 0 0
0 0 0 0
4 223 4 160
0 0 0 0
0 0 0 0
20 955 20 955
9 360 13 520
6 240 6 240
0 0 0 0
2 126 2 126
5 263 6 264
0 0 0 0
285 14884 464 10575159
10 1352 9 5456
4 603 3 1012
15 2997 17 6973
6 2087 8 2763
8 3323 20 20772
8 1864 7 1145
14 5609 13 37870
4 615 3 1196
96 31337 105 47211
112 13974 107 616597
24 4834 27 11119
331 21906 360 2122162
17 4682 18 9759
31 3012 32 235017
34 4117 62 113514
11 1703 11 4326
67 28517 63 21733
17 14706 23 7063
14 6824 14 49078
33 60027 54 9589
32 2713 31 140612
14 2715 12 5313
98 11495 150 400089
30 3885 28 20799
19 2661 19 13485
5 888 4 3084
47 3810 47 709061
219 19520 371 11245809
11 2010 12 6766
55 7723 56 33703
10 3531 10 3027
6 2092 8 2856
26 3996 25 17633
23 3880 23 13488
12 1444 11 5771
105 13637 106 539167
49 14749 41 63339
13 1895 11 4600
0 0 0 0
0 0 0 0

0 0 0 0
9 404 9 1193
0 0 0 0
135 9084 135 17918
11 3610 11 2223
12 1309 14 11217
9 1538 9 1667
0 0 0 0
8 2605 8 3776
8 6130 9 461
0 0 0 0
6 335 7 332
208 39199 792 1042943
2 149 2 221
17 2767 13 3377
0 0 0 0
26 70799 57 6705
0 0 0 0
8 3357 9 2135
25 1943 25 3666
9 2107 10 1431
1 68 2 104
0 0 0 0
9 2708 9 3868
0 0 0 0
0 0 0 0
13 2592 12 1926
0 0 0 0
13 2316 12 4906
0 0 0 0
50 5529 203 429837
18 3953 17 8192
3 1587 5 2385
119 16879 801 1080749
5 3715 9 4013
0 0 0 0
0 0 0 0
26 4305 29 14330
28 5098 47 65224
0 0 0 0
0 0 0 0
23 4417 21 6173
4 223 4 160
13 2593 14 2006
0 0 0 0
1 146 0 0
0 0 0 0
5 307 5 393
0 0 0 0
11 2103 10 5800
0 0 0 0
0 0 0 0
0 0 0 0
0 0 0 0
0 0 0 0
48 8505 52 56873
28 11863 22 51639
0 0 0 0
33 3813 31 191362
0 0 0 0
5 307 5 393
0 0 0 0
0 0 0 0
0 0 0 0
112 35086 526 684206
32 5130 31 45457
3 1586 6 4025
13 5575 12 3432
21 3324 26 18270
0 0 0 0
6 2096 8 2856
0 0 0 0
62 8833 68 1147312
77 357749 292 63000
0 0 0 0
0 0 0 0
0 0 0 0
4 223 4 160
0 0 0 0
0 0 0 0
0 0 0 0
0 0 0 0
6 240 6 240
0 0 0 0
2 126 2 126
5 263 6 264
0 0 0 0
6 342 7 343
10 1352 9 5456
4 603 3 1012
15 2997 17 6973
6 2087 8 2763
8 3323 20 20772
8 1864 7 1145
14 5609 13 37870
4 615 3 1196
96 31337 105 47211
112 13974 107 616597
24 4834 27 11119
331 21906 360 2122162
17 4682 18 9759
36 4518 32 235017
34 4117 117 156725
11 1703 11 4326
67 28517 63 21733
17 14706 23 7063
14 6824 14 49078
33 60027 54 9589
32 2713 31 140612
14 2715 12 5313
98 11495 150 400089
30 3885 28 20799
19 2661 19 13485
5 888 4 3084
47 3810 47 709061
219 19520 371 11245809
11 2010 12 6766
55 7723 56 33703
10 3531 10 3027
6 2092 8 2856
26 3996 25 17633
23 3880 23 13488
12 1444 11 5771
105 13637 106 539167
49 14749 41 63339
13 1895 11 4600
16 1535 18 7249
0 0 0 0

