1595 135736 2110 28871150
151 7696 152 16509
1 40 1 40
315 23556 288 41180
249 73726 268 133421
5 277 5 200
4 237 4 160
4 237 4 160
1255 265063 1396 678297
253 131281 330 17863
7 421 7 358
246 181639 334 31720
610 146453 793 3799962
72 9656 75 6044
120 33407 534 667860
141 15729 143 211474
99 21703 109 14966
1 40 1 40
476 232124 545 491841
91 7749 77 10665
8 461 8 398
3 176 4 208
5 307 5 352
35 5579 39 7360
203 19484 250 3242924
178 15045 189 1828048
35 7641 37 5818
65 22875 61 330242
34 2248 32 2762
1 76 1 76
27 5729 34 24527
44 10590 45 22506
52 7953 64 73685
3 1587 4 2234
17 7719 17 5687
7 4306 12 3122
16 3185 18 7853
14 3016 16 3476
23 6825 51 56025
29 5250 64 62611
421 49212 527 4659363
30 4967 31 6902
20 5979 22 4802
23 5066 24 3852
5 307 5 393
1 73 0 0
0 0 1 40
0 0 0 0
0 0 0 0
0 0 0 0
0 0 0 0
0 0 0 0
0 0 0 0
0 0 0 0
0 0 0 0
0 0 0 0
0 0 0 0
0 0 0 0
0 0 0 0
0 0 0 0
0 0 0 0
0 0 0 0
0 0 0 0
0 0 0 0
0 0 0 0
0 0 0 0
0 0 0 0
0 0 0 0
0 0 0 0
0 0 0 0
0 0 0 0
0 0 0 0
0 0 0 0
0 0 0 0
0 0 0 0
0 0 0 0
0 0 0 0
0 0 0 0
0 0 0 0
0 0 0 0
0 0 0 0
0 0 0 0
0 0 0 0
0 0 0 0
0 0 0 0
0 0 0 0
0 0 0 0
0 0 0 0
0 0 0 0
0 0 0 0
0 0 0 0
0 0 0 0
0 0 0 0
0 0 0 0
0 0 0 0
0 0 0 0
0 0 0 0
0 0 0 0
0 0 0 0
0 0 0 0
0 0 0 0
0 0 0 0
0 0 0 0
0 0 0 0
0 0 0 0
0 0 0 0
0 0 0 0
0 0 0 0
0 0 0 0
0 0 0 0
0 0 0 0
0 0 0 0
0 0 0 0
0 0 0 0
0 0 0 0
0 0 0 0
0 0 0 0
0 0 0 0
0 0 0 0
0 0 0 0
0 0 0 0
0 0 0 0
0 0 0 0
0 0 0 0
0 0 0 0
0 0 0 0
0 0 0 0
0 0 0 0

1942 163369 2705 40282650
142 7292 143 14805
0 0 0 0
263 19567 245 34578
238 70649 258 131461
0 0 0 0
0 0 0 0
0 0 0 0
975 226984 1101 510695
281 174138 387 20718
5 302 5 239
1283 333187 2188 43004834
580 140782 759 3782227
53 3779 54 3824
112 32641 527 666875
141 15729 142 211434
78 16070 84 11962
0 0 0 0
644 313141 744 705789
87 7441 74 10434
6 342 6 279
2 136 4 208
0 0 0 0
45 7906 50 10585
203 19484 250 3242924
178 15045 189 1828048
46 10154 48 7704
65 22875 61 330242
34 2248 32 2762
1 76 1 76
27 5729 34 24527
44 10590 45 22506
52 7953 64 73685
3 1587 4 2234
17 7719 17 5687
7 4306 12 3122
16 3185 18 7853
14 3016 16 3476
23 6825 51 56025
29 5250 64 62611
421 49212 527 4659363
30 4967 31 6902
20 5979 22 4802
23 5066 24 3852
5 307 5 393
1 73 0 0
0 0 1 40
5 307 5 393
0 0 0 0
0 0 0 0
0 0 0 0
0 0 0 0
0 0 0 0
0 0 0 0
0 0 0 0
0 0 0 0
0 0 0 0
0 0 0 0
0 0 0 0
0 0 0 0
0 0 0 0
0 0 0 0
0 0 0 0
0 0 0 0
0 0 0 0
0 0 0 0
0 0 0 0
0 0 0 0
0 0 0 0
0 0 0 0
0 0 0 0
0 0 0 0
0 0 0 0
0 0 0 0
0 0 0 0
0 0 0 0
0 0 0 0
0 0 0 0
0 0 0 0
0 0 0 0
0 0 0 0
0 0 0 0
0 0 0 0
0 0 0 0
0 0 0 0
0 0 0 0
0 0 0 0
0 0 0 0
0 0 0 0
0 0 0 0
0 0 0 0
0 0 0 0
0 0 0 0
0 0 0 0
0 0 0 0
0 0 0 0
0 0 0 0
0 0 0 0
0 0 0 0
0 0 0 0
0 0 0 0
0 0 0 0
0 0 0 0
0 0 0 0
0 0 0 0
0 0 0 0
0 0 0 0
0 0 0 0
0 0 0 0
0 0 0 0
0 0 0 0
0 0 0 0
0 0 0 0
0 0 0 0
0 0 0 0
0 0 0 0
0 0 0 0
0 0 0 0
0 0 0 0
0 0 0 0
0 0 0 0
0 0 0 0
0 0 0 0
0 0 0 0
0 0 0 0
0 0 0 0
0 0 0 0
0 0 0 0

1953 164975 2720 40549798
131 6353 131 12946
0 0 0 0
241 17894 230 32600
192 60011 207 86702
0 0 0 0
0 0 0 0
0 0 0 0
644 166415 740 361760
283 182780 395 21088
0 0 0 0
1339 340028 2277 43528642
576 140544 755 3781989
51 3660 52 3705
106 32401 521 666635
74 6296 75 116027
79 16127 85 11956
0 0 0 0
692 328200 792 737305
76 6544 69 9954
4 223 4 160
2 136 4 208
0 0 0 0
38 5716 43 7572
139 11967 182 2678451
119 8025 130 1548027
34 7601 36 5778
65 22875 61 330242
34 2248 32 2762
1 76 1 76
27 5729 34 24527
44 10590 45 22506
52 7953 64 73685
3 1587 4 2234
17 7719 17 5687
7 4306 12 3122
16 3185 18 7853
14 3016 16 3476
23 6825 51 56025
29 5250 64 62611
421 49212 527 4659363
30 4967 31 6902
20 5979 22 4802
23 5066 24 3852
5 307 5 393
1 73 0 0
0 0 1 40
5 307 5 393
72 7707 81 269276
0 0 0 0
0 0 0 0
0 0 0 0
0 0 0 0
0 0 0 0
0 0 0 0
0 0 0 0
0 0 0 0
0 0 0 0
0 0 0 0
0 0 0 0
0 0 0 0
0 0 0 0
0 0 0 0
0 0 0 0
0 0 0 0
0 0 0 0
0 0 0 0
0 0 0 0
0 0 0 0
0 0 0 0
0 0 0 0
0 0 0 0
0 0 0 0
0 0 0 0
0 0 0 0
0 0 0 0
0 0 0 0
0 0 0 0
0 0 0 0
0 0 0 0
0 0 0 0
0 0 0 0
0 0 0 0
0 0 0 0
0 0 0 0
0 0 0 0
0 0 0 0
0 0 0 0
0 0 0 0
0 0 0 0
0 0 0 0
0 0 0 0
0 0 0 0
0 0 0 0
0 0 0 0
0 0 0 0
0 0 0 0
0 0 0 0
0 0 0 0
0 0 0 0
0 0 0 0
0 0 0 0
0 0 0 0
0 0 0 0
0 0 0 0
0 0 0 0
0 0 0 0
0 0 0 0
0 0 0 0
0 0 0 0
0 0 0 0
0 0 0 0
0 0 0 0
0 0 0 0
0 0 0 0
0 0 0 0
0 0 0 0
0 0 0 0
0 0 0 0
0 0 0 0
0 0 0 0
0 0 0 0
0 0 0 0
0 0 0 0
0 0 0 0
0 0 0 0
0 0 0 0
0 0 0 0

1955 165094 2722 40549917
121 5968 121 11557
0 0 0 0
208 15733 197 27799
8 461 8 398
0 0 0 0
0 0 0 0
0 0 0 0
404 121860 469 248870
329 235820 476 25178
0 0 0 0
1632 362598 2621 45160930
569 140123 748 3781631
47 3392 48 3435
103 32281 518 666515
16 922 16 796
77 16001 83 11830
0 0 0 0
773 361404 877 776081
76 6544 69 9954
0 0 0 0
2 136 4 208
0 0 0 0
88 22871 105 24155
8 461 8 398
8 461 8 398
34 7601 36 5778
11 3271 10 517
24 960 24 960
2 152 2 152
27 5729 34 24527
44 10590 45 22506
52 7953 64 73685
3 1587 4 2234
17 7719 17 5687
7 4306 12 3122
16 3185 18 7853
14 3016 16 3476
23 6825 51 56025
29 5250 64 62611
421 49212 527 4659363
30 4967 31 6902
20 5979 22 4802
23 5066 24 3852
5 307 5 393
1 73 0 0
0 0 1 40
5 307 5 393
123 10674 141 918568
0 0 0 0
0 0 0 0
0 0 0 0
0 0 0 0
0 0 0 0
0 0 0 0
0 0 0 0
0 0 0 0
0 0 0 0
0 0 0 0
0 0 0 0
0 0 0 0
0 0 0 0
0 0 0 0
0 0 0 0
0 0 0 0
0 0 0 0
0 0 0 0
0 0 0 0
0 0 0 0
0 0 0 0
0 0 0 0
0 0 0 0
0 0 0 0
0 0 0 0
0 0 0 0
0 0 0 0
0 0 0 0
0 0 0 0
0 0 0 0
0 0 0 0
0 0 0 0
0 0 0 0
0 0 0 0
0 0 0 0
0 0 0 0
0 0 0 0
0 0 0 0
0 0 0 0
0 0 0 0
0 0 0 0
0 0 0 0
0 0 0 0
0 0 0 0
0 0 0 0
0 0 0 0
0 0 0 0
0 0 0 0
0 0 0 0
0 0 0 0
0 0 0 0
0 0 0 0
0 0 0 0
0 0 0 0
0 0 0 0
0 0 0 0
0 0 0 0
0 0 0 0
0 0 0 0
0 0 0 0
0 0 0 0
0 0 0 0
0 0 0 0
0 0 0 0
0 0 0 0
0 0 0 0
0 0 0 0
0 0 0 0
0 0 0 0
0 0 0 0
0 0 0 0
0 0 0 0
0 0 0 0
0 0 0 0
0 0 0 0
0 0 0 0
0 0 0 0
0 0 0 0
0 0 0 0

1769 146227 2509 37603792
112 5719 113 10510
0 0 0 0
173 13241 164 23371
18 4522 18 2203
0 0 0 0
0 0 0 0
0 0 0 0
382 83941 429 160514
316 217577 452 23993
0 0 0 0
1606 334960 2580 45153004
256 78249 351 1133404
42 3129 42 3171
63 21706 318 405677
12 684 12 558
57 13199 62 6712
0 0 0 0
643 307557 731 608223
76 6544 69 9954
0 0 0 0
2 136 4 208
0 0 0 0
235 33779 253 599826
6 342 6 279
6 342 6 279
50 11580 53 7908
7 382 8 398
12 480 12 480
1 76 1 76
21 2557 26 20059
0 0 0 0
47 5941 56 70648
0 0 0 0
5 2197 4 840
3 1372 4 349
2 334 3 211
8 925 8 620
14 3455 31 35328
29 5250 64 62611
421 49212 527 4659363
30 4967 31 6902
20 5979 22 4802
23 5066 24 3852
5 307 5 393
1 73 0 0
0 0 1 40
5 307 5 393
125 10800 143 918694
257 26961 343 2964001
131 32324 147 174641
16 3658 16 5151
0 0 0 0
0 0 0 0
0 0 0 0
0 0 0 0
0 0 0 0
0 0 0 0
0 0 0 0
0 0 0 0
0 0 0 0
0 0 0 0
0 0 0 0
0 0 0 0
0 0 0 0
0 0 0 0
0 0 0 0
0 0 0 0
0 0 0 0
0 0 0 0
0 0 0 0
0 0 0 0
0 0 0 0
0 0 0 0
0 0 0 0
0 0 0 0
0 0 0 0
0 0 0 0
0 0 0 0
0 0 0 0
0 0 0 0
0 0 0 0
0 0 0 0
0 0 0 0
0 0 0 0
0 0 0 0
0 0 0 0
0 0 0 0
0 0 0 0
0 0 0 0
0 0 0 0
0 0 0 0
0 0 0 0
0 0 0 0
0 0 0 0
0 0 0 0
0 0 0 0
0 0 0 0
0 0 0 0
0 0 0 0
0 0 0 0
0 0 0 0
0 0 0 0
0 0 0 0
0 0 0 0
0 0 0 0
0 0 0 0
0 0 0 0
0 0 0 0
0 0 0 0
0 0 0 0
0 0 0 0
0 0 0 0
0 0 0 0
0 0 0 0
0 0 0 0
0 0 0 0
0 0 0 0
0 0 0 0
0 0 0 0
0 0 0 0
0 0 0 0
0 0 0 0
0 0 0 0
0 0 0 0
0 0 0 0
0 0 0 0
0 0 0 0

1619 133051 2320 36436341
91 4835 92 8496
0 0 0 0
129 10535 126 17487
18 4522 18 2203
0 0 0 0
0 0 0 0
0 0 0 0
426 92415 475 173699
433 279474 602 36521
0 0 0 0
1640 323535 2605 45159367
12 2276 15 3604
72 9177 73 10367
6 342 6 279
8 446 8 320
53 11382 56 6219
0 0 0 0
671 297327 758 722924
57 4970 51 7311
9 2107 10 1431
5 600 7 2741
0 0 0 0
599 162071 655 2084112
4 223 4 160
4 223 4 160
122 25608 129 19620
5 263 6 279
0 0 0 0
1 76 1 76
0 0 0 0
0 0 0 0
0 0 0 0
0 0 0 0
0 0 0 0
0 0 0 0
0 0 0 0
0 0 0 0
0 0 0 0
0 0 0 0
8 461 8 398
6 381 6 279
7 421 7 358
23 5066 24 3852
5 307 5 393
4 511 0 0
0 0 1 40
5 307 5 393
127 10926 145 918820
634 89624 856 4400892
529 105772 681 2049645
382 53038 430 378726
3 234 0 0
0 0 0 0
0 0 0 0
0 0 0 0
0 0 0 0
0 0 0 0
0 0 0 0
0 0 0 0
0 0 0 0
0 0 0 0
0 0 0 0
0 0 0 0
0 0 0 0
0 0 0 0
0 0 0 0
0 0 0 0
0 0 0 0
0 0 0 0
0 0 0 0
0 0 0 0
0 0 0 0
0 0 0 0
0 0 0 0
0 0 0 0
0 0 0 0
0 0 0 0
0 0 0 0
0 0 0 0
0 0 0 0
0 0 0 0
0 0 0 0
0 0 0 0
0 0 0 0
0 0 0 0
0 0 0 0
0 0 0 0
0 0 0 0
0 0 0 0
0 0 0 0
0 0 0 0
0 0 0 0
0 0 0 0
0 0 0 0
0 0 0 0
0 0 0 0
0 0 0 0
0 0 0 0
0 0 0 0
0 0 0 0
0 0 0 0
0 0 0 0
0 0 0 0
0 0 0 0
0 0 0 0
0 0 0 0
0 0 0 0
0 0 0 0
0 0 0 0
0 0 0 0
0 0 0 0
0 0 0 0
0 0 0 0
0 0 0 0
0 0 0 0
0 0 0 0
0 0 0 0
0 0 0 0
0 0 0 0
0 0 0 0
0 0 0 0
0 0 0 0
0 0 0 0
0 0 0 0
0 0 0 0
0 0 0 0
0 0 0 0

829 63539 1209 17808790
87 4587 88 8271
0 0 0 0
140 11487 137 18918
16 4418 16 2162
0 0 0 0
0 0 0 0
0 0 0 0
352 83093 392 56978
462 289929 637 38625
0 0 0 0
1643 243349 2567 45159565
10 2157 13 3485
78 9525 79 10858
4 223 4 160
0 0 0 0
56 12785 60 6561
0 0 0 0
590 1040685 1162 561518
43 3777 37 5645
11 2226 12 1550
6 640 7 2741
0 0 0 0
826 238852 912 2815668
0 0 0 0
0 0 0 0
133 28163 141 21802
0 0 0 0
0 0 0 0
1 76 1 76
0 0 0 0
0 0 0 0
0 0 0 0
0 0 0 0
0 0 0 0
0 0 0 0
0 0 0 0
0 0 0 0
0 0 0 0
0 0 0 0
6 342 6 279
4 262 4 160
5 302 5 239
0 0 0 0
0 0 0 0
8 1095 0 0
0 0 1 40
5 307 5 393
132 11203 151 919091
801 109789 1081 4709388
1454 329590 1965 3598624
417 55112 465 382215
3 234 0 0
5 307 5 393
0 0 0 0
0 0 0 0
0 0 0 0
0 0 0 0
0 0 0 0
0 0 0 0
0 0 0 0
0 0 0 0
0 0 0 0
0 0 0 0
0 0 0 0
0 0 0 0
0 0 0 0
0 0 0 0
0 0 0 0
0 0 0 0
0 0 0 0
0 0 0 0
0 0 0 0
0 0 0 0
0 0 0 0
0 0 0 0
0 0 0 0
0 0 0 0
0 0 0 0
0 0 0 0
0 0 0 0
0 0 0 0
0 0 0 0
0 0 0 0
0 0 0 0
0 0 0 0
0 0 0 0
0 0 0 0
0 0 0 0
0 0 0 0
0 0 0 0
0 0 0 0
0 0 0 0
0 0 0 0
0 0 0 0
0 0 0 0
0 0 0 0
0 0 0 0
0 0 0 0
0 0 0 0
0 0 0 0
0 0 0 0
0 0 0 0
0 0 0 0
0 0 0 0
0 0 0 0
0 0 0 0
0 0 0 0
0 0 0 0
0 0 0 0
0 0 0 0
0 0 0 0
0 0 0 0
0 0 0 0
0 0 0 0
0 0 0 0
0 0 0 0
0 0 0 0
0 0 0 0
0 0 0 0
0 0 0 0
0 0 0 0
0 0 0 0
0 0 0 0
0 0 0 0
0 0 0 0
0 0 0 0
0 0 0 0

829 63539 1209 17808790
79 4223 80 7518
0 0 0 0
145 11909 142 19444
20 4641 20 2322
0 0 0 0
0 0 0 0
0 0 0 0
298 60777 326 51385
514 312750 705 42181
0 0 0 0
1645 243468 2569 45159702
8 2038 11 3366
83 9902 84 11168
0 0 0 0
0 0 0 0
56 12785 60 6561
0 0 0 0
590 1040090 1162 560508
34 3051 28 4513
13 2345 14 1669
6 640 7 2741
0 0 0 0
1041 387883 1203 3059087
0 0 0 0
0 0 0 0
133 28163 141 21802
0 0 0 0
0 0 0 0
1 76 1 76
0 0 0 0
0 0 0 0
0 0 0 0
0 0 0 0
0 0 0 0
0 0 0 0
0 0 0 0
0 0 0 0
0 0 0 0
0 0 0 0
4 223 4 160
0 0 0 0
3 183 3 120
0 0 0 0
0 0 0 0
8 1095 0 0
0 0 1 40
5 307 5 393
132 11203 151 919091
879 115500 1205 6663259
1507 345844 2047 3700585
475 58773 525 390988
3 234 0 0
5 307 5 393
0 0 0 0
0 0 0 0
0 0 0 0
0 0 0 0
0 0 0 0
0 0 0 0
0 0 0 0
0 0 0 0
0 0 0 0
0 0 0 0
0 0 0 0
0 0 0 0
0 0 0 0
0 0 0 0
0 0 0 0
0 0 0 0
0 0 0 0
0 0 0 0
0 0 0 0
0 0 0 0
0 0 0 0
0 0 0 0
0 0 0 0
0 0 0 0
0 0 0 0
0 0 0 0
0 0 0 0
0 0 0 0
0 0 0 0
0 0 0 0
0 0 0 0
0 0 0 0
0 0 0 0
0 0 0 0
0 0 0 0
0 0 0 0
0 0 0 0
0 0 0 0
0 0 0 0
0 0 0 0
0 0 0 0
0 0 0 0
0 0 0 0
0 0 0 0
0 0 0 0
0 0 0 0
0 0 0 0
0 0 0 0
0 0 0 0
0 0 0 0
0 0 0 0
0 0 0 0
0 0 0 0
0 0 0 0
0 0 0 0
0 0 0 0
0 0 0 0
0 0 0 0
0 0 0 0
0 0 0 0
0 0 0 0
0 0 0 0
0 0 0 0
0 0 0 0
0 0 0 0
0 0 0 0
0 0 0 0
0 0 0 0
0 0 0 0
0 0 0 0
0 0 0 0
0 0 0 0
0 0 0 0
0 0 0 0

831 63643 1212 17808910
96 8032 102 161402
0 0 0 0
201 16109 198 27058
639 76185 714 4498469
0 0 0 0
0 0 0 0
0 0 0 0
242 44199 263 45979
527 317582 720 42957
9 1802 8 1154
1653 243917 2578 45160750
194 71608 983 1191383
92 10463 93 11709
31 7416 36 18590
97 11169 94 68516
59 15053 64 7265
0 0 0 0
605 1045399 1177 562565
49 3845 46 7179
17 2568 18 1829
9 1104 10 5367
0 0 0 0
1055 391385 1218 3060061
17 2700 18 19954
0 0 0 0
163 33509 169 25814
0 0 0 0
0 0 0 0
1 76 1 76
6 2027 7 3527
0 0 0 0
6 2292 9 4275
3 1587 5 2385
6 3785 9 4010
0 0 0 0
0 0 0 0
11 6501 17 6921
0 0 0 0
0 0 0 0
0 0 0 0
0 0 0 0
0 0 0 0
0 0 0 0
0 0 0 0
8 1168 0 0
0 0 1 40
5 307 5 393
132 11203 151 919091
891 116604 1217 6673342
1509 345963 2049 3700704
502 60297 553 392519
3 234 0 0
5 307 5 393
4 180 3 124
23 3868 26 14884
49 5346 124 186084
9 2126 9 2440
15 1845 16 60180
27 3968 27 113131
0 0 0 0
0 0 0 0
0 0 0 0
0 0 0 0
0 0 0 0
0 0 0 0
0 0 0 0
0 0 0 0
0 0 0 0
0 0 0 0
0 0 0 0
0 0 0 0
0 0 0 0
0 0 0 0
0 0 0 0
0 0 0 0
0 0 0 0
0 0 0 0
0 0 0 0
0 0 0 0
0 0 0 0
0 0 0 0
0 0 0 0
0 0 0 0
0 0 0 0
0 0 0 0
0 0 0 0
0 0 0 0
0 0 0 0
0 0 0 0
0 0 0 0
0 0 0 0
0 0 0 0
0 0 0 0
0 0 0 0
0 0 0 0
0 0 0 0
0 0 0 0
0 0 0 0
0 0 0 0
0 0 0 0
0 0 0 0
0 0 0 0
0 0 0 0
0 0 0 0
0 0 0 0
0 0 0 0
0 0 0 0
0 0 0 0
0 0 0 0
0 0 0 0
0 0 0 0
0 0 0 0
0 0 0 0
0 0 0 0
0 0 0 0
0 0 0 0
0 0 0 0
0 0 0 0
0 0 0 0
0 0 0 0
0 0 0 0
0 0 0 0
0 0 0 0
0 0 0 0
0 0 0 0
0 0 0 0
0 0 0 0

826 63380 1206 17808646
98 8154 104 161834
0 0 0 0
201 16109 198 27058
650 77445 725 4500180
0 0 0 0
0 0 0 0
0 0 0 0
201 35179 217 43078
549 325729 746 44298
11 1921 10 1273
1651 243837 2575 45160606
196 71727 985 1191502
96 10761 97 12011
39 7775 44 18949
99 11288 96 68635
49 11771 53 5383
0 0 0 0
637 1056721 1210 567926
52 4034 49 7367
17 2568 18 1829
12 1568 13 8354
0 0 0 0
1060 394259 1224 3060594
17 2700 18 19954
0 0 0 0
163 33509 169 25814
0 0 0 0
0 0 0 0
1 76 1 76
6 2027 7 3527
0 0 0 0
6 2292 9 4275
3 1587 5 2385
6 3785 9 4010
0 0 0 0
0 0 0 0
11 6501 17 6921
0 0 0 0
0 0 0 0
0 0 0 0
0 0 0 0
0 0 0 0
0 0 0 0
0 0 0 0
8 1168 0 0
0 0 0 0
5 307 5 393
132 11203 151 919091
895 116842 1221 6673580
1511 346082 2051 3700823
528 61721 579 394032
3 234 0 0
5 307 5 393
4 180 3 124
23 3868 26 14884
49 5346 124 186084
11 2245 11 2559
17 1964 18 60299
29 4087 29 113250
0 0 0 0
0 0 0 0
0 0 0 0
0 0 0 0
0 0 0 0
0 0 0 0
0 0 0 0
0 0 0 0
0 0 0 0
0 0 0 0
0 0 0 0
0 0 0 0
0 0 0 0
0 0 0 0
0 0 0 0
0 0 0 0
0 0 0 0
0 0 0 0
0 0 0 0
0 0 0 0
0 0 0 0
0 0 0 0
0 0 0 0
0 0 0 0
0 0 0 0
0 0 0 0
0 0 0 0
0 0 0 0
0 0 0 0
0 0 0 0
0 0 0 0
0 0 0 0
0 0 0 0
0 0 0 0
0 0 0 0
0 0 0 0
0 0 0 0
0 0 0 0
0 0 0 0
0 0 0 0
0 0 0 0
0 0 0 0
0 0 0 0
0 0 0 0
0 0 0 0
0 0 0 0
0 0 0 0
0 0 0 0
0 0 0 0
0 0 0 0
0 0 0 0
0 0 0 0
0 0 0 0
0 0 0 0
0 0 0 0
0 0 0 0
0 0 0 0
0 0 0 0
0 0 0 0
0 0 0 0
0 0 0 0
0 0 0 0
0 0 0 0
0 0 0 0
0 0 0 0
0 0 0 0
0 0 0 0
0 0 0 0

386 31605 639 11683497
107 8469 113 163180
0 0 0 0
201 16109 198 27058
653 78003 728 4500891
0 0 0 0
0 0 0 0
0 0 0 0
193 29977 207 43258
576 339193 781 46144
13 2040 12 1392
1621 201985 2527 45156551
202 72069 991 1191781
98 10910 99 12162
44 8014 49 19188
101 11407 98 68754
53 12015 57 5550
0 0 0 0
572 1025966 1132 460578
57 4490 54 7754
17 2568 18 1829
12 1568 13 8354
0 0 0 0
1202 450481 1386 3256615
17 2700 18 19954
0 0 0 0
163 33509 169 25814
0 0 0 0
0 0 0 0
1 76 1 76
6 2027 7 3527
0 0 0 0
6 2292 9 4275
3 1587 5 2385
6 3785 9 4010
0 0 0 0
0 0 0 0
11 6501 17 6921
0 0 0 0
0 0 0 0
0 0 0 0
0 0 0 0
0 0 0 0
62 12842 66 9870
0 0 0 0
9 1314 0 0
0 0 0 0
5 307 5 393
132 11203 151 919091
1086 139077 1499 8361686
1587 359165 2134 3878487
570 64214 621 397105
3 234 0 0
5 307 5 393
4 180 3 124
23 3868 26 14884
49 5346 124 186084
13 2364 13 2678
23 2306 25 60642
31 4206 31 113369
0 0 0 0
0 0 0 0
0 0 0 0
0 0 0 0
0 0 0 0
0 0 0 0
0 0 0 0
0 0 0 0
0 0 0 0
0 0 0 0
0 0 0 0
0 0 0 0
0 0 0 0
0 0 0 0
0 0 0 0
0 0 0 0
0 0 0 0
0 0 0 0
0 0 0 0
0 0 0 0
0 0 0 0
0 0 0 0
0 0 0 0
0 0 0 0
0 0 0 0
0 0 0 0
0 0 0 0
0 0 0 0
0 0 0 0
0 0 0 0
0 0 0 0
0 0 0 0
0 0 0 0
0 0 0 0
0 0 0 0
0 0 0 0
0 0 0 0
0 0 0 0
0 0 0 0
0 0 0 0
0 0 0 0
0 0 0 0
0 0 0 0
0 0 0 0
0 0 0 0
0 0 0 0
0 0 0 0
0 0 0 0
0 0 0 0
0 0 0 0
0 0 0 0
0 0 0 0
0 0 0 0
0 0 0 0
0 0 0 0
0 0 0 0
0 0 0 0
0 0 0 0
0 0 0 0
0 0 0 0
0 0 0 0
0 0 0 0
0 0 0 0
0 0 0 0
0 0 0 0
0 0 0 0
0 0 0 0
0 0 0 0

38 3932 43 271918
106 8471 112 163009
0 0 0 0
189 15135 186 25465
655 78122 730 4501010
0 0 0 0
0 0 0 0
0 0 0 0
172 26799 186 40898
587 322520 779 46135
17 2263 16 1552
575 45989 664 2181929
202 72069 991 1191781
101 11168 102 12353
47 8197 52 19308
105 11630 102 68914
51 11896 55 5431
0 0 0 0
397 941293 924 241426
55 4326 51 7188
17 2568 18 1829
12 1568 13 8354
0 0 0 0
1396 645115 1664 3468950
17 2700 18 19954
0 0 0 0
152 30996 158 23928
0 0 0 0
0 0 0 0
2 152 2 152
6 2027 7 3527
0 0 0 0
6 2292 9 4275
3 1587 5 2385
6 3785 9 4010
0 0 0 0
0 0 0 0
11 6501 17 6921
0 0 0 0
0 0 0 0
0 0 0 0
0 0 0 0
0 0 0 0
74 15436 78 12052
0 0 0 0
9 1314 0 0
0 0 0 0
0 0 0 0
132 11203 151 919091
1199 153306 1654 8628661
1833 410406 2444 5751139
602 66047 654 399160
3 234 0 0
5 307 5 393
4 180 3 124
23 3868 26 14884
49 5346 124 186084
17 2587 17 2838
23 2306 25 60642
35 4429 35 113529
5 307 5 393
0 0 0 0
0 0 0 0
0 0 0 0
0 0 0 0
0 0 0 0
0 0 0 0
0 0 0 0
0 0 0 0
0 0 0 0
0 0 0 0
0 0 0 0
0 0 0 0
0 0 0 0
0 0 0 0
0 0 0 0
0 0 0 0
0 0 0 0
0 0 0 0
0 0 0 0
0 0 0 0
0 0 0 0
0 0 0 0
0 0 0 0
0 0 0 0
0 0 0 0
0 0 0 0
0 0 0 0
0 0 0 0
0 0 0 0
0 0 0 0
0 0 0 0
0 0 0 0
0 0 0 0
0 0 0 0
0 0 0 0
0 0 0 0
0 0 0 0
0 0 0 0
0 0 0 0
0 0 0 0
0 0 0 0
0 0 0 0
0 0 0 0
0 0 0 0
0 0 0 0
0 0 0 0
0 0 0 0
0 0 0 0
0 0 0 0
0 0 0 0
0 0 0 0
0 0 0 0
0 0 0 0
0 0 0 0
0 0 0 0
0 0 0 0
0 0 0 0
0 0 0 0
0 0 0 0
0 0 0 0
0 0 0 0
0 0 0 0
0 0 0 0
0 0 0 0
0 0 0 0
0 0 0 0
0 0 0 0

53 7221 61 51786
112 8666 118 163187
0 0 0 0
178 14236 176 24078
657 78241 732 4501129
0 0 0 0
0 0 0 0
0 0 0 0
181 26909 197 42551
624 352452 846 48987
17 2263 16 1552
791 77009 948 7175546
202 72069 991 1191781
104 11357 105 12615
47 8197 52 19308
105 11630 102 68914
63 16667 69 8238
0 0 0 0
418 964098 958 296098
83 6716 80 10636
17 2568 18 1829
12 1568 13 8354
0 0 0 0
1418 657197 1688 3476233
17 2700 18 19954
0 0 0 0
152 30996 158 23928
0 0 0 0
0 0 0 0
2 152 2 152
6 2027 7 3527
0 0 0 0
6 2292 9 4275
3 1587 5 2385
6 3785 9 4010
0 0 0 0
0 0 0 0
11 6501 17 6921
0 0 0 0
0 0 0 0
0 0 0 0
0 0 0 0
0 0 0 0
86 17989 91 14018
0 0 0 0
9 1314 0 0
0 0 0 0
0 0 0 0
60 3496 70 649815
1203 153544 1658 8628899
1837 410900 2448 5752721
639 68072 693 402645
3 234 0 0
5 307 5 393
4 180 3 124
23 3868 26 14884
49 5346 124 186084
17 2587 17 2838
23 2306 25 60642
35 4429 35 113529
5 307 5 393
21 17102 12 6828
79 19882 75 179321
39 17920 29 73480
0 0 0 0
0 0 0 0
0 0 0 0
0 0 0 0
0 0 0 0
0 0 0 0
0 0 0 0
0 0 0 0
0 0 0 0
0 0 0 0
0 0 0 0
0 0 0 0
0 0 0 0
0 0 0 0
0 0 0 0
0 0 0 0
0 0 0 0
0 0 0 0
0 0 0 0
0 0 0 0
0 0 0 0
0 0 0 0
0 0 0 0
0 0 0 0
0 0 0 0
0 0 0 0
0 0 0 0
0 0 0 0
0 0 0 0
0 0 0 0
0 0 0 0
0 0 0 0
0 0 0 0
0 0 0 0
0 0 0 0
0 0 0 0
0 0 0 0
0 0 0 0
0 0 0 0
0 0 0 0
0 0 0 0
0 0 0 0
0 0 0 0
0 0 0 0
0 0 0 0
0 0 0 0
0 0 0 0
0 0 0 0
0 0 0 0
0 0 0 0
0 0 0 0
0 0 0 0
0 0 0 0
0 0 0 0
0 0 0 0
0 0 0 0
0 0 0 0
0 0 0 0
0 0 0 0
0 0 0 0
0 0 0 0
0 0 0 0
0 0 0 0
0 0 0 0

53 7221 61 51786
115 8360 121 163052
0 0 0 0
161 12920 159 21639
666 79372 741 4502980
0 0 0 0
0 0 0 0
0 0 0 0
172 26253 185 41754
596 311624 788 46240
17 2263 16 1552
575 65365 715 6908784
202 72069 991 1191781
112 11869 114 13179
47 8197 52 19308
105 11630 102 68914
75 19383 82 9492
0 0 0 0
402 945482 939 404379
142 11333 139 19102
17 2568 18 1829
15 2032 16 10788
0 0 0 0
1402 661764 1667 3478066
17 2700 18 19954
0 0 0 0
152 30996 158 23928
0 0 0 0
5 644 4 901
1 76 1 76
19 5951 21 8228
0 0 0 0
6 2292 9 4275
3 1587 5 2385
6 3785 9 4010
0 0 0 0
0 0 0 0
11 6501 17 6921
0 0 0 0
0 0 0 0
0 0 0 0
0 0 0 0
0 0 0 0
97 20502 102 15904
0 0 0 0
9 1314 0 0
0 0 0 0
0 0 0 0
9 529 10 523
1220 155108 1675 8632350
1839 411019 2450 5752840
703 72053 761 421590
3 234 0 0
5 307 5 393
4 180 3 124
23 3868 26 14884
49 5346 124 186084
17 2587 17 2838
23 2306 25 60642
35 4429 35 113529
5 307 5 393
25 19991 14 6947
83 22771 77 179440
43 20809 31 73599
184 51961 809 1072140
42 8504 52 74639
10 2523 12 4362
42 9368 81 102550
3 1586 4 2234
4 2341 8 2774
4 1971 8 2768
38 18686 42 35312
186 17806 205 868002
82 56024 102 37817
12 2311 13 4820
3 144 3 180
0 0 0 0
0 0 0 0
0 0 0 0
0 0 0 0
0 0 0 0
0 0 0 0
0 0 0 0
0 0 0 0
0 0 0 0
0 0 0 0
0 0 0 0
0 0 0 0
0 0 0 0
0 0 0 0
0 0 0 0
0 0 0 0
0 0 0 0
0 0 0 0
0 0 0 0
0 0 0 0
0 0 0 0
0 0 0 0
0 0 0 0
0 0 0 0
0 0 0 0
0 0 0 0
0 0 0 0
0 0 0 0
0 0 0 0
0 0 0 0
0 0 0 0
0 0 0 0
0 0 0 0
0 0 0 0
0 0 0 0
0 0 0 0
0 0 0 0
0 0 0 0
0 0 0 0
0 0 0 0
0 0 0 0
0 0 0 0
0 0 0 0
0 0 0 0
0 0 0 0
0 0 0 0
0 0 0 0
0 0 0 0
0 0 0 0
0 0 0 0
0 0 0 0
0 0 0 0

53 7221 61 51786
120 8404 125 163728
0 0 0 0
127 10170 125 16708
656 75311 731 4501175
0 0 0 0
0 0 0 0
0 0 0 0
148 21130 157 22818
586 305611 773 45437
17 2263 16 1552
562 64564 702 6904708
197 70214 983 1188535
112 11869 114 13179
91 16718 98 40362
105 11630 102 68914
57 13897 62 6722
0 0 0 0
398 943923 935 403918
187 14910 184 25963
17 2568 18 1829
15 2032 16 10788
0 0 0 0
1273 652956 1541 2907434
17 2700 18 19954
0 0 0 0
124 24464 129 19872
0 0 0 0
12 1348 11 1918
1 76 1 76
21 6070 23 8347
0 0 0 0
6 2292 9 4275
3 1587 5 2385
6 3785 9 4010
0 0 0 0
0 0 0 0
11 6501 17 6921
0 0 0 0
0 0 0 0
0 0 0 0
0 0 0 0
26 5473 29 19349
108 23015 113 17790
0 0 0 0
10 1460 0 0
0 0 0 0
0 0 0 0
7 403 8 397
970 128529 1340 5668747
1710 378814 2305 5578318
687 68395 745 416439
3 234 0 0
5 307 5 393
4 180 3 124
23 3868 26 14884
49 5346 124 186084
17 2587 17 2838
23 2306 25 60642
35 4429 35 113529
5 307 5 393
27 20110 16 7066
85 22890 79 179559
45 20928 33 73718
219 59822 846 1089134
44 8623 54 74758
10 2523 12 4362
42 9368 81 102550
3 1586 4 2234
4 2341 8 2774
112 22450 128 59814
40 18812 44 35438
1053 101998 1263 7255767
687 1771719 1694 755426
15 2508 17 5057
4 192 4 240
17 2571 18 25473
20 3656 21 13005
20 2716 20 10364
12 1838 13 5828
65 11213 60 38338
37 3660 32 14390
18 2058 15 2715
56 9919 61 25800
13 2904 14 6259
12 2770 14 6860
11 1272 11 6277
0 0 0 0
0 0 0 0
0 0 0 0
0 0 0 0
0 0 0 0
0 0 0 0
0 0 0 0
0 0 0 0
0 0 0 0
0 0 0 0
0 0 0 0
0 0 0 0
0 0 0 0
0 0 0 0
0 0 0 0
0 0 0 0
0 0 0 0
0 0 0 0
0 0 0 0
0 0 0 0
0 0 0 0
0 0 0 0
0 0 0 0
0 0 0 0
0 0 0 0
0 0 0 0
0 0 0 0
0 0 0 0
0 0 0 0
0 0 0 0
0 0 0 0
0 0 0 0
0 0 0 0
0 0 0 0
0 0 0 0
0 0 0 0
0 0 0 0
0 0 0 0
0 0 0 0
0 0 0 0
0 0 0 0

42 5817 51 47970
141 9288 146 165896
0 0 0 0
81 6422 79 10542
656 75311 731 4501175
0 0 0 0
0 0 0 0
0 0 0 0
101 12219 109 9335
449 231111 594 31397
17 2263 16 1552
520 58813 659 6896858
197 70214 983 1188535
82 5821 83 5983
91 16718 98 40362
105 11630 102 68914
53 12557 58 6289
0 0 0 0
342 936293 875 280753
197 15734 194 27655
8 461 8 398
12 1568 13 8255
0 0 0 0
911 524798 1140 1423266
17 2700 18 19954
0 0 0 0
41 7901 40 6194
0 0 0 0
18 1588 17 2158
1 76 1 76
23 6189 25 8466
0 0 0 0
6 2292 9 4275
3 1587 5 2385
6 3785 9 4010
0 0 0 0
0 0 0 0
11 6501 17 6921
0 0 0 0
0 0 0 0
0 0 0 0
0 0 0 0
28 5592 31 19468
134 28341 139 25712
0 0 0 0
8 1095 0 0
0 0 0 0
0 0 0 0
5 277 6 271
595 65985 829 4231975
1317 305629 1777 3703593
321 19015 331 42864
0 0 0 0
5 307 5 393
4 180 3 124
23 3868 26 14884
49 5346 124 186084
17 2587 17 2838
23 2306 25 60642
35 4429 35 113529
5 307 5 393
32 20373 22 7345
90 23153 85 179838
50 21191 39 73997
219 59822 846 1089134
46 8742 56 74877
10 2523 12 4362
42 9368 81 102550
3 1586 4 2234
4 2341 8 2774
114 22569 130 59933
44 19049 49 35715
1513 142665 1790 10689882
1250 3440359 3199 1033019
15 2508 17 5057
4 192 4 240
17 2571 18 25473
22 3775 23 13124
20 2716 20 10364
12 1838 13 5828
100 12768 95 39893
58 4500 58 15430
36 2778 33 3435
56 9919 61 25800
15 3030 16 6385
14 2889 16 6979
11 1272 11 6277
285 14884 464 10575159
0 0 0 0
0 0 0 0
0 0 0 0
0 0 0 0
0 0 0 0
0 0 0 0
0 0 0 0
0 0 0 0
0 0 0 0
0 0 0 0
0 0 0 0
0 0 0 0
0 0 0 0
0 0 0 0
0 0 0 0
0 0 0 0
0 0 0 0
0 0 0 0
0 0 0 0
0 0 0 0
0 0 0 0
0 0 0 0
0 0 0 0
0 0 0 0
0 0 0 0
0 0 0 0
0 0 0 0
0 0 0 0
0 0 0 0
0 0 0 0
0 0 0 0
0 0 0 0
0 0 0 0
0 0 0 0
0 0 0 0
0 0 0 0
0 0 0 0
0 0 0 0
0 0 0 0
0 0 0 0

40 5698 49 47851
151 9776 156 166695
0 0 0 0
70 5470 68 9111
672 79358 747 4503851
0 0 0 0
0 0 0 0
0 0 0 0
98 12091 106 9139
399 181016 509 26869
17 2263 16 1552
485 56333 624 6891510
197 70214 983 1188535
77 5513 78 5603
91 16718 98 40362
105 11630 102 68914
78 16849 85 12686
0 0 0 0
239 90360 255 248316
230 18397 225 32021
6 342 6 279
11 1528 13 8255
0 0 0 0
705 450993 905 695488
17 2700 18 19954
0 0 0 0
30 5346 28 4012
0 0 0 0
22 1748 21 2318
1 76 1 76
30 7998 33 10860
0 0 0 0
6 2292 9 4275
3 1587 5 2385
6 3785 9 4010
0 0 0 0
0 0 0 0
11 6501 17 6921
0 0 0 0
0 0 0 0
0 0 0 0
0 0 0 0
34 5934 37 19747
145 30853 151 27638
0 0 0 0
4 511 0 0
0 0 0 0
0 0 0 0
0 0 0 0
433 46083 610 3923758
392 81811 493 2154614
286 16941 296 39375
0 0 0 0
0 0 0 0
4 180 3 124
23 3868 26 14884
49 5346 124 186084
17 2587 17 2838
23 2306 25 60642
35 4429 35 113529
10 614 10 786
32 20373 22 7345
90 23153 85 179838
50 21191 39 73997
282 71429 1012 1247469
53 10551 64 77271
10 2523 12 4362
42 9368 81 102550
3 1586 4 2234
4 2341 8 2774
116 22688 132 60052
44 19049 49 35715
1630 155705 1924 10864861
1641 4458263 4164 1262593
15 2508 17 5057
4 192 4 240
17 2571 18 25473
24 3894 25 13243
20 2716 20 10364
12 1838 13 5828
100 12768 95 39893
58 4500 58 15430
51 3378 48 4035
56 9919 61 25800
17 3156 19 6551
16 3008 18 7098
11 1272 11 6277
287 15003 466 10575278
10 1352 9 5456
0 0 0 0
0 0 0 0
0 0 0 0
0 0 0 0
0 0 0 0
0 0 0 0
0 0 0 0
0 0 0 0
0 0 0 0
0 0 0 0
0 0 0 0
0 0 0 0
0 0 0 0
0 0 0 0
0 0 0 0
0 0 0 0
0 0 0 0
0 0 0 0
0 0 0 0
0 0 0 0
0 0 0 0
0 0 0 0
0 0 0 0
0 0 0 0
0 0 0 0
0 0 0 0
0 0 0 0
0 0 0 0
0 0 0 0
0 0 0 0
0 0 0 0
0 0 0 0
0 0 0 0
0 0 0 0
0 0 0 0
0 0 0 0
0 0 0 0
0 0 0 0
0 0 0 0

38 5579 47 47732
163 10300 168 167912
0 0 0 0
66 5119 64 8782
673 79812 748 4504760
0 0 0 0
0 0 0 0
0 0 0 0
105 14904 113 9171
347 157568 440 23274
17 2263 16 1552
481 56095 620 6891256
197 70214 983 1188535
73 5245 74 5333
91 16718 98 40362
105 11630 102 68914
78 16849 85 12686
0 0 0 0
239 90444 255 248364
306 24284 301 42458
4 223 4 160
11 1528 13 8255
0 0 0 0
487 299996 610 449193
17 2700 18 19954
0 0 0 0
30 5346 28 4012
0 0 0 0
56 5752 51 7960
1 76 1 76
96 16521 256 448042
0 0 0 0
6 2292 9 4275
3 1587 5 2385
6 3785 9 4010
0 0 0 0
0 0 0 0
11 6501 17 6921
31 4176 30 65308
0 0 0 0
0 0 0 0
0 0 0 0
34 5934 37 19747
158 33446 165 29644
0 0 0 0
4 511 0 0
0 0 0 0
0 0 0 0
0 0 0 0
355 40372 486 1969887
339 65557 411 2052653
228 13280 236 30602
0 0 0 0
0 0 0 0
4 180 3 124
23 3868 26 14884
49 5346 124 186084
17 2587 17 2838
23 2306 25 60642
35 4429 35 113529
10 614 10 786
32 20373 22 7345
90 23153 85 179838
50 21191 39 73997
513 142287 1852 2264755
89 17328 100 125113
16 4587 22 10621
56 15008 97 107706
6 3172 8 4468
4 2341 8 2774
126 25007 144 63068
44 19049 49 35715
1767 170282 2061 11384259
1643 4458389 4166 1262719
15 2508 17 5057
4 192 4 240
17 2571 18 25473
28 4117 29 13403
20 2716 20 10364
12 1838 13 5828
100 12768 95 39893
58 4500 58 15430
51 3378 48 4035
56 9919 61 25800
17 3156 19 6551
21 3271 24 7362
11 1272 11 6277
293 15345 473 10575621
12 1471 11 5575
9 803 8 1212
26 6807 30 13537
6 2087 8 2763
8 3323 20 20772
8 1864 7 1145
20 2412 19 41616
7 735 6 1316
100 18113 97 47591
11 1249 11 5427
31 6066 34 15172
680 66999 740 4418330
17 4106 18 9759
45 4156 47 275441
34 4117 35 113514
11 1703 11 4326
67 23856 63 21733
0 0 0 0
0 0 0 0
0 0 0 0
0 0 0 0
0 0 0 0
0 0 0 0
0 0 0 0
0 0 0 0
0 0 0 0
0 0 0 0
0 0 0 0
0 0 0 0
0 0 0 0
0 0 0 0
0 0 0 0
0 0 0 0
0 0 0 0
0 0 0 0
0 0 0 0
0 0 0 0
0 0 0 0
0 0 0 0
0 0 0 0

34 5356 42 47493
144 6411 144 14659
0 0 0 0
49 3842 49 7344
60 9278 60 10168
0 0 0 0
0 0 0 0
0 0 0 0
97 15164 104 8764
332 153351 424 22434
8 461 8 398
469 55447 607 6889915
8 461 8 398
64 4684 65 4792
60 9302 62 21772
8 461 8 398
79 17433 86 12893
0 0 0 0
234 89779 251 248837
321 25606 316 44431
0 0 0 0
8 1064 10 5629
0 0 0 0
480 299083 602 451968
0 0 0 0
0 0 0 0
0 0 0 0
0 0 0 0
82 7216 77 9735
1 76 1 76
110 19960 271 456157
0 0 0 0
0 0 0 0
0 0 0 0
0 0 0 0
0 0 0 0
0 0 0 0
0 0 0 0
34 5763 34 67542
0 0 0 0
0 0 0 0
0 0 0 0
34 5934 37 19747
158 33446 165 29644
0 0 0 0
3 365 0 0
0 0 0 0
0 0 0 0
0 0 0 0
354 41038 484 1965604
337 65438 409 2052534
201 11756 208 29071
0 0 0 0
0 0 0 0
0 0 0 0
0 0 0 0
0 0 0 0
8 461 8 398
18 1887 22 5273
8 461 8 398
10 614 10 786
32 20373 22 7345
90 23153 85 179838
50 21191 39 73997
558 158692 1954 2365929
91 17447 102 125232
16 4587 22 10621
58 15127 99 107825
6 3172 8 4468
4 2341 8 2774
126 25007 144 63068
44 19049 49 35715
1834 174706 2137 12438886
1645 4458515 4168 1262845
15 2508 17 5057
4 192 4 240
17 2571 18 25473
28 4117 29 13403
20 2716 20 10364
12 1838 13 5828
100 12768 95 39893
58 4500 58 15430
51 3378 48 4035
56 9919 61 25800
17 3156 19 6551
21 3271 24 7362
11 1272 11 6277
293 15345 473 10575621
14 1590 13 5694
17 1123 16 1532
26 6807 30 13537
6 2087 8 2763
8 3323 20 20772
10 1983 9 1264
39 16313 41 117956
12 935 11 1516
351 92929 339 166644
265 35014 256 1014590
64 11600 74 22638
1109 96381 1227 6364116
34 8121 38 15623
50 4608 52 322153
43 6299 101 199506
23 3242 23 8601
201 90992 166 35884
17 14706 23 7063
20 7136 22 8991
51 64168 72 16305
32 2713 31 140612
16 3219 14 6359
98 11495 150 400089
30 3885 28 20799
19 2661 19 13485
5 888 4 3084
0 0 0 0
0 0 0 0
0 0 0 0
0 0 0 0
0 0 0 0
0 0 0 0
0 0 0 0
0 0 0 0
0 0 0 0
0 0 0 0
0 0 0 0
0 0 0 0
0 0 0 0
0 0 0 0

34 5356 42 47493
132 5889 132 13697
0 0 0 0
235 17102 235 33329
51 8137 51 8576
12 1309 14 11217
9 1538 9 1667
0 0 0 0
99 15314 105 8876
315 151334 407 21529
6 342 6 279
464 55184 602 6889604
6 342 6 279
60 4386 61 4490
59 9669 60 22358
6 342 6 279
91 88106 141 15888
0 0 0 0
208 81244 224 244370
314 25063 309 43531
0 0 0 0
5 600 7 2642
0 0 0 0
477 296328 598 451554
0 0 0 0
0 0 0 0
13 2592 12 1926
0 0 0 0
102 8016 97 10535
1 76 1 76
116 21726 277 458510
0 0 0 0
0 0 0 0
0 0 0 0
0 0 0 0
0 0 0 0
0 0 0 0
0 0 0 0
46 8665 47 75426
0 0 0 0
0 0 0 0
0 0 0 0
34 5934 37 19747
158 33446 165 29644
0 0 0 0
3 365 0 0
0 0 0 0
0 0 0 0
0 0 0 0
353 41102 483 1966938
335 65319 407 2052415
175 10332 182 27558
0 0 0 0
0 0 0 0
0 0 0 0
0 0 0 0
9 1317 8 5610
6 342 6 279
75 9186 76 71347
6 342 6 279
10 614 10 786
32 20373 22 7345
90 23153 85 179838
50 21191 39 73997
583 161020 2022 2438777
98 19256 110 127626
16 4587 22 10621
64 15469 105 108104
27 6496 34 22738
4 2341 8 2774
126 25007 144 63068
44 19049 49 35715
1965 185538 2291 13944826
1645 4458515 4169 1262885
15 2508 17 5057
4 192 4 240
17 2571 18 25473
28 4117 29 13403
20 2716 20 10364
12 1838 13 5828
100 12768 95 39893
58 4500 58 15430
51 3378 48 4035
56 9919 61 25800
17 3156 19 6551
21 3271 24 7362
11 1272 11 6277
293 15345 473 10575621
18 1813 17 5854
17 1123 16 1532
26 6807 30 13537
6 2087 8 2763
8 3323 20 20772
16 2325 15 1543
69 35459 78 253521
17 1135 16 1716
582 167109 607 292932
576 69818 558 1487882
88 14205 95 25766
1155 100245 1275 6826607
57 16117 67 17532
68 6721 69 326372
43 6299 101 199506
25 3361 25 8720
315 176568 256 52518
19 14825 25 7182
56 22116 62 16987
51 64168 72 16305
34 2839 33 140738
28 3699 26 6839
98 11495 150 400089
32 4011 30 20925
21 2787 21 13611
5 888 4 3084
87 7355 86 889006
322 31160 496 13972508
0 0 0 0
0 0 0 0
0 0 0 0
0 0 0 0
0 0 0 0
0 0 0 0
0 0 0 0
0 0 0 0
0 0 0 0
0 0 0 0
0 0 0 0
0 0 0 0

34 5356 42 47493
139 6214 139 13832
0 0 0 0
259 19100 259 37142
53 8586 53 8442
14 1435 16 11343
11 1664 11 1793
0 0 0 0
89 14554 95 7446
272 127841 352 18659
4 223 4 160
463 55144 601 6889542
0 0 0 0
56 4088 57 4188
60 9670 61 22359
4 223 4 160
87 87869 137 15728
0 0 0 0
208 81094 224 244375
300 23893 295 41778
9 2107 10 1431
5 600 7 2642
0 0 0 0
337 240225 438 255652
0 0 0 0
0 0 0 0
13 2592 12 1926
0 0 0 0
109 8296 104 10815
1 76 1 76
120 21949 281 458670
0 0 0 0
0 0 0 0
0 0 0 0
0 0 0 0
0 0 0 0
0 0 0 0
0 0 0 0
48 8784 49 75545
0 0 0 0
0 0 0 0
0 0 0 0
34 5934 37 19747
96 20604 99 19774
0 0 0 0
2 219 0 0
0 0 0 0
0 0 0 0
0 0 0 0
164 18986 207 278951
259 52236 324 1874751
133 7839 140 24485
0 0 0 0
0 0 0 0
0 0 0 0
0 0 0 0
11 1436 10 5729
4 223 4 160
71 8963 71 71123
4 223 4 160
10 614 10 786
32 20373 22 7345
90 23153 85 179838
50 21191 39 73997
585 161139 2024 2438896
98 19256 110 127626
16 4587 22 10621
64 15469 105 108104
27 6496 34 22738
4 2341 8 2774
126 25007 144 63068
44 19049 49 35715
2049 192593 2380 14447389
1645 4458515 4169 1262885
15 2508 17 5057
4 192 4 240
17 2571 18 25473
28 4117 29 13403
20 2716 20 10364
12 1838 13 5828
100 12768 95 39893
58 4500 58 15430
51 3378 48 4035
56 9919 61 25800
17 3156 19 6551
21 3271 24 7362
11 1272 11 6277
293 15345 473 10575621
18 1813 17 5854
17 1123 16 1532
26 6807 30 13537
6 2087 8 2763
8 3323 20 20772
16 2325 15 1543
71 35578 80 253640
17 1135 16 1716
856 257562 890 403763
716 77383 707 1501588
88 14205 95 25766
1163 100835 1283 6831172
66 20203 81 20552
72 6959 73 326610
43 6299 101 199506
27 3480 27 8839
463 265780 373 71293
21 14944 27 7301
87 23442 93 120547
51 64168 72 16305
36 2965 35 140864
42 4259 40 7399
98 11495 150 400089
34 4137 32 21051
23 2913 23 13737
5 888 4 3084
120 8859 119 1434743
328 31400 502 13972748
11 2010 12 6766
0 0 0 0
0 0 0 0
0 0 0 0
0 0 0 0
0 0 0 0
0 0 0 0
0 0 0 0
0 0 0 0
0 0 0 0
0 0 0 0
0 0 0 0

34 5356 42 47493
159 6972 159 16540
0 0 0 0
270 20006 270 38680
56 9254 56 8880
16 1561 18 11469
13 1790 13 1919
0 0 0 0
89 14484 95 7516
235 102627 300 15959
0 0 0 0
456 54667 594 6889080
0 0 0 0
52 3721 53 3956
61 9647 62 22399
0 0 0 0
89 87995 139 15854
0 0 0 0
214 83018 231 246440
294 23379 291 41235
11 2226 12 1550
5 600 7 2642
0 0 0 0
147 45858 164 43526
0 0 0 0
0 0 0 0
13 2592 12 1926
0 0 0 0
109 8296 104 10815
0 0 0 0
120 21949 281 458670
0 0 0 0
0 0 0 0
0 0 0 0
0 0 0 0
0 0 0 0
0 0 0 0
0 0 0 0
50 8903 51 75664
0 0 0 0
0 0 0 0
0 0 0 0
34 5934 37 19747
84 18010 87 17592
0 0 0 0
2 219 0 0
0 0 0 0
5 307 5 393
0 0 0 0
53 4876 54 12095
13 995 14 2099
101 6006 107 22430
0 0 0 0
0 0 0 0
0 0 0 0
0 0 0 0
13 1555 12 5848
0 0 0 0
77 9305 78 71466
0 0 0 0
5 307 5 393
32 20373 22 7345
90 23153 85 179838
50 21191 39 73997
589 161362 2028 2439056
98 19256 110 127626
16 4587 22 10621
64 15469 105 108104
27 6496 34 22738
4 2341 8 2774
126 25007 144 63068
44 19049 49 35715
2051 192712 2382 14447508
1645 4458515 4169 1262885
15 2508 17 5057
4 192 4 240
17 2571 18 25473
28 4117 29 13403
20 2716 20 10364
12 1838 13 5828
100 12768 95 39893
58 4500 58 15430
51 3378 48 4035
56 9919 61 25800
17 3156 19 6551
21 3271 24 7362
11 1272 11 6277
293 15345 473 10575621
18 1813 17 5854
17 1123 16 1532
26 6807 30 13537
6 2087 8 2763
8 3323 20 20772
16 2325 15 1543
73 35697 82 253759
17 1135 16 1716
894 274119 930 421403
794 80844 795 1505449
88 14205 95 25766
1169 101192 1289 6831529
66 20203 81 20552
78 7301 79 326889
43 6299 101 199506
31 3703 31 8999
499 283068 399 76207
25 15167 31 7461
99 24008 105 163374
51 64168 72 16305
40 3202 39 141024
42 4259 40 7399
98 11495 150 400089
38 4374 36 21211
27 3150 27 13897
5 888 4 3084
124 9097 123 1434981
333 31631 507 13972948
13 2136 14 6892
0 0 0 0
0 0 0 0
0 0 0 0
0 0 0 0
0 0 0 0
0 0 0 0
0 0 0 0
0 0 0 0
0 0 0 0
0 0 0 0
0 0 0 0

8 461 9 477
160 7013 160 16810
0 0 0 0
328 24519 328 46697
56 9254 56 8880
20 1798 22 11629
17 2027 17 2079
0 0 0 0
83 9653 84 9216
170 51054 196 10323
0 0 0 0
185 16807 222 1371788
512 111945 1255 1200481
49 3532 50 3694
91 16371 88 29937
0 0 0 0
101 88980 150 16355
0 0 0 0
151 49265 155 161177
262 20679 259 37314
13 2345 14 1669
5 600 7 2642
0 0 0 0
125 33776 140 36243
0 0 0 0
0 0 0 0
35 7616 35 5738
0 0 0 0
109 8296 104 10815
0 0 0 0
139 26719 323 498773
18 3953 17 8192
6 2060 7 2502
136 27658 836 1116776
5 3715 9 4013
0 0 0 0
0 0 0 0
31 6086 34 16667
69 14224 83 97894
0 0 0 0
0 0 0 0
0 0 0 0
34 5934 37 19747
72 15457 74 15626
0 0 0 0
3 365 0 0
0 0 0 0
5 307 5 393
0 0 0 0
54 4901 56 12136
9 501 10 517
64 3981 68 18945
0 0 0 0
0 0 0 0
0 0 0 0
48 8505 52 56873
17 1778 16 6008
0 0 0 0
77 9305 78 71466
0 0 0 0
5 307 5 393
11 3271 10 517
11 3271 10 517
11 3271 10 517
589 161362 2028 2439056
98 19256 110 127626
16 4587 22 10621
64 15469 105 108104
27 6496 34 22738
4 2341 8 2774
126 25007 144 63068
44 19049 49 35715
2057 193054 2389 14447851
1645 4458515 4169 1262885
15 2508 17 5057
4 192 4 240
17 2571 18 25473
28 4117 29 13403
20 2716 20 10364
12 1838 13 5828
100 12768 95 39893
58 4500 58 15430
51 3378 48 4035
56 9919 61 25800
17 3156 19 6551
21 3271 24 7362
11 1272 11 6277
293 15345 473 10575621
18 1813 17 5854
17 1123 16 1532
26 6807 30 13537
6 2087 8 2763
8 3323 20 20772
16 2325 15 1543
78 35960 88 254023
17 1135 16 1716
937 288946 976 441131
802 81195 804 1505840
88 14205 95 25766
1181 101837 1303 6832176
76 23124 91 23630
82 7524 83 327049
43 6299 101 199506
31 3703 31 8999
537 305856 426 79330
25 15167 31 7461
103 24254 109 163614
51 64168 72 16305
40 3202 39 141024
42 4259 40 7399
98 11495 150 400089
38 4374 36 21211
27 3150 27 13897
5 888 4 3084
131 9479 131 1435364
333 31631 507 13972948
15 2262 16 7018
55 7723 56 33703
10 3531 10 3027
6 2092 8 2856
37 6287 37 27266
23 3880 23 13488
12 1444 11 5771
0 0 0 0
0 0 0 0
0 0 0 0
0 0 0 0
0 0 0 0

6 342 7 358
169 7375 169 17799
0 0 0 0
344 25832 341 48754
49 8242 49 7148
20 1798 22 11629
17 2027 17 2079
0 0 0 0
85 9803 86 9368
149 39411 167 8664
0 0 0 0
103 5618 105 5983
776 175623 2120 2290669
42 3129 42 3170
119 19074 115 31921
0 0 0 0
91 86383 139 15220
0 0 0 0
93 37529 96 15054
229 18152 226 33283
17 2568 18 1829
2 136 4 208
0 0 0 0
91 12054 99 17827
0 0 0 0
0 0 0 0
35 7616 35 5738
0 0 0 0
114 8920 109 11751
0 0 0 0
129 23216 311 494189
20 4072 19 8311
6 2060 7 2502
141 30362 844 1117619
10 5908 13 4852
0 0 0 0
0 0 0 0
44 8516 45 23779
80 16193 101 115530
0 0 0 0
0 0 0 0
0 0 0 0
34 5934 37 19747
61 12944 63 13740
0 0 0 0
3 365 0 0
0 0 0 0
5 307 5 393
0 0 0 0
37 3337 39 8685
7 382 8 398
0 0 0 0
0 0 0 0
0 0 0 0
0 0 0 0
48 8505 52 56873
50 16737 42 59334
0 0 0 0
77 9305 78 71466
0 0 0 0
5 307 5 393
7 382 8 398
7 382 8 398
7 382 8 398
405 109401 1219 1366916
56 10752 58 52987
6 2064 10 6259
22 6101 24 5554
24 4910 30 20504
0 0 0 0
122 23036 136 60300
6 363 7 403
1871 175248 2184 13579849
1563 4402491 4067 1225068
3 197 4 237
1 48 1 60
17 2571 18 25473
28 4117 29 13403
20 2716 20 10364
12 1838 13 5828
100 12768 95 39893
58 4500 58 15430
51 3378 48 4035
56 9919 61 25800
17 3156 19 6551
21 3271 24 7362
11 1272 11 6277
293 15345 473 10575621
18 1813 17 5854
17 1123 16 1532
26 6807 30 13537
6 2087 8 2763
8 3323 20 20772
16 2325 15 1543
78 35960 88 254023
17 1135 16 1716
973 301042 1023 474927
802 81195 804 1505840
88 14205 95 25766
1186 102100 1309 6832440
82 25399 97 26153
82 7524 83 327049
43 6299 101 199506
31 3703 31 8999
558 313301 441 83222
25 15167 31 7461
107 24500 113 163854
51 64168 72 16305
40 3202 39 141024
42 4259 40 7399
98 11495 150 400089
38 4374 36 21211
27 3150 27 13897
5 888 4 3084
135 9702 136 1435588
333 31631 507 13972948
19 2499 20 7178
57 7842 58 33822
12 3894 14 3290
9 2496 12 3166
51 8851 49 36928
23 3880 23 13488
12 1444 11 5771
169 20913 172 776912
63 23544 50 66976
17 2132 16 4877
0 0 0 0
0 0 0 0

4 223 5 239
179 7830 179 18886
0 0 0 0
344 25832 341 48754
51 8346 51 7189
20 1798 22 11629
17 2027 17 2079
0 0 0 0
85 9803 86 9368
153 43087 172 8915
0 0 0 0
100 5420 102 5838
780 175861 2124 2290907
41 3020 41 3130
100 11631 94 11945
0 0 0 0
101 109729 157 16235
0 0 0 0
101 40886 105 17191
210 16703 207 30420
17 2568 18 1829
2 136 4 208
0 0 0 0
76 10098 81 12948
0 0 0 0
0 0 0 0
35 7616 35 5738
0 0 0 0
113 8456 108 10974
0 0 0 0
127 23097 309 494070
22 4191 21 8430
6 2060 7 2502
141 30362 844 1117619
10 5908 13 4852
0 0 0 0
0 0 0 0
44 8516 45 23779
92 18456 150 172465
0 0 0 0
0 0 0 0
23 4417 21 6173
8 461 8 398
50 10431 52 11854
0 0 0 0
2 219 0 0
0 0 0 0
5 307 5 393
0 0 0 0
30 2955 31 8287
5 263 6 279
0 0 0 0
0 0 0 0
0 0 0 0
0 0 0 0
48 8505 52 56873
50 16737 42 59334
0 0 0 0
103 12425 105 262828
0 0 0 0
5 307 5 393
5 263 6 279
5 263 6 279
5 263 6 279
370 101540 1182 1349922
54 10633 56 52868
6 2064 10 6259
22 6101 24 5554
24 4910 30 20504
0 0 0 0
14 2557 16 3254
4 237 5 277
1004 91056 1126 7192084
958 2686796 2475 507459
0 0 0 0
0 0 0 0
0 0 0 0
8 461 8 398
0 0 0 0
0 0 0 0
35 1555 35 1555
21 840 26 1040
33 1320 33 1320
0 0 0 0
4 252 5 292
9 501 10 502
0 0 0 0
293 15345 473 10575621
18 1813 17 5854
17 1123 16 1532
26 6807 30 13537
6 2087 8 2763
8 3323 20 20772
16 2325 15 1543
85 37680 95 255028
17 1135 16 1716
1076 349017 1124 513247
889 93264 886 1805376
94 16233 103 28363
1239 106062 1361 7648028
100 30417 112 29292
89 9245 90 328163
43 6299 101 199506
31 3703 31 8999
594 338201 469 87876
25 15167 31 7461
111 24746 117 164094
51 64168 72 16305
40 3202 39 141024
42 4259 40 7399
98 11495 150 400089
38 4374 36 21211
27 3150 27 13897
5 888 4 3084
135 9702 136 1435588
333 31631 507 13972948
19 2499 20 7178
59 7961 60 33941
12 3894 14 3290
9 2496 12 3166
51 8851 49 36928
23 3880 23 13488
12 1444 11 5771
180 21573 185 777636
63 23544 50 66976
17 2132 16 4877
0 0 0 0
0 0 0 0

0 0 0 0
158 6946 158 16718
0 0 0 0
344 25832 341 48754
49 8227 49 7070
20 1798 22 11629
17 2027 17 2079
0 0 0 0
87 9953 88 9520
151 43050 170 8810
0 0 0 0
95 5142 97 5477
787 176267 2131 2291187
41 3020 41 3130
110 12196 104 12384
0 0 0 0
108 112775 165 17402
0 0 0 0
93 37119 96 15109
220 17523 217 31783
17 2568 18 1829
2 136 4 208
0 0 0 0
70 9741 75 12591
0 0 0 0
0 0 0 0
35 7616 35 5738
0 0 0 0
110 8336 105 10854
0 0 0 0
125 22978 307 493951
26 4414 25 8590
6 2060 7 2502
141 30362 844 1117619
10 5908 13 4852
0 0 0 0
0 0 0 0
44 8516 45 23779
96 18679 154 172625
0 0 0 0
0 0 0 0
47 5504 45 9156
6 342 6 279
24 5105 26 3932
0 0 0 0
1 146 0 0
0 0 0 0
5 307 5 393
0 0 0 0
40 5058 40 10799
0 0 0 0
0 0 0 0
0 0 0 0
0 0 0 0
0 0 0 0
48 8505 52 56873
50 16737 42 59334
0 0 0 0
105 12544 107 262947
0 0 0 0
5 307 5 393
0 0 0 0
0 0 0 0
0 0 0 0
370 101540 1182 1349922
52 10514 54 52749
6 2064 10 6259
22 6101 24 5554
24 4910 30 20504
0 0 0 0
12 2438 14 3135
0 0 0 0
544 50389 599 3757969
395 1018156 970 229866
0 0 0 0
0 0 0 0
0 0 0 0
6 342 6 279
0 0 0 0
0 0 0 0
0 0 0 0
0 0 0 0
15 600 15 600
0 0 0 0
2 126 3 166
7 382 8 383
0 0 0 0
8 461 9 462
18 1813 17 5854
17 1123 16 1532
26 6807 30 13537
6 2087 8 2763
8 3323 20 20772
16 2325 15 1543
87 37799 97 255147
17 1135 16 1716
1110 360942 1152 525716
920 94504 917 1806616
94 16233 103 28363
1241 106181 1363 7648147
100 30417 112 29292
129 14001 126 339613
51 8429 218 356231
31 3703 31 8999
626 350892 495 90773
25 15167 31 7461
115 24992 121 164334
51 64168 72 16305
40 3202 39 141024
42 4259 40 7399
98 11495 150 400089
38 4374 36 21211
27 3150 27 13897
5 888 4 3084
135 9702 136 1435588
333 31631 507 13972948
19 2499 20 7178
63 8184 64 34101
12 3894 14 3290
9 2496 12 3166
51 8851 49 36928
23 3880 23 13488
12 1444 11 5771
182 21699 187 777762
63 23544 50 66976
17 2132 16 4877
16 1535 18 7249
0 0 0 0

