6994 1482426 8737 45349176

8141 1725408 10997 99752824

7682 1660873 10563 99701130

7355 1636859 10251 97163496

7007 1446057 9653 94683438

7717 1632506 10189 92447513

8127 2548054 11162 76134195

8516 2721949 11708 78437862

9801 2937372 13955 84811430

9877 2952257 14028 84821997

9923 2966279 14040 80666304

8938 2940377 12134 28411592

9422 3098887 12711 33254588

9896 3231122 13847 34694981

11275 5020314 16307 38326447

10782 6314302 16603 47267448

9947 6154340 15471 45222951

11248 6235522 17448 50026003

11630 6396727 17094 48780711

13311 6786363 19077 66588729

13545 6863957 19180 65824273

13157 6618296 18592 63543326

13692 6670795 20466 60214900

13456 6580062 20042 58512541

11872 4827434 17290 52552643

10629 3130667 14943 38448884

