1.75 1.75 1.3333333333333333 1.3333333333333333

1.6 1.6 1.0 1.0

2.0 2.0 1.0 1.0

2.2 2.2 1.0 1.0

2.8 2.8 1.0 1.0

2.4 2.4 1.3333333333333333 1.3333333333333333

3.0 3.0 1.5 1.5

3.0 3.0 2.0 2.0

3.6666666666666665 3.6666666666666665 3.3333333333333335 3.3333333333333335

5.0 5.0 5.5 5.5

9.0 9.0 5.5 5.5

9.0 9.0 5.5 5.5

6.0 6.0 4.0 4.0

2.0 2.0 2.0 2.0

1.5 1.5 1.6666666666666667 1.6666666666666667

1.6666666666666667 1.6666666666666667 3.0 3.0

1.6 1.6 3.0 3.0

1.6666666666666667 1.6666666666666667 4.333333333333333 4.333333333333333

1.6666666666666667 1.6666666666666667 4.666666666666667 4.666666666666667

1.375 1.375 2.8 2.8

1.5714285714285714 1.5714285714285714 4.0 4.0

1.8333333333333333 1.8333333333333333 4.25 4.25

1.5 1.5 4.25 4.25

1.7142857142857142 1.7142857142857142 9.0 9.0

1.5714285714285714 1.5714285714285714 17.0 17.0

1.6666666666666667 1.6666666666666667 7.0 7.0

1.4 1.4 5.0 5.0

1.3333333333333333 1.3333333333333333 2.3333333333333335 2.3333333333333335

1.0 1.0 1.0 1.0

1.0 1.0 1.0 1.0

2.5 2.5 2.3333333333333335 2.3333333333333335

2.0 2.0 2.0 2.0

2.0 2.0 2.3333333333333335 2.3333333333333335

2.0 2.0 2.3333333333333335 2.3333333333333335

2.0 2.0 2.0 2.0

1.3333333333333333 1.3333333333333333 1.6666666666666667 1.6666666666666667

1.6666666666666667 1.6666666666666667 2.0 2.0

1.6666666666666667 1.6666666666666667 2.0 2.0

1.6666666666666667 1.6666666666666667 2.0 2.0

1.3333333333333333 1.3333333333333333 1.6666666666666667 1.6666666666666667

1.5 1.5 1.0 1.0

1.0 1.0 2.0 2.0

1.0 1.0 1.3333333333333333 1.3333333333333333

1.0 1.0 1.3333333333333333 1.3333333333333333

1.0 1.0 1.2 1.2

1.3333333333333333 1.3333333333333333 1.1666666666666667 1.1666666666666667

1.6666666666666667 1.6666666666666667 1.5 1.5

1.75 1.75 1.8 1.8

2.0 2.0 2.0 2.0

1.8333333333333333 1.8333333333333333 2.0 2.0

2.2 2.2 2.4 2.4

1.5714285714285714 1.5714285714285714 1.7142857142857142 1.7142857142857142

1.4285714285714286 1.4285714285714286 1.5714285714285714 1.5714285714285714

1.3333333333333333 1.3333333333333333 1.6 1.6

1.3333333333333333 1.3333333333333333 1.6 1.6

1.2 1.2 1.5 1.5

1.25 1.25 1.5 1.5

2.6666666666666665 2.6666666666666665 3.0 3.0

4.0 4.0 2.6666666666666665 2.6666666666666665

6.0 6.0 2.6666666666666665 2.6666666666666665

6.0 6.0 2.6666666666666665 2.6666666666666665

5.0 5.0 2.6666666666666665 2.6666666666666665

1.0 1.0 1.3333333333333333 1.3333333333333333

2.0 2.0 2.5 2.5

2.5 2.5 3.0 3.0

3.5 3.5 4.0 4.0

3.3333333333333335 3.3333333333333335 3.6666666666666665 3.6666666666666665

3.25 3.25 3.75 3.75

3.25 3.25 4.333333333333333 4.333333333333333

2.4 2.4 2.6 2.6

2.1666666666666665 2.1666666666666665 2.8 2.8

2.6 2.6 3.5 3.5

1.7142857142857142 1.7142857142857142 2.8 2.8

2.1666666666666665 2.1666666666666665 3.2 3.2

2.3333333333333335 2.3333333333333335 3.2 3.2

2.0 2.0 3.2 3.2

1.6666666666666667 1.6666666666666667 2.8 2.8

1.4285714285714286 1.4285714285714286 1.7142857142857142 1.7142857142857142

1.2857142857142858 1.2857142857142858 1.7142857142857142 1.7142857142857142

1.6666666666666667 1.6666666666666667 1.8571428571428572 1.8571428571428572

2.0 2.0 2.1666666666666665 2.1666666666666665

2.1666666666666665 2.1666666666666665 2.5 2.5

2.8 2.8 3.2 3.2

3.75 3.75 4.25 4.25

3.0 3.0 3.5 3.5

2.0 2.0 2.3333333333333335 2.3333333333333335

2.0 2.0 2.1666666666666665 2.1666666666666665

2.6 2.6 2.8 2.8

2.6 2.6 2.6 2.6

3.0 3.0 3.0 3.0

4.0 4.0 4.0 4.0

4.25 4.25 4.25 4.25

5.0 5.0 3.2 3.2

3.0 3.0 3.2 3.2

3.0 3.0 3.2 3.2

2.6 2.6 3.0 3.0

