16 13566 47 64961

16 13865 47 64961

16 13865 47 64961

10 20084 32 64961

9 20084 32 64961

11 29525 29 92726

14 29525 29 92726

14 29525 29 92726

14 29525 29 92726

14 29525 29 92726

14 27381 12 38800

22 54996 19 87845

22 54996 19 87845

22 54996 28 105940

22 54996 28 105940

22 54996 28 105940

12 28631 28 105940

12 18181 28 105940

8 12743 5 2638

2 4567 1 1426

2 4567 1 423

2 4567 1 423

2 4567 1 423

2 4567 1 423

17 50798 21 94612

18 51124 21 94612

18 51124 36 94612

18 51124 1119 28387642

24 51124 1119 28387642

24 51124 1119 28387642

24 48053 1119 28387642

24 32332 1119 28387642

24 32332 60 664282

22 22153 82 848215

22 22153 82 848215

22 22153 82 848215

23 22153 126 1187183

62 53698 210 1883468

62 53698 210 1883468

62 53698 210 1883468

82 838204 210 1883468

82 838204 210 1883468

82 838204 104 400251

82 838204 110 1917523

93 838204 110 1917523

93 121566 110 1917523

93 121566 110 1917523

93 121566 110 1917523

93 121566 56 206274

6 6390 5 10400

6 6342 5 10400

6 6342 5 10400

6 6342 5 10400

13 6315 83 1307761

55 42464 83 1307761

60 65379 83 1307761

60 65379 83 1307761

60 65379 83 1307761

60 65379 68 269720

60 65379 294 5546946

35 50554 294 5546946

35 48723 294 5546946

35 48723 294 5546946

35 48723 294 5546946

18 26514 97 1491803

18 15130 97 1491803

18 15130 97 1491803

3 8789 5 10878

3 6169 4 4093

3 3053 4 4093

3 3053 1 1475

5 4142 4 3263

5 4142 4 3263

5 4142 4 3263

5 4142 4 3263

5 4142 4 3624

3 3179 4 5556

3 3179 4 5556

3 5904 4 5556

3 5904 4 5556

3 5904 4 5556

1 5904 1 1457

1 5904 1 353

1 3263 1 353

3 3263 3 2911

3 3263 3 2911

3 6462 3 3572

3 6462 3 3572

3 6462 3 3572

3 6462 3 3572

3 6462 3 3572

3 4611 1 352

3 4611 2 1785

3 4611 3 2268

2 3559 3 2268

2 3559 3 2268

