4.104875150354759 4401.962067078725 11.54729405531876 20529.596673096137

4.296510211788167 4947.199364034161 11.0004545360635 20457.31871598768

4.329838334164452 5031.560049080205 10.618851161966628 20303.946337842797

3.176476034853718 5955.033847720767 7.672027111526653 16064.741026857544

2.1908902300206643 5690.767657135547 8.917819240150587 16539.339307466307

3.695943722515266 8081.291762305083 8.486901672577574 25249.605679049724

5.0524746412030614 10677.187412422805 7.96413837147497 25056.818446233352

5.028916384272063 10709.220668540733 8.93014557552115 25578.954836935773

5.131033034389859 10572.86950583899 8.659676668328906 25277.824626735593

5.044551516240072 10390.54058398792 7.684237112426974 25473.01491672118

4.718050444834179 9601.065723527781 4.015905875391006 10166.322609970628

6.028266749240613 14760.195000320966 5.398842468529713 19991.74760313615

5.844655678480984 14822.080043890603 5.303536555921907 20120.15464621234

5.621387729022079 14375.582100475096 7.164321321660553 28756.705431950995

5.546169849544819 14255.48680990937 7.031358332498779 28671.39581202841

6.002291229189066 14990.490347550342 7.158735921934821 28857.924555094047

4.038564101261734 8718.509937340208 6.2599920127744575 23370.0084862522

3.0182776545573136 4567.782046847244 6.082762530298219 23021.75297512117

1.760681686165901 2786.7993518550998 1.1608186766243895 686.701381606299

0.7348469228349535 1375.084691937191 0.4582575694955839 328.9255652879538

0.5916079783099616 1365.4162469737935 0.4000000000000001 152.41420537469597

0.5916079783099616 1284.3421273165495 0.3570714214271425 140.30416957453545

0.5894913061275797 1321.8010014748816 0.35707142142714243 140.30416957453545

0.5894913061275798 1330.7616343658242 0.30000000000000004 118.14435026695098

4.7864391775097275 11423.00602249688 4.798697740012388 20562.736452379093

5.834380858325929 15152.248948175977 5.673623181001714 21891.57135154989

6.666333324999583 18211.187588952016 9.359487165438072 28383.87011120929

6.674391358019096 17630.158141945296 255.49549408942616 6627171.101009747

6.984983894040129 17306.5131109649 254.39565149585397 6618305.4528115075

6.960423837669658 15786.346655892236 254.78674906674405 6619796.467352974

6.901267999433147 13726.732556857805 255.20432990057202 6620623.645072504

6.406832290609769 7759.183136613028 255.7112189560716 6622428.036140645

6.91718873531726 8201.507245012956 16.656755386328996 178366.19167092035

6.192535829528967 6992.820528763769 20.77612812821484 226280.7402051708

6.198991853519408 7195.941535858946 20.725346800475982 226167.50366573443

6.13575586215749 7059.960870111108 20.698490283110022 226161.38878895753

7.284229540589726 6910.020465056526 32.663243868299425 329360.3421422918

18.482694608741443 13881.806814946676 59.06174734970173 561981.4702945708

20.782444514541595 17200.28775079068 59.097884902930325 542593.9585303614

20.11784034134877 16574.78527462724 57.980406173120244 537409.7999609795

23.599735168005594 179622.86990199078 57.662704584505924 536722.2825899721

23.542036870245532 179640.2329902394 54.80408287709959 502496.7029985644

21.664429371668206 179810.68516116473 30.870536114554277 127485.03830931494

20.436486977951958 180440.30994525587 31.876754853654724 419162.9164653375

26.820514536451384 181151.4128944279 31.60265020532297 420157.69911831914

22.488830560969596 26820.17589516333 31.73862000780752 420460.14166291675

22.767520725805877 27018.057132406833 32.12226642066216 421956.9339741054

21.399707941932295 26398.07230727274 29.328953271468794 423585.53805678966

20.06059570401637 26222.750447798182 12.101549487565633 44816.61067425227

1.705872210923198 2227.946689218573 1.3143439428094914 2380.3399042993838

1.7684739183827392 2054.9622204556454 1.374772708486752 2243.562905291492

1.7684739183827392 2001.5655897321972 1.374772708486752 2245.8721084469607

1.8027756377319946 2234.9385360676033 1.2999999999999998 2356.3037176900602

3.1666228067138027 2083.235307760504 18.058515996615004 284515.9671789968

11.924344845734712 9060.307255275617 22.552161758909055 287285.4748998633

18.436377084449102 18810.402621621368 26.06415162632385 287371.74107571895

18.03406498823823 21044.328013505205 25.425577672886803 285893.4540584088

18.297199239227844 21390.256201072018 25.56169008496895 285988.6083019566

18.48891559827131 21245.04299854439 21.106574805022248 85796.36071062397

16.40426773739078 21181.588902629566 64.01843484497259 1202831.5700365233

8.4170956986362 16428.170047512896 63.55255699025806 1207327.0633819352

7.6817966648434535 11279.641784649013 63.66231224201647 1208229.1195464542

8.052794545994576 10987.705952108476 65.57383243337239 1233882.555374542

8.161494961096283 11100.545569475404 65.59313988520447 1233799.371053952

4.988737315193094 6268.095225026499 20.89234309501928 324230.2562570927

4.903060268852505 4116.455689060676 20.90663770193572 324526.545186041

4.695742752749559 3806.997114196438 21.031880562612557 324609.2272626388

1.0999999999999999 2290.6415389580266 1.388344337691482 2474.3174993318867

1.061838029079765 1553.6361993722983 0.973396116696589 920.1327675938945

0.9165151389911679 1044.772533856054 0.9219544457292888 918.5098951562798

0.7399324293474372 1050.854141876978 0.4582575694955839 334.9463352538732

1.2359207094308273 1289.634797142199 0.9205976319760985 755.9465110045816

1.2288205727444508 1286.3102765274014 0.9205976319760986 755.9465110045817

1.1575836902790226 1207.625491408657 0.9096702699330126 710.1380781228396

1.1608186766243898 1154.9432237127503 0.9096702699330126 710.128528859389

1.2599603168354152 1292.27989518525 1.0712142642814275 1028.2812115369998

0.9420721840708386 1051.4971932915464 1.0712142642814275 1407.7982312817414

0.9420721840708386 921.4341050775143 1.061838029079765 1407.2820923681222

0.8874119674649424 1431.7766332427693 1.0618380290797649 1407.2935585726245

0.9 1447.6877218516427 1.067707825203131 1413.39008327496

0.7416198487095663 1334.5035209769962 0.9219544457292888 1239.0677332171954

0.4769696007084729 1431.213466782646 0.4330127018922193 332.2691491848137

0.4582575694955839 1435.8260784301142 0.4000000000000001 140.80035511318854

0.4330127018922193 1004.5099439527717 0.35707142142714243 125.80829662625592

0.7416198487095663 1053.5536661698827 0.7348469228349535 685.3445046106374

0.8046738469715542 1092.7647230762896 0.7348469228349535 685.5223027006489

1.004987562112089 1576.2590293159305 0.9205976319760986 986.1857469564238

1.0136567466356645 1587.8115253392007 0.9219544457292888 991.2296643563486

1.0136567466356645 1494.5760469109623 0.9205976319760985 987.0151100667101

1.0234744745229363 1705.738956435011 0.7262919523166976 774.9472546567285

0.9733961166965894 1682.929852222011 0.714142842854285 776.0430464864687

0.698212002188447 1044.1442177687907 0.3570714214271425 115.11032751234791

0.8645808232895293 1343.6278911960705 0.5361902647381804 395.0603751327131

0.9219544457292888 1354.9788734515382 0.792148975887743 610.1711727048403

0.7348469228349536 1027.4512093038775 0.792148975887743 610.1898802831788

0.7416198487095663 1158.7896649090378 0.8 608.155200175087

