7 7 4 4

8 8 2 2

10 10 1 1

11 11 1 1

14 14 3 3

12 12 4 4

9 9 3 3

9 9 6 6

11 11 10 10

10 10 11 11

9 9 11 11

9 9 11 11

6 6 8 8

4 4 6 6

3 3 5 5

5 5 6 6

8 8 9 9

10 10 13 13

10 10 14 14

11 11 14 14

11 11 16 16

11 11 17 17

12 12 17 17

12 12 18 18

11 11 17 17

10 10 14 14

7 7 10 10

4 4 7 7

2 2 3 3

2 2 4 4

5 5 7 7

6 6 8 8

6 6 7 7

6 6 7 7

6 6 6 6

4 4 5 5

5 5 6 6

5 5 6 6

5 5 6 6

4 4 5 5

3 3 3 3

2 2 2 2

2 2 4 4

2 2 4 4

3 3 6 6

4 4 7 7

5 5 9 9

7 7 9 9

10 10 12 12

11 11 12 12

11 11 12 12

11 11 12 12

10 10 11 11

8 8 8 8

8 8 8 8

6 6 6 6

5 5 3 3

8 8 6 6

8 8 8 8

6 6 8 8

6 6 8 8

5 5 8 8

1 1 4 4

2 2 5 5

5 5 6 6

7 7 8 8

10 10 11 11

13 13 15 15

13 13 13 13

12 12 13 13

13 13 14 14

13 13 14 14

12 12 14 14

13 13 16 16

14 14 16 16

12 12 16 16

10 10 14 14

10 10 12 12

9 9 12 12

10 10 13 13

12 12 13 13

13 13 15 15

14 14 16 16

15 15 17 17

12 12 14 14

12 12 14 14

12 12 13 13

13 13 14 14

13 13 13 13

15 15 15 15

16 16 16 16

17 17 17 17

15 15 16 16

15 15 16 16

15 15 16 16

13 13 15 15

