2.0 2378.0 9.5 8120.5

3.0 2447.0 9.5 8120.5

0.5 147.0 9.5 8120.5

0.0 0.0 9.0 6515.5

0.0 0.0 7.0 3841.0

0.0 0.0 7.0 3570.5

1.0 2219.0 9.0 7569.5

1.0 1694.5 8.0 7127.0

0.0 0.0 0.5 175.0

1.0 762.5 0.0 0.0

2.0 2299.0 0.0 0.0

2.0 2299.0 0.0 0.0

6.0 9400.0 3.0 1322.0

7.0 11337.0 3.5 2609.5

7.5 12958.5 4.5 3129.5

4.5 6682.5 2.5 2068.5

1.5 2072.5 1.0 290.5

0.5 927.0 0.0 0.0

0.5 927.0 0.0 0.0

0.0 0.0 0.0 0.0

0.0 0.0 0.0 0.0

0.0 0.0 0.0 0.0

0.0 0.0 0.0 0.0

0.0 0.0 0.0 0.0

0.0 0.0 0.0 0.0

0.5 765.5 0.0 0.0

1.0 2521.0 0.5 184.5

5.5 8696.5 5.5 6367.0

7.5 10936.5 8.5 7944.0

5.0 7675.0 7.0 7944.0

4.5 5504.5 3.0 3596.5

2.5 3732.0 3.0 2528.0

2.5 3732.0 3.0 2528.0

2.5 3755.5 4.5 3234.0

2.5 2355.5 4.5 4326.5

2.5 2514.5 4.5 4326.5

1.5 2289.0 1.5 3592.5

2.5 2793.5 2.5 4326.5

3.0 6310.5 4.5 10813.5

18.5 12123.0 23.0 58235.0

23.0 13175.0 23.0 58235.0

18.5 12276.0 23.0 58235.0

11.0 10658.5 6.0 13886.5

7.0 8544.5 5.0 5644.0

4.5 5597.0 2.5 1853.5

3.5 5597.0 2.0 1972.5

2.0 4335.5 1.0 327.5

1.5 1546.0 1.0 327.5

0.5 729.5 0.0 0.0

0.0 0.0 0.0 0.0

0.0 0.0 0.0 0.0

0.0 0.0 0.0 0.0

0.5 950.0 0.0 0.0

2.0 1905.0 1.0 232.0

1.5 2048.0 1.0 232.0

2.0 2330.5 1.0 334.0

3.5 3280.5 2.0 5213.0

2.5 2819.5 1.5 3320.5

2.0 3054.0 1.5 439.5

3.5 5211.0 2.0 2495.5

2.0 3473.5 1.0 360.5

1.5 4247.5 1.0 356.5

3.5 5324.5 2.0 624.5

2.5 5176.5 1.5 546.0

2.0 2880.5 1.0 370.5

1.5 1740.0 1.0 350.0

0.5 617.5 0.0 0.0

0.0 0.0 0.0 0.0

0.0 0.0 0.0 0.0

0.0 0.0 0.0 0.0

0.0 0.0 0.0 0.0

0.0 0.0 0.0 0.0

0.0 0.0 0.0 0.0

0.0 0.0 0.0 0.0

0.0 0.0 0.0 0.0

0.0 0.0 0.0 0.0

0.5 408.0 0.0 0.0

0.5 111.0 0.0 0.0

1.0 519.0 0.0 0.0

0.5 111.0 0.0 0.0

0.0 0.0 0.0 0.0

0.0 0.0 0.0 0.0

0.0 0.0 0.0 0.0

0.0 0.0 0.0 0.0

0.0 0.0 0.0 0.0

0.0 0.0 0.0 0.0

0.0 0.0 0.0 0.0

0.0 0.0 0.0 0.0

0.0 0.0 0.0 0.0

0.0 0.0 0.0 0.0

0.0 0.0 0.0 0.0

0.0 0.0 0.0 0.0

0.0 0.0 0.0 0.0

0.0 0.0 0.0 0.0

0.0 0.0 0.0 0.0

0.0 0.0 0.0 0.0

