1 1 1 1

1 1 1 1

1 1 1 1

1 1 1 1

1 1 1 1

1 1 1 1

1 1 1 1

1 1 1 1

1 1 1 1

1 1 1 1

9 9 1 1

9 9 1 1

6 6 1 1

2 2 1 1

1 1 1 1

1 1 2 2

1 1 2 2

1 1 2 2

1 1 1 1

1 1 1 1

1 1 1 1

1 1 1 1

1 1 1 1

1 1 1 1

1 1 17 17

1 1 1 1

1 1 1 1

1 1 1 1

1 1 1 1

1 1 1 1

1 1 1 1

1 1 1 1

1 1 1 1

1 1 1 1

1 1 1 1

1 1 1 1

1 1 1 1

1 1 1 1

1 1 1 1

1 1 1 1

1 1 1 1

1 1 2 2

1 1 1 1

1 1 1 1

1 1 1 1

1 1 1 1

1 1 1 1

1 1 1 1

1 1 1 1

1 1 1 1

1 1 1 1

1 1 1 1

1 1 1 1

1 1 1 1

1 1 1 1

1 1 1 1

1 1 1 1

1 1 2 2

2 2 1 1

6 6 1 1

6 6 1 1

5 5 1 1

1 1 1 1

2 2 2 2

2 2 3 3

2 2 3 3

2 2 3 3

2 2 3 3

1 1 3 3

1 1 1 1

1 1 2 2

1 1 2 2

1 1 1 1

1 1 2 2

1 1 1 1

1 1 1 1

1 1 1 1

1 1 1 1

1 1 1 1

1 1 1 1

1 1 1 1

1 1 1 1

1 1 1 1

3 3 3 3

1 1 1 1

1 1 1 1

1 1 1 1

1 1 1 1

1 1 1 1

1 1 1 1

1 1 1 1

3 3 3 3

5 5 1 1

1 1 2 2

1 1 2 2

1 1 1 1

