70 78012 232 304024

76 87821 246 305671

59 73873 256 309978

42 79233 224 231156

20 54567 207 209467

44 92049 187 310569

77 167752 207 385661

78 166663 179 369910

73 144005 122 293404

79 152647 99 280209

76 148983 57 93654

92 188349 69 159163

124 263957 93 207725

140 286003 123 314280

144 292385 128 317654

123 249304 111 308743

66 123793 65 161611

34 50697 40 112699

20 33003 11 6535

12 22626 6 3183

10 22443 4 1518

10 21180 3 1176

9 19865 3 1176

9 20057 2 785

46 93802 33 107346

68 150835 58 157872

112 263440 120 303438

141 288094 1779 43220511

182 334484 1859 43826017

151 271368 1835 43733834

127 210215 1810 43683308

99 117859 1773 43571617

101 128538 201 1374345

89 128819 231 1682960

87 123645 232 1689662

89 127335 233 1689990

96 121087 335 2846445

246 208389 762 6634871

346 290306 896 6700271

397 326480 977 6918080

481 1167383 985 6940042

473 1165395 895 5870607

371 1139153 502 1812703

310 1063052 467 3284233

348 1143521 433 3251160

269 308271 428 3234160

256 299434 392 3113593

181 203348 275 2664624

117 152659 71 223973

26 31890 17 18536

27 29897 18 14934

27 28926 18 16017

30 36604 18 19386

47 39439 114 1393280

98 76656 180 1662152

240 233685 332 2253738

273 325808 364 2343301

265 315101 360 2338578

252 321234 265 959275

240 345848 496 6250137

111 219666 357 5693769

94 146658 338 5610280

131 171842 457 7137506

126 167232 456 7143393

85 103730 158 1583108

68 68012 145 1550645

50 45767 132 1543511

14 23636 13 16285

13 17588 11 7494

12 15111 10 7233

9 13867 6 3141

13 16774 9 6053

14 18693 9 6053

12 15667 7 4318

11 13210 7 4317

15 18323 9 7590

15 18389 11 11676

15 14874 13 13485

15 20387 13 13484

14 19152 12 13133

10 14039 10 9861

7 14245 5 2865

6 14023 4 1408

5 10147 3 1057

10 14997 8 5762

11 15912 8 5793

14 18887 11 9363

13 17652 10 9011

13 15624 11 9263

11 15385 7 4909

9 13235 6 4526

5 7081 3 955

9 13514 5 2740

10 13921 7 4756

8 10545 7 4758

10 14905 8 5111

