3.5 3900.6 11.6 15201.2

3.8 4391.05 12.3 15283.55

2.95 3693.65 12.8 15498.9

2.1 3961.65 11.2 11557.8

1.0 2728.35 10.35 10473.35

2.2 4602.45 9.35 15528.45

3.85 8387.6 10.35 19283.05

3.9 8333.15 8.95 18495.5

3.65 7200.25 6.1 14670.2

3.95 7632.35 4.95 14010.45

3.8 7449.15 2.85 4682.7

4.6 9417.45 3.45 7958.15

6.2 13197.85 4.65 10386.25

7.0 14300.15 6.15 15714.0

7.2 14619.25 6.4 15882.7

6.15 12465.2 5.55 15437.15

3.3 6189.65 3.25 8080.55

1.7 2534.85 2.0 5634.95

1.0 1650.15 0.55 326.75

0.6 1131.3 0.3 159.15

0.5 1122.15 0.2 75.9

0.5 1059.0 0.15 58.8

0.45 993.25 0.15 58.8

0.45 1002.85 0.1 39.25

2.3 4690.1 1.65 5367.3

3.4 7541.75 2.9 7893.6

5.6 13172.0 6.0 15171.9

7.05 14404.7 88.95 2161025.55

9.1 16724.2 92.95 2191300.85

7.55 13568.4 91.75 2186691.7

6.35 10510.75 90.5 2184165.4

4.95 5892.95 88.65 2178580.85

5.05 6426.9 10.05 68717.25

4.45 6440.95 11.55 84148.0

4.35 6182.25 11.6 84483.1

4.45 6366.75 11.65 84499.5

4.8 6054.35 16.75 142322.25

12.3 10419.45 38.1 331743.55

17.3 14515.3 44.8 335013.55

19.85 16324.0 48.85 345904.0

24.05 58369.15 49.25 347002.1

23.65 58269.75 44.75 293530.35

18.55 56957.65 25.1 90635.15

15.5 53152.6 23.35 164211.65

17.4 57176.05 21.65 162558.0

13.45 15413.55 21.4 161708.0

12.8 14971.7 19.6 155679.65

9.05 10167.4 13.75 133231.2

5.85 7632.95 3.55 11198.65

1.3 1594.5 0.85 926.8

1.35 1494.85 0.9 746.7

1.35 1446.3 0.9 800.85

1.5 1830.2 0.9 969.3

2.35 1971.95 5.7 69664.0

4.9 3832.8 9.0 83107.6

12.0 11684.25 16.6 112686.9

13.65 16290.4 18.2 117165.05

13.25 15755.05 18.0 116928.9

12.6 16061.7 13.25 47963.75

12.0 17292.4 24.8 312506.85

5.55 10983.3 17.85 284688.45

4.7 7332.9 16.9 280514.0

6.55 8592.1 22.85 356875.3

6.3 8361.6 22.8 357169.65

4.25 5186.5 7.9 79155.4

3.4 3400.6 7.25 77532.25

2.5 2288.35 6.6 77175.55

0.7 1181.8 0.65 814.25

0.65 879.4 0.55 374.7

0.6 755.55 0.5 361.65

0.45 693.35 0.3 157.05

0.65 838.7 0.45 302.65

0.7 934.65 0.45 302.65

0.6 783.35 0.35 215.9

0.55 660.5 0.35 215.85

0.75 916.15 0.45 379.5

0.75 919.45 0.55 583.8

0.75 743.7 0.65 674.25

0.75 1019.35 0.65 674.2

0.7 957.6 0.6 656.65

0.5 701.95 0.5 493.05

0.35 712.25 0.25 143.25

0.3 701.15 0.2 70.4

0.25 507.35 0.15 52.85

0.5 749.85 0.4 288.1

0.55 795.6 0.4 289.65

0.7 944.35 0.55 468.15

0.65 882.6 0.5 450.55

0.65 781.2 0.55 463.15

0.55 769.25 0.35 245.45

0.45 661.75 0.3 226.3

0.25 354.05 0.15 47.75

0.45 675.7 0.25 137.0

0.5 696.05 0.35 237.8

0.4 527.25 0.35 237.9

0.5 745.25 0.4 255.55

