3 3 2 2

3 3 1 1

3 3 1 1

3 3 1 1

5 5 1 1

5 5 2 2

5 5 2 2

5 5 3 3

7 7 7 7

9 9 10 10

9 9 10 10

9 9 10 10

6 6 7 7

2 2 3 3

2 2 2 2

2 2 4 4

2 2 4 4

2 2 7 7

3 3 9 9

3 3 9 9

3 3 9 9

3 3 9 9

3 3 13 13

3 3 17 17

3 3 17 17

3 3 13 13

2 2 9 9

2 2 5 5

1 1 1 1

1 1 1 1

4 4 5 5

4 4 5 5

4 4 5 5

4 4 5 5

4 4 4 4

2 2 2 2

2 2 3 3

2 2 3 3

2 2 3 3

2 2 3 3

2 2 1 1

1 1 2 2

1 1 2 2

1 1 2 2

1 1 2 2

2 2 2 2

2 2 3 3

3 3 4 4

3 3 4 4

3 3 4 4

3 3 4 4

3 3 3 3

3 3 3 3

3 3 3 3

2 2 2 2

2 2 2 2

2 2 2 2

5 5 4 4

6 6 5 5

6 6 5 5

6 6 5 5

5 5 5 5

1 1 2 2

2 2 3 3

3 3 3 3

5 5 5 5

5 5 5 5

5 5 5 5

5 5 5 5

4 4 5 5

4 4 5 5

5 5 5 5

5 5 5 5

5 5 5 5

5 5 5 5

4 4 5 5

4 4 5 5

4 4 4 4

2 2 3 3

4 4 4 4

4 4 4 4

4 4 5 5

4 4 5 5

4 4 5 5

4 4 5 5

4 4 5 5

4 4 5 5

5 5 5 5

5 5 6 6

5 5 6 6

5 5 6 6

5 5 5 5

5 5 5 5

5 5 5 5

5 5 5 5

5 5 5 5

