0.82915619758885 0.82915619758885 0.4714045207910317 0.4714045207910317

0.8 0.8 0.0 0.0

0.8944271909999159 0.8944271909999159 0.0 0.0

0.7483314773547882 0.7483314773547882 0.0 0.0

1.32664991614216 1.32664991614216 0.0 0.0

1.4966629547095764 1.4966629547095764 0.4714045207910317 0.4714045207910317

1.632993161855452 1.632993161855452 0.5 0.5

1.632993161855452 1.632993161855452 0.816496580927726 0.816496580927726

2.494438257849294 2.494438257849294 2.6246692913372702 2.6246692913372702

4.0 4.0 4.5 4.5

0.0 0.0 4.5 4.5

0.0 0.0 4.5 4.5

0.0 0.0 3.0 3.0

0.0 0.0 0.816496580927726 0.816496580927726

0.5 0.5 0.4714045207910317 0.4714045207910317

0.4714045207910317 0.4714045207910317 1.0 1.0

0.4898979485566356 0.4898979485566356 0.816496580927726 0.816496580927726

0.4714045207910317 0.4714045207910317 2.0548046676563256 2.0548046676563256

0.7453559924999299 0.7453559924999299 3.299831645537222 3.299831645537222

0.6959705453537527 0.6959705453537527 3.124099870362662 3.124099870362662

0.7284313590846835 0.7284313590846835 3.3166247903554 3.3166247903554

0.8975274678557507 0.8975274678557507 3.418698582794336 3.418698582794336

0.7071067811865476 0.7071067811865476 5.0682837331783235 5.0682837331783235

0.6998542122237652 0.6998542122237652 8.0 8.0

0.7284313590846835 0.7284313590846835 0.0 0.0

0.74535599249993 0.74535599249993 6.0 6.0

0.4898979485566356 0.4898979485566356 4.0 4.0

0.4714045207910317 0.4714045207910317 1.8856180831641267 1.8856180831641267

0.0 0.0 0.0 0.0

0.0 0.0 0.0 0.0

1.5 1.5 1.8856180831641267 1.8856180831641267

1.4142135623730951 1.4142135623730951 1.7320508075688772 1.7320508075688772

1.4142135623730951 1.4142135623730951 1.8856180831641267 1.8856180831641267

1.4142135623730951 1.4142135623730951 1.8856180831641267 1.8856180831641267

1.4142135623730951 1.4142135623730951 1.4142135623730951 1.4142135623730951

0.4714045207910317 0.4714045207910317 0.4714045207910317 0.4714045207910317

0.4714045207910317 0.4714045207910317 0.816496580927726 0.816496580927726

0.4714045207910317 0.4714045207910317 0.816496580927726 0.816496580927726

0.4714045207910317 0.4714045207910317 0.816496580927726 0.816496580927726

0.4714045207910317 0.4714045207910317 0.9428090415820634 0.9428090415820634

0.5 0.5 0.0 0.0

0.0 0.0 0.0 0.0

0.0 0.0 0.4714045207910317 0.4714045207910317

0.0 0.0 0.4714045207910317 0.4714045207910317

0.0 0.0 0.4000000000000001 0.4000000000000001

0.4714045207910317 0.4714045207910317 0.3726779962499649 0.3726779962499649

0.4714045207910317 0.4714045207910317 0.7637626158259734 0.7637626158259734

0.82915619758885 0.82915619758885 1.1661903789690602 1.1661903789690602

0.6324555320336759 0.6324555320336759 1.0 1.0

0.6871842709362768 0.6871842709362768 1.0 1.0

0.7483314773547882 0.7483314773547882 1.019803902718557 1.019803902718557

0.7284313590846836 0.7284313590846836 0.6998542122237652 0.6998542122237652

0.7284313590846836 0.7284313590846836 0.7284313590846836 0.7284313590846836

0.74535599249993 0.74535599249993 0.8 0.8

0.4714045207910317 0.4714045207910317 0.4898979485566356 0.4898979485566356

0.4 0.4 0.5 0.5

0.4330127018922193 0.4330127018922193 0.5 0.5

1.699673171197595 1.699673171197595 1.0 1.0

2.0 2.0 1.699673171197595 1.699673171197595

0.0 0.0 1.699673171197595 1.699673171197595

0.0 0.0 1.699673171197595 1.699673171197595

0.0 0.0 1.699673171197595 1.699673171197595

0.0 0.0 0.4714045207910317 0.4714045207910317

0.0 0.0 0.5 0.5

0.5 0.5 0.0 0.0

1.5 1.5 1.0 1.0

1.247219128924647 1.247219128924647 0.9428090415820634 0.9428090415820634

1.0897247358851685 1.0897247358851685 0.82915619758885 0.82915619758885

1.479019945774904 1.479019945774904 0.9428090415820634 0.9428090415820634

1.019803902718557 1.019803902718557 1.3564659966250536 1.3564659966250536

1.0671873729054748 1.0671873729054748 1.16619037896906 1.16619037896906

1.624807680927192 1.624807680927192 1.5 1.5

1.3850513878332367 1.3850513878332367 1.469693845669907 1.469693845669907

1.343709624716425 1.343709624716425 1.469693845669907 1.469693845669907

1.5986105077709065 1.5986105077709065 1.8330302779823362 1.8330302779823362

1.1547005383792515 1.1547005383792515 1.32664991614216 1.32664991614216

1.1055415967851332 1.1055415967851332 1.6 1.6

1.0497813183356477 1.0497813183356477 1.1605769149479943 1.1605769149479943

0.45175395145262565 0.45175395145262565 0.880630571852711 0.880630571852711

1.1055415967851332 1.1055415967851332 1.124858267715973 1.124858267715973

1.1547005383792515 1.1547005383792515 1.2133516482134197 1.2133516482134197

1.3437096247164249 1.3437096247164249 1.6072751268321592 1.6072751268321592

1.16619037896906 1.16619037896906 1.32664991614216 1.32664991614216

0.4330127018922193 0.4330127018922193 0.82915619758885 0.82915619758885

1.224744871391589 1.224744871391589 1.6583123951777 1.6583123951777

1.1547005383792515 1.1547005383792515 1.3743685418725535 1.3743685418725535

1.1547005383792515 1.1547005383792515 1.4624940645653537 1.4624940645653537

1.4966629547095767 1.4966629547095767 1.6 1.6

1.4966629547095767 1.4966629547095767 1.8547236990991407 1.8547236990991407

1.7888543819998317 1.7888543819998317 1.8973665961010275 1.8973665961010275

1.7320508075688772 1.7320508075688772 1.8708286933869707 1.8708286933869707

0.82915619758885 0.82915619758885 0.82915619758885 0.82915619758885

0.0 0.0 1.8330302779823358 1.8330302779823358

1.6733200530681511 1.6733200530681511 1.469693845669907 1.469693845669907

1.4142135623730951 1.4142135623730951 1.16619037896906 1.16619037896906

1.624807680927192 1.624807680927192 1.6733200530681511 1.6733200530681511

