53 51619 835 998689

32 29074 95 78894

28 23473 93 78064

10 9273 22 15771

17 17736 22 20395

18 18542 22 20395

18 19025 22 20395

34 29505 73 64230

34 29414 74 64593

23 18566 54 44654

25 19968 59 47459

44 40120 101 82830

32 32377 60 41976

46 50899 73 52734

50 55103 80 60102

47 52895 75 57297

32 37004 36 22805

38 45955 42 31689

26 29428 31 21495

33 37703 31 18663

43 47744 39 21496

45 49692 40 21780

40 44234 34 19527

49 53782 36 20113

42 45599 31 16438

36 39798 27 14809

40 45329 37 24333

45 50447 33 18544

37 42091 31 17959

42 46091 41 21332

43 47227 42 21641

39 42502 38 20402

