1.8 1.8 2.2 2.2

2.0 2.0 3.0 3.0

3.5 3.5 5.666666666666667 5.666666666666667

4.0 4.0 19.0 19.0

3.75 3.75 6.0 6.0

2.3333333333333335 2.3333333333333335 6.0 6.0

2.3333333333333335 2.3333333333333335 6.0 6.0

2.0 2.0 3.75 3.75

2.0 2.0 3.5 3.5

2.3333333333333335 2.3333333333333335 3.75 3.75

2.1666666666666665 2.1666666666666665 2.6 2.6

2.5 2.5 2.25 2.25

2.0 2.0 2.25 2.25

1.4 1.4 2.0 2.0

1.2 1.2 1.5 1.5

2.0 2.0 4.0 4.0

2.0 2.0 5.5 5.5

2.5 2.5 6.0 6.0

2.4 2.4 4.666666666666667 4.666666666666667

2.75 2.75 3.25 3.25

1.75 1.75 2.0 2.0

1.75 1.75 1.5 1.5

1.75 1.75 1.5 1.5

1.2 1.2 1.1428571428571428 1.1428571428571428

1.2 1.2 1.1666666666666667 1.1666666666666667

1.3333333333333333 1.3333333333333333 1.3333333333333333 1.3333333333333333

1.2 1.2 1.2 1.2

1.5 1.5 1.5 1.5

1.75 1.75 1.75 1.75

2.0 2.0 1.75 1.75

2.0 2.0 2.3333333333333335 2.3333333333333335

1.75 1.75 1.8 1.8

