1.5 475.0 0.0 0.0

0.0 0.0 0.0 0.0

0.0 0.0 0.0 0.0

0.0 0.0 0.0 0.0

0.0 0.0 0.0 0.0

0.0 0.0 0.0 0.0

0.0 0.0 0.0 0.0

0.0 0.0 0.0 0.0

0.0 0.0 0.0 0.0

0.0 0.0 0.0 0.0

0.0 0.0 0.0 0.0

0.5 110.0 1.0 202.5

0.5 110.0 1.0 203.0

2.0 1836.0 1.0 415.0

2.0 2050.0 1.0 415.0

2.0 1898.0 1.0 296.5

0.5 526.5 0.0 0.0

1.0 1287.0 0.0 0.0

0.0 0.0 0.0 0.0

0.0 0.0 0.0 0.0

1.5 1972.5 0.5 154.5

2.0 2069.0 1.0 317.0

1.0 1227.5 1.0 317.0

3.5 3137.5 1.0 333.5

1.0 1350.0 1.0 333.5

1.0 1112.5 1.0 309.0

1.0 1120.5 1.0 309.0

1.0 1064.0 1.0 309.0

1.0 1056.0 1.0 309.0

1.0 1147.0 1.0 309.0

1.0 1147.0 1.0 309.0

1.0 1147.0 1.0 309.0

