4.756837184516619 4848.501051613785 157.74627570881032 198372.8463072693

3.4842502780368694 2638.3222149692024 15.70947166520886 13725.9271020212

3.5128336140500602 2629.1099686966313 15.736184416814652 13737.158805954012

1.02469507659596 1070.571682560304 4.794788837894738 3437.209761928997

1.878163997099295 2133.3999765632325 3.806573262134856 4042.5387799624136

1.8681541692269406 2123.8590089739946 3.806573262134855 4042.5387799624136

1.8681541692269406 2138.921103617429 3.806573262134855 4042.5387799624136

3.0675723300355937 2460.1971237077732 9.350267375856157 8281.284142571127

3.0675723300355933 2458.5070286659743 9.333273809334 8274.620754300464

2.7069355367278325 1674.4654102130626 8.832326986700616 7519.536249663272

2.6995369973386176 1684.1372093745808 8.8004261260464 7495.787099931537

3.4292856398964497 3018.7205567922315 9.468236372207869 8098.240972581639

2.5573423705088847 2822.0905951971135 4.8373546489791295 4130.182896676611

2.758622844826744 3257.8368816593625 4.932291556670185 4369.538432145894

2.711088342345192 3210.3354228958697 5.049752469181039 4479.372611203493

2.797766966707557 3271.4484999003116 5.156306817868773 4538.578877523226

1.9595917942265428 2419.542303825251 2.976575213227444 2574.62863098739

2.2781571499789033 2813.3332343503143 3.78021163428716 3346.9578646137747

1.9 2200.850458345591 3.3537292675468007 2827.2110263473437

2.127792283095321 2492.721690742871 3.0736785778607367 2466.9555584768855

2.080264406271472 2398.555473613233 3.1539657575820326 2458.5072828852885

2.1418449990603894 2463.298812568219 3.1144823004794873 2451.295065878443

1.8973665961010275 2141.0670727466713 2.451530134426253 2125.8042542764842

1.9868316486305526 2211.425397792112 2.420743687382041 2116.155789988062

1.8947295321496416 2030.748691369762 2.178875856950093 1994.0474392551446

1.886796226411321 2060.13348839341 1.981792118260642 1976.4748031533313

1.9235384061671346 2207.0980149281995 2.554897258208243 2683.1344594522284

2.426417111710186 2765.652477716606 2.1041625412500813 2034.5610239066311

2.3510635891017495 2710.0084220348836 2.1324868112136124 2043.2395227921763

2.3 2653.520500674528 2.8013389655662877 2108.726947710395

2.329699551444349 2683.0849273737126 2.826658805020514 2108.3166383396965

2.2688102609076854 2599.321274871577 2.879236009777594 2120.7053048455364

