1.6 1.6 2.4 2.4

2.23606797749979 2.23606797749979 4.0 4.0

2.598076211353316 2.598076211353316 6.599663291074443 6.599663291074443

2.23606797749979 2.23606797749979 0.0 0.0

1.920286436967152 1.920286436967152 7.0710678118654755 7.0710678118654755

1.3743685418725535 1.3743685418725535 4.546060565661952 4.546060565661952

1.1055415967851334 1.1055415967851334 3.559026084010437 3.559026084010437

0.816496580927726 0.816496580927726 3.2691742076555053 3.2691742076555053

0.816496580927726 0.816496580927726 3.278719262151 3.278719262151

1.3743685418725535 1.3743685418725535 2.5860201081971503 2.5860201081971503

1.3437096247164249 1.3437096247164249 1.3564659966250538 1.3564659966250538

1.5 1.5 1.299038105676658 1.299038105676658

1.5491933384829668 1.5491933384829668 1.299038105676658 1.299038105676658

0.4898979485566356 0.4898979485566356 1.4142135623730951 1.4142135623730951

0.4 0.4 0.8660254037844386 0.8660254037844386

1.224744871391589 1.224744871391589 3.0 3.0

1.5491933384829668 1.5491933384829668 4.5 4.5

1.5 1.5 4.0 4.0

1.3564659966250538 1.3564659966250538 3.7712361663282534 3.7712361663282534

1.479019945774904 1.479019945774904 2.277608394786075 2.277608394786075

0.82915619758885 0.82915619758885 0.8944271909999159 0.8944271909999159

0.82915619758885 0.82915619758885 0.7637626158259734 0.7637626158259734

0.82915619758885 0.82915619758885 0.7637626158259734 0.7637626158259734

0.4 0.4 0.3499271061118826 0.3499271061118826

0.4000000000000001 0.4000000000000001 0.3726779962499649 0.3726779962499649

0.4714045207910317 0.4714045207910317 0.4714045207910317 0.4714045207910317

0.4 0.4 0.4 0.4

0.5 0.5 0.5 0.5

0.82915619758885 0.82915619758885 0.82915619758885 0.82915619758885

0.816496580927726 0.816496580927726 0.82915619758885 0.82915619758885

0.816496580927726 0.816496580927726 0.9428090415820634 0.9428090415820634

0.82915619758885 0.82915619758885 0.9797958971132713 0.9797958971132713

