2.65 2580.95 41.75 49934.45

1.6 1453.7 4.75 3944.7

1.4 1173.65 4.65 3903.2

0.5 463.65 1.1 788.55

0.85 886.8 1.1 1019.75

0.9 927.1 1.1 1019.75

0.9 951.25 1.1 1019.75

1.7 1475.25 3.65 3211.5

1.7 1470.7 3.7 3229.65

1.15 928.3 2.7 2232.7

1.25 998.4 2.95 2372.95

2.2 2006.0 5.05 4141.5

1.6 1618.85 3.0 2098.8

2.3 2544.95 3.65 2636.7

2.5 2755.15 4.0 3005.1

2.35 2644.75 3.75 2864.85

1.6 1850.2 1.8 1140.25

1.9 2297.75 2.1 1584.45

1.3 1471.4 1.55 1074.75

1.65 1885.15 1.55 933.15

2.15 2387.2 1.95 1074.8

2.25 2484.6 2.0 1089.0

2.0 2211.7 1.7 976.35

2.45 2689.1 1.8 1005.65

2.1 2279.95 1.55 821.9

1.8 1989.9 1.35 740.45

2.0 2266.45 1.85 1216.65

2.25 2522.35 1.65 927.2

1.85 2104.55 1.55 897.95

2.1 2304.55 2.05 1066.6

2.15 2361.35 2.1 1082.05

1.95 2125.1 1.9 1020.1

