17 20450 726 912581

16 11440 70 61887

16 11440 70 61887

3 4082 22 15771

8 9452 17 18554

8 9452 17 18554

8 9452 17 18554

12 9452 40 33612

12 9452 40 33612

12 5422 40 33612

12 5422 40 33612

12 12363 40 33612

11 12363 17 13298

11 12363 17 13298

11 12363 17 13298

11 12363 17 13298

6 7905 10 9529

7 8488 13 10938

7 8488 13 10938

7 8488 13 10938

7 8488 13 10938

7 8488 13 10938

5 6369 9 9270

5 6369 9 9270

5 5296 9 9270

5 5296 9 9270

5 6299 9 9270

9 10292 9 9174

9 10292 9 9174

9 10292 10 9174

9 10292 10 9174

9 10292 10 9139

