1 28 0 0
0 0 2 142
6 987 4 328
0 0 0 0
0 0 0 0
0 0 0 0
0 0 0 0
3 413 0 0
0 0 0 0
0 0 0 0
0 0 4 286
0 0 0 0
0 0 0 0
4 560 0 0
1 221 0 0
1 221 0 0
2 317 0 0
0 0 0 0
0 0 0 0
2 192 2 154
0 0 0 0
0 0 2 152
1 28 0 0
2 227 0 0
0 0 0 0
0 0 0 0
2 212 2 152
0 0 0 0
3 577 0 0
0 0 0 0
0 0 0 0
0 0 1 77
4 431 2 332
0 0 0 0
0 0 0 0
0 0 0 0
0 0 0 0
0 0 0 0
0 0 0 0
0 0 0 0
1 28 0 0
0 0 0 0
0 0 0 0
0 0 0 0
0 0 0 0
0 0 0 0
0 0 0 0
0 0 0 0
0 0 0 0
0 0 0 0
0 0 0 0
0 0 0 0
0 0 0 0
0 0 0 0
0 0 0 0
0 0 0 0
0 0 0 0
0 0 0 0
0 0 0 0
0 0 0 0
1 118 1 73
0 0 0 0
0 0 0 0
0 0 0 0
2 225 2 136
8 1081 9 659
5 762 5 384
1 124 4 310
4 424 0 0
3 542 7 570
5 630 1 89
2 313 3 268
1 145 0 0
0 0 0 0
0 0 0 0
0 0 0 0
0 0 0 0
0 0 0 0
0 0 0 0
0 0 0 0
0 0 0 0
0 0 0 0
1 28 0 0
0 0 0 0
0 0 0 0
0 0 0 0
0 0 0 0
0 0 0 0
0 0 0 0
0 0 0 0
0 0 0 0
0 0 0 0
0 0 0 0
0 0 0 0
0 0 0 0
0 0 0 0
0 0 0 0
0 0 0 0
0 0 0 0
0 0 0 0
0 0 0 0
0 0 0 0
0 0 0 0
0 0 0 0
0 0 0 0
0 0 0 0
0 0 0 0
0 0 0 0
0 0 0 0
0 0 0 0
0 0 0 0
0 0 0 0
0 0 4 364
0 0 0 0
0 0 0 0
0 0 0 0
0 0 0 0
1 28 4 364
2 257 0 0
0 0 0 0
0 0 0 0
0 0 0 0
2 313 1 88
0 0 0 0
0 0 0 0
2 257 2 313
2 328 2 384
1 28 1 88
0 0 0 0
0 0 0 0
0 0 0 0
0 0 0 0
0 0 1 88
0 0 0 0
0 0 1 86
0 0 0 0
0 0 0 0
1 145 2 154
0 0 0 0
0 0 1 86
0 0 0 0
0 0 0 0
0 0 0 0
0 0 2 154
0 0 1 86
0 0 0 0
0 0 0 0
0 0 0 0
0 0 2 154
0 0 1 86
0 0 0 0
0 0 0 0
0 0 0 0
0 0 0 0
0 0 0 0
0 0 0 0
0 0 0 0
0 0 0 0
7 1200 7 548
2 156 1 73
0 0 0 0
0 0 0 0
5 864 5 455
3 455 3 222
12 1732 12 983
2 239 2 146
0 0 0 0
0 0 0 0
0 0 0 0
0 0 0 0
0 0 0 0
0 0 0 0
0 0 0 0
0 0 0 0
0 0 0 0
0 0 0 0
0 0 0 0
0 0 0 0
0 0 0 0
0 0 0 0
0 0 0 0
0 0 0 0
0 0 0 0
0 0 2 152
1 28 0 0
0 0 0 0
0 0 0 0
0 0 0 0
0 0 2 152
1 28 0 0
0 0 0 0
0 0 0 0
2 266 1 77
0 0 0 0
0 0 0 0
0 0 0 0
0 0 0 0
0 0 1 77
0 0 0 0
0 0 0 0
0 0 0 0
0 0 0 0
0 0 0 0
0 0 0 0
0 0 0 0
0 0 0 0
2 219 4 326
4 601 2 161
0 0 0 0
0 0 0 0
0 0 0 0
0 0 0 0
0 0 0 0
0 0 0 0
0 0 0 0
0 0 0 0
0 0 0 0
0 0 0 0
0 0 0 0
0 0 0 0
0 0 0 0
2 321 2 136
0 0 0 0
0 0 0 0
0 0 0 0
0 0 0 0
0 0 0 0
0 0 0 0
0 0 0 0
1 28 0 0
0 0 0 0
0 0 0 0
0 0 0 0
0 0 0 0
0 0 0 0
0 0 0 0
0 0 0 0
1 254 1 86
0 0 0 0
0 0 0 0
0 0 2 136
0 0 0 0
0 0 0 0
0 0 0 0
0 0 0 0
0 0 2 136
0 0 0 0
0 0 0 0
0 0 0 0
0 0 0 0
0 0 0 0
0 0 2 136
0 0 0 0
0 0 0 0
0 0 0 0
0 0 0 0
0 0 2 136
0 0 0 0
1 28 0 0
0 0 0 0
1 84 0 0
1 141 1 68
0 0 0 0
0 0 0 0
0 0 0 0
0 0 0 0
0 0 0 0
0 0 0 0
0 0 0 0
0 0 0 0
0 0 0 0
0 0 0 0
0 0 0 0
0 0 0 0
5 847 5 383
1 118 1 73
0 0 0 0
0 0 0 0
0 0 0 0
0 0 0 0
0 0 0 0
0 0 0 0
3 478 3 271
2 274 4 340
2 287 0 0
0 0 0 0
0 0 0 0
0 0 0 0
0 0 0 0
0 0 0 0
0 0 0 0
0 0 0 0
0 0 0 0
0 0 0 0
0 0 0 0
0 0 0 0
0 0 0 0
0 0 0 0
0 0 0 0
0 0 0 0
0 0 0 0
0 0 0 0
2 225 2 136
0 0 0 0
0 0 0 0
0 0 0 0
0 0 2 136
0 0 0 0
0 0 0 0
0 0 0 0
0 0 0 0
0 0 2 136
0 0 0 0
0 0 0 0
0 0 0 0
0 0 0 0
0 0 2 136
0 0 0 0
0 0 0 0
0 0 0 0
0 0 0 0
0 0 0 0
0 0 0 0
0 0 0 0
0 0 0 0
0 0 0 0
0 0 0 0
4 664 8 914
0 0 0 0
0 0 0 0
0 0 2 136
4 595 0 0
0 0 0 0
0 0 2 136
0 0 0 0
0 0 0 0
0 0 0 0
0 0 0 0
0 0 2 136
0 0 0 0
0 0 0 0
0 0 0 0
0 0 0 0
0 0 2 136
0 0 0 0
0 0 0 0
0 0 2 154
0 0 0 0
0 0 4 316
0 0 0 0
0 0 0 0
0 0 2 154
0 0 0 0
0 0 4 316
0 0 0 0
0 0 0 0
0 0 2 154
0 0 0 0
0 0 0 0
0 0 4 316
0 0 0 0
