1 0 1 452 321 463 0 0 0 13 0 40
1 0 3 512 24 693 1 0 3 164 0 449
3 1 5 1381 491 1869 2 0 4 904 0 2168
3 1 4 1348 619 1817 1 0 3 753 0 2173
1 1 1 378 187 451 0 0 0 0 0 0
0 0 0 292 24 421 0 0 0 0 0 0
1 1 1 458 216 499 0 0 1 79 0 159
1 1 1 521 452 532 1 0 1 182 161 184
1 0 1 493 259 571 0 0 0 135 0 166
2 1 4 1538 303 3324 1 0 2 113 0 253
2 1 4 1660 303 3335 1 0 2 107 0 244
2 1 1 821 729 762 0 1 0 155 130 149
1 1 1 666 729 474 0 0 0 142 67 152
1 0 2 818 93 1512 0 0 1 59 0 140
2 0 3 1413 467 2104 0 0 1 72 0 151
2 1 2 1065 682 1646 0 0 1 69 0 143
1 1 1 365 187 396 0 0 1 42 0 128
1 1 1 380 156 413 0 0 1 92 0 210
1 1 1 487 463 425 1 0 1 106 0 208
1 1 1 449 307 447 0 0 1 141 0 288
3 1 6 1490 705 3073 0 0 1 161 0 294
2 1 6 1441 491 3091 0 0 0 34 0 102
0 0 0 292 24 421 0 0 0 0 0 0
1 1 2 814 79 1512 0 0 1 49 0 106
2 1 3 1042 935 1457 1 0 1 127 26 202
1 0 2 421 24 508 0 0 1 78 0 193
0 0 0 280 0 428 0 0 0 0 0 0
0 0 0 374 0 458 0 0 0 0 0 0
0 0 0 287 0 424 0 0 0 0 0 0
0 0 0 292 0 431 0 0 0 0 0 0
1 0 1 475 359 486 0 0 1 96 0 219
2 2 1 551 545 496 1 1 1 213 190 223
1 1 1 517 329 552 0 1 0 154 93 156
0 1 0 435 50 533 0 0 0 37 0 96
0 0 0 287 0 424 0 0 0 0 0 0
3 1 4 988 595 1415 1 0 3 263 0 436
3 2 4 1138 801 1373 1 0 3 263 0 436
0 0 1 358 69 501 0 0 0 13 0 40
0 0 0 294 0 421 0 0 0 13 0 40
0 0 0 378 0 464 0 0 0 0 0 0
1 1 1 795 503 875 0 0 0 0 0 0
2 2 1 799 271 888 0 0 1 100 0 232
1 1 1 392 303 407 0 0 1 100 0 232
4 1 8 778 510 1093 2 0 7 1077 0 3080
4 1 9 655 95 1143 2 0 7 1082 0 3079
0 0 0 203 24 289 0 0 0 5 0 15
0 0 0 294 0 368 0 0 0 0 0 0
0 0 0 263 0 396 0 0 0 0 0 0
1 1 2 622 264 821 0 0 0 0 0 0
1 1 2 725 708 790 0 0 0 13 0 40
0 0 0 294 0 421 0 0 0 13 0 40
0 0 0 280 0 428 0 0 0 0 0 0
0 0 0 381 0 467 0 0 0 0 0 0
0 0 0 303 26 431 0 0 0 10 0 20
1 1 1 362 188 394 0 0 1 76 0 130
3 3 2 773 929 548 2 1 2 275 138 372
3 3 3 980 929 839 2 0 2 288 161 375
2 1 2 1410 879 1799 1 0 1 130 0 168
