1 935 0 0
0 0 0 0
1 935 0 0
4 642 0 0
0 0 0 0
3 1074 2 135
0 0 0 0
0 0 0 0
0 0 0 0
1 935 0 0
1 48 0 0
1 935 0 0
0 0 0 0
0 0 0 0
13 2129 11 1508
15 4727 11 7271
0 0 0 0
6 5041 3 261
1 935 0 0
0 0 0 0
2 303 0 0
1 935 0 0
2 303 0 0
0 0 0 0
3 1238 0 0
0 0 0 0
1 72 0 0
1 935 0 0
0 0 0 0
0 0 0 0
1 935 0 0
1 48 0 0
0 0 0 0
1 935 0 0
0 0 0 0
0 0 0 0
6 1350 5 411
3 385 3 385
0 0 0 0
1 935 0 0
0 0 0 0
0 0 0 0
3 1454 1 323
3 571 2 386
2 519 1 323
3 1454 1 323
0 0 0 0
0 0 0 0
1 935 0 0
0 0 0 0
2 303 0 0
2 983 0 0
2 303 0 0
0 0 0 0
17 11403 10 816
0 0 1 52
1 72 0 0
1 935 0 0
4 2603 2 209
0 0 0 0
1 935 0 0
2 523 1 323
2 523 1 323
3 1458 1 323
6 1165 1 323
0 0 0 0
1 935 0 0
3 187 2 135
0 0 0 0
1 935 0 0
0 0 0 0
0 0 0 0
1 935 0 0
9 5189 6 463
0 0 0 0
1 935 0 0
8 5835 3 261
0 0 0 0
3 1238 0 0
0 0 0 0
2 303 0 0
1 935 0 0
4 429 4 429
1 48 0 0
1 935 0 0
0 0 0 0
1 72 0 0
1 935 0 0
0 0 0 0
0 0 0 0
1 935 0 0
3 240 3 240
5 687 5 687
1 935 0 0
0 0 0 0
0 0 0 0
1 935 0 0
0 0 0 0
2 139 2 135
2 1008 0 0
0 0 0 0
2 476 1 323
1 935 0 0
4 1006 3 954
0 0 0 0
1 935 0 0
0 0 0 0
0 0 0 0
1 935 0 0
22 10622 2 340
1 48 0 0
1 935 0 0
0 0 0 0
0 0 0 0
1 935 0 0
0 0 0 0
1 72 0 0
1 935 0 0
0 0 0 0
0 0 0 0
1 935 0 0
9 5184 4 359
0 0 1 52
1 935 0 0
1 86 1 86
9 1066 6 646
2 1096 0 0
1 48 0 0
0 0 0 0
3 1074 2 135
0 0 0 0
0 0 0 0
1 935 0 0
0 0 0 0
0 0 0 0
1 935 0 0
0 0 0 0
0 0 0 0
1 935 0 0
0 0 0 0
0 0 0 0
1 935 0 0
0 0 0 0
0 0 0 0
1 935 0 0
0 0 0 0
1 72 0 0
1 935 0 0
0 0 0 0
0 0 0 0
2 983 0 0
0 0 0 0
0 0 0 0
1 935 0 0
0 0 0 0
0 0 0 0
4 1181 3 246
5 718 5 718
0 0 0 0
1 935 0 0
2 139 2 135
0 0 0 0
3 1454 1 323
3 571 2 386
2 519 1 323
3 1454 1 323
0 0 0 0
1 52 1 52
1 935 0 0
1 48 0 0
0 0 0 0
1 935 0 0
0 0 0 0
0 0 0 0
1 935 0 0
0 0 0 0
1 72 0 0
1 935 0 0
0 0 0 0
0 0 0 0
3 1080 0 0
4 668 1 323
17 4920 12 1452
7 1684 3 532
2 523 1 323
0 0 0 0
4 1416 0 0
1 161 0 0
0 0 0 0
1 935 0 0
0 0 0 0
2 139 2 135
1 935 0 0
0 0 0 0
0 0 0 0
1 935 0 0
0 0 0 0
0 0 0 0
1 935 0 0
0 0 0 0
0 0 0 0
1 935 0 0
0 0 0 0
0 0 0 0
2 983 0 0
4 2418 0 0
1 72 0 0
3 1774 0 0
0 0 0 0
3 1776 0 0
0 0 0 0
3 240 3 240
6 1410 5 765
0 0 0 0
2 303 0 0
1 645 0 0
2 303 0 0
0 0 0 0
1 645 0 0
3 376 0 0
0 0 0 0
3 1121 1 323
2 139 2 135
31 3906 25 10315
1 645 0 0
1 48 0 0
0 0 0 0
1 645 0 0
1 52 1 52
0 0 0 0
1 645 0 0
0 0 0 0
0 0 0 0
1 645 0 0
0 0 0 0
0 0 0 0
2 717 0 0
0 0 0 0
0 0 0 0
1 936 0 0
0 0 0 0
0 0 0 0
1 936 0 0
1 48 0 0
0 0 0 0
1 936 0 0
0 0 0 0
3 481 0 0
2 1097 0 0
8 2726 0 0
0 0 0 0
1 936 0 0
0 0 0 0
2 139 2 135
1 936 0 0
0 0 0 0
0 0 0 0
1 936 0 0
0 0 0 0
0 0 0 0
1 936 0 0
0 0 0 0
0 0 0 0
1 936 0 0
0 0 0 0
0 0 0 0
2 1008 0 0
0 0 0 0
0 0 0 0
1 936 0 0
2 100 1 52
0 0 0 0
1 936 0 0
0 0 0 0
1 52 1 52
1 936 0 0
3 276 3 276
3 385 3 385
1 936 0 0
0 0 0 0
0 0 0 0
3 1239 0 0
10 1446 9 1250
6 922 2 386
5 1594 3 458
4 822 1 323
7 2842 6 463
1 936 0 0
0 0 0 0
0 0 0 0
7 5876 3 262
0 0 0 0
5 2692 3 261
1 936 0 0
0 0 0 0
0 0 0 0
2 1008 0 0
5 4888 0 0
