1 0 1 452 321 463 0 0 0 13 0 40
3 1 5 1381 491 1869 2 0 4 904 0 2168
1 1 1 378 187 451 0 0 0 0 0 0
1 1 1 458 216 499 0 0 1 79 0 159
1 0 1 493 259 571 0 0 0 135 0 166
2 1 4 1660 303 3335 1 0 2 107 0 244
1 1 1 666 729 474 0 0 0 142 67 152
2 0 3 1413 467 2104 0 0 1 72 0 151
1 1 1 365 187 396 0 0 1 42 0 128
1 1 1 487 463 425 1 0 1 106 0 208
3 1 6 1490 705 3073 0 0 1 161 0 294
0 0 0 292 24 421 0 0 0 0 0 0
2 1 3 1042 935 1457 1 0 1 127 26 202
0 0 0 280 0 428 0 0 0 0 0 0
0 0 0 287 0 424 0 0 0 0 0 0
1 0 1 475 359 486 0 0 1 96 0 219
1 1 1 517 329 552 0 1 0 154 93 156
0 0 0 287 0 424 0 0 0 0 0 0
3 2 4 1138 801 1373 1 0 3 263 0 436
0 0 0 294 0 421 0 0 0 13 0 40
1 1 1 795 503 875 0 0 0 0 0 0
1 1 1 392 303 407 0 0 1 100 0 232
4 1 9 655 95 1143 2 0 7 1082 0 3079
0 0 0 294 0 368 0 0 0 0 0 0
1 1 2 622 264 821 0 0 0 0 0 0
0 0 0 294 0 421 0 0 0 13 0 40
0 0 0 381 0 467 0 0 0 0 0 0
1 1 1 362 188 394 0 0 1 76 0 130
3 3 3 980 929 839 2 0 2 288 161 375
