0.4714045207910317 0.4714045207910317 0.3499271061118826 0.3499271061118826

0.4948716593053935 0.4948716593053935 0.33071891388307384 0.33071891388307384

1.469693845669907 1.469693845669907 1.3850513878332367 1.3850513878332367

1.9390719429665317 1.9390719429665317 1.863389981249825 1.863389981249825

1.920286436967152 1.920286436967152 2.0591260281974 2.0591260281974

1.6583123951777 1.6583123951777 1.920286436967152 1.920286436967152

0.816496580927726 0.816496580927726 0.816496580927726 0.816496580927726

2.48746859276655 2.48746859276655 2.48746859276655 2.48746859276655

1.247219128924647 1.247219128924647 1.247219128924647 1.247219128924647

2.598076211353316 2.598076211353316 2.598076211353316 2.598076211353316

1.6393596310755 1.6393596310755 1.6393596310755 1.6393596310755

1.6 1.6 1.6 1.6

1.5 1.5 1.5 1.5

1.7435595774162693 1.7435595774162693 1.7435595774162693 1.7435595774162693

1.4624940645653537 1.4624940645653537 1.4624940645653537 1.4624940645653537

1.4966629547095764 1.4966629547095764 1.4966629547095764 1.4966629547095764

0.7284313590846836 0.7284313590846836 0.7284313590846836 0.7284313590846836

0.6959705453537527 0.6959705453537527 0.7284313590846836 0.7284313590846836

1.124858267715973 1.124858267715973 1.0671873729054748 1.0671873729054748

1.8257418583505538 1.8257418583505538 1.7716909687891083 1.7716909687891083

1.8257418583505538 1.8257418583505538 1.7716909687891083 1.7716909687891083

1.9390719429665317 1.9390719429665317 1.7888543819998317 1.7888543819998317

1.6583123951777 1.6583123951777 1.7204650534085255 1.7204650534085255

0.9797958971132712 0.9797958971132712 1.0671873729054748 1.0671873729054748

0.9797958971132712 0.9797958971132712 1.019803902718557 1.019803902718557

0.9797958971132712 0.9797958971132712 1.2000000000000002 1.2000000000000002

0.4898979485566356 0.4898979485566356 0.9797958971132713 0.9797958971132713

0.5 0.5 0.7637626158259734 0.7637626158259734

0.6871842709362768 0.6871842709362768 1.9595917942265424 1.9595917942265424

1.0671873729054748 1.0671873729054748 2.4 2.4

1.1055415967851332 1.1055415967851332 2.4000000000000004 2.4000000000000004

1.049781318335648 1.049781318335648 2.1921577396609844 2.1921577396609844

1.21335164821342 1.21335164821342 1.4624940645653537 1.4624940645653537

0.9035079029052512 0.9035079029052512 0.880630571852711 0.880630571852711

0.9035079029052513 0.9035079029052513 0.8975274678557507 0.8975274678557507

0.880630571852711 0.880630571852711 1.1055415967851334 1.1055415967851334

0.816496580927726 0.816496580927726 1.019803902718557 1.019803902718557

0.816496580927726 0.816496580927726 1.019803902718557 1.019803902718557

1.0671873729054748 1.0671873729054748 1.3564659966250538 1.3564659966250538

1.0671873729054748 1.0671873729054748 1.0671873729054748 1.0671873729054748

1.1055415967851332 1.1055415967851332 1.1055415967851332 1.1055415967851332

1.1661903789690602 1.1661903789690602 1.1661903789690602 1.1661903789690602

0.3726779962499649 0.3726779962499649 0.4 0.4

0.8 0.8 0.82915619758885 0.82915619758885

0.9797958971132713 0.9797958971132713 1.0 1.0

0.8944271909999159 0.8944271909999159 0.8660254037844386 0.8660254037844386

0.8944271909999159 0.8944271909999159 0.8660254037844386 0.8660254037844386

0.8 0.8 0.8 0.8

0.7483314773547882 0.7483314773547882 0.9797958971132712 0.9797958971132712

0.7071067811865476 0.7071067811865476 1.0 1.0

1.118033988749895 1.118033988749895 1.299038105676658 1.299038105676658

1.118033988749895 1.118033988749895 1.299038105676658 1.299038105676658

1.1661903789690604 1.1661903789690604 1.2000000000000002 1.2000000000000002

1.1661903789690602 1.1661903789690602 1.1661903789690602 1.1661903789690602

1.0671873729054748 1.0671873729054748 1.0671873729054748 1.0671873729054748

0.5 0.5 0.4714045207910317 0.4714045207910317

0.5 0.5 0.4714045207910317 0.4714045207910317

0.4 0.4 0.4898979485566356 0.4898979485566356

0.6324555320336759 0.6324555320336759 0.8 0.8

0.7483314773547883 0.7483314773547883 0.8660254037844386 0.8660254037844386

0.8 0.8 0.8660254037844386 0.8660254037844386

0.8944271909999159 0.8944271909999159 1.0 1.0

0.8975274678557508 0.8975274678557508 0.8944271909999159 0.8944271909999159

0.8975274678557507 0.8975274678557507 0.8944271909999159 0.8944271909999159

0.8975274678557508 0.8975274678557508 0.8944271909999159 0.8944271909999159

0.8975274678557507 0.8975274678557507 0.8944271909999159 0.8944271909999159

0.8975274678557507 0.8975274678557507 0.8944271909999159 0.8944271909999159

0.9797958971132712 0.9797958971132712 1.0897247358851685 1.0897247358851685

1.019803902718557 1.019803902718557 1.118033988749895 1.118033988749895

1.019803902718557 1.019803902718557 1.16619037896906 1.16619037896906

1.118033988749895 1.118033988749895 1.118033988749895 1.118033988749895

2.943920288775949 2.943920288775949 2.943920288775949 2.943920288775949

3.299831645537222 3.299831645537222 3.299831645537222 3.299831645537222

3.5 3.5 3.5 3.5

2.9154759474226504 2.9154759474226504 2.9154759474226504 2.9154759474226504

1.16619037896906 1.16619037896906 1.16619037896906 1.16619037896906

2.48746859276655 2.48746859276655 2.48746859276655 2.48746859276655

2.8284271247461903 2.8284271247461903 2.8284271247461903 2.8284271247461903

2.598076211353316 2.598076211353316 2.598076211353316 2.598076211353316

2.48746859276655 2.48746859276655 2.449489742783178 2.449489742783178

1.0954451150103321 1.0954451150103321 2.449489742783178 2.449489742783178

0.7483314773547883 0.7483314773547883 2.494438257849294 2.494438257849294

0.7483314773547883 0.7483314773547883 2.494438257849294 2.494438257849294

0.7483314773547883 0.7483314773547883 2.494438257849294 2.494438257849294

0.82915619758885 0.82915619758885 0.9797958971132713 0.9797958971132713

1.118033988749895 1.118033988749895 0.8 0.8

1.5 1.5 0.8 0.8

1.469693845669907 1.469693845669907 0.7453559924999299 0.7453559924999299

1.299038105676658 1.299038105676658 0.9797958971132713 0.9797958971132713

1.224744871391589 1.224744871391589 0.9428090415820634 0.9428090415820634

0.4330127018922193 0.4330127018922193 1.299038105676658 1.299038105676658

0.4330127018922193 0.4330127018922193 1.247219128924647 1.247219128924647

0.7483314773547883 0.7483314773547883 1.118033988749895 1.118033988749895

1.0954451150103321 1.0954451150103321 1.5 1.5

1.2000000000000002 1.2000000000000002 1.2000000000000002 1.2000000000000002

1.3437096247164249 1.3437096247164249 1.0954451150103321 1.0954451150103321

1.5 1.5 1.0897247358851685 1.0897247358851685

1.299038105676658 1.299038105676658 0.5 0.5

0.82915619758885 0.82915619758885 0.4330127018922193 0.4330127018922193

0.5 0.5 0.0 0.0

0.5 0.5 0.0 0.0

0.5 0.5 0.0 0.0

0.5 0.5 0.0 0.0

0.5 0.5 0.4330127018922193 0.4330127018922193

0.5 0.5 0.5 0.5

0.816496580927726 0.816496580927726 0.816496580927726 0.816496580927726

0.4714045207910317 0.4714045207910317 0.4714045207910317 0.4714045207910317

0.82915619758885 0.82915619758885 0.7071067811865476 0.7071067811865476

1.224744871391589 1.224744871391589 1.0897247358851685 1.0897247358851685

1.3564659966250536 1.3564659966250536 1.32664991614216 1.32664991614216

1.4966629547095767 1.4966629547095767 1.118033988749895 1.118033988749895

0.8660254037844386 0.8660254037844386 1.118033988749895 1.118033988749895

0.9797958971132712 0.9797958971132712 1.118033988749895 1.118033988749895

0.9797958971132713 0.9797958971132713 1.224744871391589 1.224744871391589

0.8660254037844386 0.8660254037844386 0.5 0.5

0.4714045207910317 0.4714045207910317 0.4000000000000001 0.4000000000000001

0.4330127018922193 0.4330127018922193 0.37267799624996495 0.37267799624996495

0.82915619758885 0.82915619758885 0.45175395145262565 0.45175395145262565

0.7071067811865476 0.7071067811865476 0.4841229182759271 0.4841229182759271

0.6324555320336759 0.6324555320336759 0.5 0.5

0.6871842709362768 0.6871842709362768 0.4948716593053935 0.4948716593053935

0.6324555320336759 0.6324555320336759 0.4714045207910317 0.4714045207910317

0.4 0.4 0.4714045207910317 0.4714045207910317

1.0897247358851685 1.0897247358851685 1.0954451150103321 1.0954451150103321

1.224744871391589 1.224744871391589 1.1661903789690604 1.1661903789690604

1.299038105676658 1.299038105676658 1.3564659966250538 1.3564659966250538

1.299038105676658 1.299038105676658 1.3564659966250538 1.3564659966250538

0.9797958971132712 0.9797958971132712 1.0 1.0

0.9797958971132712 0.9797958971132712 0.9797958971132712 0.9797958971132712

0.8 0.8 0.8 0.8

1.299038105676658 1.299038105676658 1.7320508075688772 1.7320508075688772

1.5 1.5 1.920286436967152 1.920286436967152

1.5491933384829668 1.5491933384829668 2.0615528128088303 2.0615528128088303

1.7853571071357126 1.7853571071357126 2.0548046676563256 2.0548046676563256

1.0954451150103321 1.0954451150103321 1.118033988749895 1.118033988749895

1.469693845669907 1.469693845669907 1.4142135623730951 1.4142135623730951

1.299038105676658 1.299038105676658 0.4714045207910317 0.4714045207910317

1.16619037896906 1.16619037896906 1.019803902718557 1.019803902718557

1.469693845669907 1.469693845669907 1.3564659966250536 1.3564659966250536

1.3437096247164249 1.3437096247164249 1.1547005383792515 1.1547005383792515

1.124858267715973 1.124858267715973 1.3743685418725535 1.3743685418725535

1.21335164821342 1.21335164821342 1.7435595774162693 1.7435595774162693

0.7453559924999299 0.7453559924999299 1.469693845669907 1.469693845669907

0.7483314773547883 0.7483314773547883 1.469693845669907 1.469693845669907

0.7483314773547882 0.7483314773547882 1.5 1.5

0.7483314773547882 0.7483314773547882 1.3564659966250538 1.3564659966250538

1.019803902718557 1.019803902718557 1.469693845669907 1.469693845669907

1.16619037896906 1.16619037896906 1.624807680927192 1.624807680927192

1.019803902718557 1.019803902718557 1.2000000000000002 1.2000000000000002

1.019803902718557 1.019803902718557 1.019803902718557 1.019803902718557

0.816496580927726 0.816496580927726 0.816496580927726 0.816496580927726

2.0615528128088303 2.0615528128088303 2.0615528128088303 2.0615528128088303

2.140872096444188 2.140872096444188 2.140872096444188 2.140872096444188

2.0615528128088303 2.0615528128088303 2.0615528128088303 2.0615528128088303

2.0976176963403033 2.0976176963403033 2.0976176963403033 2.0976176963403033

1.247219128924647 1.247219128924647 1.247219128924647 1.247219128924647

1.0301575072754254 1.0301575072754254 0.989743318610787 0.989743318610787

1.1248582677159729 1.1248582677159729 1.0690449676496976 1.0690449676496976

1.2133516482134197 1.2133516482134197 1.1055415967851334 1.1055415967851334

1.4568627181693672 1.4568627181693672 1.4142135623730951 1.4142135623730951

1.4624940645653537 1.4624940645653537 1.3743685418725535 1.3743685418725535

2.0976176963403033 2.0976176963403033 1.6733200530681511 1.6733200530681511

2.277608394786075 2.277608394786075 1.7853571071357126 1.7853571071357126

1.8547236990991407 1.8547236990991407 1.3564659966250538 1.3564659966250538

1.7853571071357126 1.7853571071357126 1.4966629547095767 1.4966629547095767

1.3564659966250538 1.3564659966250538 1.224744871391589 1.224744871391589

1.118033988749895 1.118033988749895 1.118033988749895 1.118033988749895

0.7071067811865476 0.7071067811865476 0.7071067811865476 0.7071067811865476

1.118033988749895 1.118033988749895 1.16619037896906 1.16619037896906

0.7637626158259734 0.7637626158259734 0.7284313590846835 0.7284313590846835

1.6 1.6 1.4624940645653537 1.4624940645653537

1.8547236990991407 1.8547236990991407 1.7950549357115013 1.7950549357115013

2.0615528128088303 2.0615528128088303 1.9390719429665317 1.9390719429665317

2.0615528128088303 2.0615528128088303 2.0615528128088303 2.0615528128088303

1.4142135623730951 1.4142135623730951 1.4142135623730951 1.4142135623730951

2.48746859276655 2.48746859276655 2.48746859276655 2.48746859276655

2.6246692913372702 2.6246692913372702 1.0 1.0

2.244994432064365 2.244994432064365 2.160246899469287 2.160246899469287

1.707825127659933 1.707825127659933 1.7853571071357126 1.7853571071357126

0.6388765649999399 0.6388765649999399 1.6 1.6

0.6998542122237652 0.6998542122237652 1.5 1.5

0.816496580927726 0.816496580927726 1.0671873729054748 1.0671873729054748

0.7483314773547882 0.7483314773547882 1.019803902718557 1.019803902718557

0.6871842709362768 0.6871842709362768 1.0671873729054748 1.0671873729054748

0.7284313590846835 0.7284313590846835 1.1547005383792515 1.1547005383792515

1.0 1.0 1.2 1.2

0.989743318610787 0.989743318610787 1.247219128924647 1.247219128924647

1.0671873729054748 1.0671873729054748 1.3564659966250538 1.3564659966250538

1.3564659966250538 1.3564659966250538 1.3564659966250538 1.3564659966250538

1.8547236990991407 1.8547236990991407 1.8547236990991407 1.8547236990991407

1.8547236990991407 1.8547236990991407 1.8547236990991407 1.8547236990991407

1.8547236990991407 1.8547236990991407 1.8708286933869707 1.8708286933869707

1.7950549357115013 1.7950549357115013 1.707825127659933 1.707825127659933

0.6959705453537527 0.6959705453537527 1.0690449676496976 1.0690449676496976

1.4142135623730951 1.4142135623730951 1.6072751268321592 1.6072751268321592

2.140872096444188 2.140872096444188 2.227105745132009 2.227105745132009

2.140872096444188 2.140872096444188 2.165063509461097 2.165063509461097

2.0396078054371136 2.0396078054371136 1.920286436967152 1.920286436967152

1.6733200530681511 1.6733200530681511 1.299038105676658 1.299038105676658

0.7453559924999298 0.7453559924999298 0.9797958971132712 0.9797958971132712

1.019803902718557 1.019803902718557 1.0954451150103321 1.0954451150103321

1.0671873729054748 1.0671873729054748 1.1055415967851332 1.1055415967851332

1.3437096247164249 1.3437096247164249 1.3743685418725535 1.3743685418725535

1.469693845669907 1.469693845669907 1.469693845669907 1.469693845669907

1.2133516482134197 1.2133516482134197 1.2133516482134197 1.2133516482134197

1.2000000000000002 1.2000000000000002 1.3564659966250538 1.3564659966250538

0.8975274678557508 0.8975274678557508 1.16619037896906 1.16619037896906

0.9797958971132712 0.9797958971132712 0.816496580927726 0.816496580927726

0.9428090415820634 0.9428090415820634 1.118033988749895 1.118033988749895

1.0 1.0 1.5 1.5

0.8975274678557508 0.8975274678557508 1.7853571071357126 1.7853571071357126

0.4898979485566356 0.4898979485566356 1.3564659966250538 1.3564659966250538

0.6871842709362768 0.6871842709362768 1.16619037896906 1.16619037896906

1.3564659966250536 1.3564659966250536 2.244994432064365 2.244994432064365

1.3437096247164249 1.3437096247164249 2.345207879911715 2.345207879911715

1.3743685418725535 1.3743685418725535 2.2271057451320084 2.2271057451320084

1.32664991614216 1.32664991614216 1.920286436967152 1.920286436967152

1.1055415967851334 1.1055415967851334 1.1055415967851334 1.1055415967851334

0.8975274678557507 0.8975274678557507 1.1055415967851332 1.1055415967851332

1.0 1.0 1.4966629547095767 1.4966629547095767

0.9428090415820634 0.9428090415820634 1.4966629547095764 1.4966629547095764

0.74535599249993 0.74535599249993 1.5491933384829668 1.5491933384829668

0.8000000000000002 0.8000000000000002 1.469693845669907 1.469693845669907

0.8660254037844386 0.8660254037844386 0.7453559924999299 0.7453559924999299

0.8660254037844386 0.8660254037844386 0.7453559924999299 0.7453559924999299

0.8000000000000002 0.8000000000000002 0.7284313590846835 0.7284313590846835

0.8000000000000002 0.8000000000000002 0.7284313590846835 0.7284313590846835

0.4714045207910317 0.4714045207910317 0.4948716593053935 0.4948716593053935

0.3499271061118826 0.3499271061118826 0.45175395145262565 0.45175395145262565

1.1055415967851332 1.1055415967851332 1.0671873729054748 1.0671873729054748

1.1661903789690602 1.1661903789690602 1.1661903789690602 1.1661903789690602

1.1661903789690604 1.1661903789690604 1.0954451150103321 1.0954451150103321

1.299038105676658 1.299038105676658 1.5 1.5

0.8660254037844386 0.8660254037844386 1.16619037896906 1.16619037896906

1.247219128924647 1.247219128924647 1.299038105676658 1.299038105676658

0.4714045207910317 0.4714045207910317 1.0897247358851685 1.0897247358851685

1.16619037896906 1.16619037896906 0.8975274678557508 0.8975274678557508

1.2000000000000002 1.2000000000000002 1.0 1.0

0.8975274678557508 0.8975274678557508 1.4966629547095767 1.4966629547095767

1.0 1.0 1.8330302779823362 1.8330302779823362

0.8975274678557508 0.8975274678557508 1.8547236990991407 1.8547236990991407

0.7453559924999299 0.7453559924999299 1.7435595774162693 1.7435595774162693

1.118033988749895 1.118033988749895 1.7853571071357126 1.7853571071357126

1.16619037896906 1.16619037896906 1.4966629547095764 1.4966629547095764

0.7071067811865476 0.7071067811865476 1.118033988749895 1.118033988749895

0.4330127018922193 0.4330127018922193 1.632993161855452 1.632993161855452

0.7637626158259734 0.7637626158259734 2.039607805437114 2.039607805437114

0.9797958971132712 0.9797958971132712 1.920286436967152 1.920286436967152

0.9797958971132712 0.9797958971132712 1.920286436967152 1.920286436967152

1.118033988749895 1.118033988749895 1.118033988749895 1.118033988749895

1.118033988749895 1.118033988749895 1.118033988749895 1.118033988749895

1.224744871391589 1.224744871391589 1.224744871391589 1.224744871391589

1.299038105676658 1.299038105676658 1.299038105676658 1.299038105676658

