32 33165 1313 1634446

22 20299 962 1192446

18 17163 942 1172835

21 19621 614 753239

14 12134 183 213391

12 10051 16 5662

10 8231 13 4662

27 23503 24 14518

20 18127 13 10797

29 24895 21 16817

31 26643 25 18142

32 27059 26 18786

17 13750 17 9581

19 15612 19 10215

11 10036 12 4601

8 7764 8 3148

12 10734 16 5746

13 12026 16 6180

11 10164 14 5546

15 14647 14 5449

17 16443 15 5999

12 13057 6 2757

12 12435 5 2014

17 16295 18 5643

15 13707 18 6062

16 15512 18 5822

19 18454 21 6814

18 17601 21 7056

14 13943 8 3427

15 13652 13 4914

13 10529 13 4734

21 22540 11 4051

21 23004 11 4211

22 25149 13 5008

21 25077 8 3167

21 24016 10 4065

13 11838 11 4681

12 10738 11 4327

14 11370 21 10188

13 10540 23 10757

13 10157 23 10940

15 11026 30 13748

19 14159 42 18767

18 14054 35 15930

18 14196 33 15667

22 22014 29 14387

21 21919 23 11824

17 19050 12 7382

22 21550 65 57985

28 26840 74 62938

21 17657 73 62194

20 16933 73 61983

22 18700 73 62069

16 15289 17 8296

10 10070 9 3362

14 12797 17 5888

16 14784 24 10363

15 13700 26 10845

17 15303 34 19205

25 24419 38 20434

27 26012 45 23724

25 23945 46 23054

26 23570 47 23360

23 21408 40 15529

18 12707 45 16871

13 9613 35 13071

11 7948 25 8665

8 6232 20 6824

9 6738 19 6294

11 10004 15 6192

10 8778 10 4176

9 7698 9 3818

14 13558 12 5096

25 23176 18 9235

24 22190 19 8932

25 23286 20 9306

25 23286 20 9306

27 22849 23 10894

21 20428 20 7825

16 15799 12 4960

17 15839 12 4911

18 16786 13 5220

323 229302 9284 11824474

464 420901 9392 11946215

465 422651 9394 11946910

495 450037 9545 12119425

507 462856 9552 12123896

219 269507 291 311322

129 118993 1155 1393436

252 224250 2000 2398768

227 205534 1848 2225928

215 192832 1845 2222811

192 169189 1830 2213574

141 127179 858 1009723

18 21925 13 4695

15 15908 19 7074

25 25246 35 19500

38 37449 60 32289

34 30766 66 38195

36 32493 69 39245

35 30102 66 38032

437 424611 8720 10812251

524 525461 8851 10977911

545 548495 8881 11008784

555 559026 8891 11013694

563 567961 8898 11018333

159 171480 230 235664

58 57480 73 56906

35 33911 33 18728

27 26302 19 12094

21 21750 11 6933

18 19667 8 2802

88 111129 145 166497

96 117142 152 168848

98 117232 154 169321

105 123285 163 177834

100 117854 160 176635

36 32691 25 13826

36 34395 30 24154

31 29754 31 24568

48 43376 52 41693

68 51141 120 97490

66 47325 120 97215

63 45943 108 84617

94 87870 118 95290

65 62414 86 69008

47 57635 19 13780

50 61691 20 14002

48 57738 25 16956

19 15864 17 7129

23 21158 18 7471

25 22111 23 11080

33 29217 33 17510

34 30224 34 21945

34 31788 31 21153

32 28307 33 21947

28 24452 27 17785

18 15162 19 12363

15 12737 13 4893

17 16579 18 9229

17 17284 15 8093

19 19064 17 8695

20 20166 19 12438

21 22225 19 12569

15 14915 11 6967

16 14113 16 8808

21 18859 20 14470

57 55318 95 95546

56 53461 95 95448

56 54369 96 95806

56 55590 93 94938

48 48064 86 88349

12 10579 11 4213

11 9365 11 4164

11 9248 11 4131

15 11338 26 16368

17 12656 27 16742

13 9377 21 14527

14 10626 21 14930

16 11346 25 16446

12 8753 13 5748

10 7435 12 5374

16 14398 14 6552

16 14490 15 6605

14 13787 11 5089

16 14703 13 5079

23 21720 15 6132

16 13825 16 6885

20 17332 16 6819

21 18364 17 7177

16 15014 10 4675

10 8997 9 3947

195 183430 453 503286

215 204295 496 541885

213 202282 494 541202

217 206798 495 541576

224 215109 494 541251

40 42157 47 40224

16 17597 3 1606

20 21521 4 1931

22 22580 9 3723

21 19764 17 9653

21 20222 18 9833

22 21818 17 9153

21 20738 18 9478

17 17056 13 7944

14 16235 9 4580

23 23966 20 8250

20 20301 20 8250

19 19905 29 17561

23 24000 37 23792

25 24554 35 21935

18 19315 25 18874

20 21608 26 19634

18 19160 15 9673

17 17229 13 5644

13 13509 11 4935

10 9856 9 3936

13 13209 9 3534

21 21766 16 9358

18 19674 11 7191

17 18231 12 7549

19 20790 12 7532

20 20098 19 10088

13 12558 13 4606

13 13319 11 3939

15 14979 17 7931

15 15183 16 7606

17 16976 16 10597

22 23822 18 11345

26 28204 31 18460

27 28079 30 16260

29 28566 33 17476

21 21819 25 11571

17 15953 24 11148

16 15580 12 4457

14 13377 8 2727

15 14941 12 7206

17 17534 12 7206

28 27374 26 15067

29 27960 27 15277

38 37411 35 20783

40 41440 29 15430

40 39984 30 15755

30 31124 17 8235

33 32828 24 16758

28 27785 22 13713

22 19065 23 13867

24 21621 24 14037

26 23293 22 13338

23 18522 20 8636

21 18322 14 6438

22 20474 15 7047

22 22341 14 7024

28 26931 29 17831

25 26232 23 13718

31 29700 29 19490

30 28561 27 19081

33 31550 26 18609

24 24294 12 8160

26 24001 17 9655

22 21233 12 4119

26 23218 18 6424

24 19116 25 14256

24 19730 23 13589

20 17385 18 12061

16 14438 16 11918

10 10319 9 8917

8 9684 4 1833

10 11444 7 3292

11 11891 12 4448

20 18375 20 9000

31 28574 37 23701

